255712395 138.4793565916449 596.1672938515512 13.7424985 100.5107025 50
255712397 246.8488624544575 1029.952712007323 13.7464193 100.5117045 50
268267224 407.8781611366808 18.22190837868879 13.7372747 100.5131934 50
268267245 323.2050212761359 154.0619758168864 13.7385025 100.5124105 50
268267247 251.7698330302324 232.3376295979062 13.73921 100.51175 50
268267248 220.621711585474 255.6377747377564 13.7394206 100.511462 50
268267249 205.0909121419504 266.5133885423722 13.7395189 100.5113184 50
268267250 180.9835639809228 282.2902199617226 13.7396615 100.5110955 50
268267251 153.2206376809179 299.1844847422104 13.7398142 100.5108388 50
268267253 79.52504756665007 343.2733158827064 13.7402127 100.5101574 50
268267254 12.70800093765249 380.9120118776731 13.7405529 100.5095396 50
268267651 724.669697684876 942.5052537053859 13.7456289 100.5161225 50
268267652 705.9267482161491 520.6133094459198 13.7418156 100.5159492 50
268267653 698.7886370536173 392.0752817947487 13.7406538 100.5158832 50
268267654 692.3967829651044 193.8027741747476 13.7388617 100.5158241 50
268267655 697.5881365378549 171.5868713064537 13.7386609 100.5158721 50
268632437 342.6834124991678 420.0443069198022 13.7409066 100.5125906 50
268632439 371.9280376343764 456.7315250029449 13.7412382 100.512861 50
268632440 399.7774864962203 497.3242280026552 13.7416051 100.5131185 50
268632443 418.1959763638983 526.3000495222855 13.741867 100.5132888 50
268632445 402.0270730462467 555.1541703792972 13.7421278 100.5131393 50
268632446 427.6053047200123 602.9382761996492 13.7425597 100.5133758 50
268632447 468.2276464364163 602.8608303233733 13.742559 100.5137514 50
268632448 506.0055590088973 651.0764203132067 13.7429948 100.5141007 50
268632449 528.4581632165468 684.3781472223003 13.7432958 100.5143083 50
268632453 580.4257755605082 759.7329850883336 13.7439769 100.5147888 50
268632454 612.2768928018058 805.8022179287536 13.7443933 100.5150833 50
268632455 644.5498075215776 848.7736157077603 13.7447817 100.5153817 50
268632456 677.5365333589783 896.5245304381793 13.7452133 100.5156867 50
268632457 703.125580349706 929.7156203808881 13.7455133 100.5159233 50
280287477 107.9152624251968 527.4506739737078 13.7418774 100.5104199 50
280287522 464.1178248570715 518.5665255657777 13.7417971 100.5137134 50
280287523 490.7884038439567 578.6534620585696 13.7423402 100.51396 50
280287524 491.2750932420901 545.8053467121287 13.7420433 100.5139645 50
280287541 662.7628063119396 541.1254030301636 13.742001 100.5155501 50
280287636 685.9832982357877 698.130322155208 13.7434201 100.5157648 50
280287842 385.7175705681865 95.3358740117007 13.7379717 100.5129885 50
280287852 485.7052034697213 535.1952616271532 13.7419474 100.513913 50
280287853 452.8915227518708 515.9001746740216 13.741773 100.5136096 50
280287961 762.2745651378068 917.1140698994028 13.7453994 100.5164702 50
280290966 110.9002907295284 669.1987554217444 13.7431586 100.5104475 50
280291045 386.6585034011836 699.3473287864963 13.7434311 100.5129972 50
280291192 401.799951326751 837.8980019029688 13.7446834 100.5131372 50
280291194 251.3480355517585 901.5031939297176 13.7452583 100.5117461 50
280291195 191.9394830863961 917.6783184284404 13.7454045 100.5111968 50
280291196 123.4136159082028 935.4355515475388 13.745565 100.5105632 50
280291291 143.6707101685232 835.0878229547188 13.744658 100.5107505 50
280291374 660.6646342406597 713.099503719052 13.7435554 100.5155307 50
280291510 228.679124945703 589.0865279971184 13.7424345 100.5115365 50
280291511 219.0859361517007 681.5237134871799 13.74327 100.5114478 50
280291512 210.4228648764854 757.2879081291711 13.7439548 100.5113677 50
280291525 353.0661196474206 777.2025620949724 13.7441348 100.5126866 50
280291526 449.300836532553 990.2893595260899 13.7460608 100.5135764 50
280291540 549.8941273504499 973.5499864985056 13.7459095 100.5145065 50
280291583 533.1520120755779 874.4413919299693 13.7450137 100.5143517 50
280291584 501.2792641934764 795.059368484222 13.7442962 100.514057 50
280291721 460.9164901529581 732.8592659315979 13.743734 100.5136838 50
280291869 293.2141390641565 766.8801331226325 13.7440415 100.5121332 50
280292591 300.2981736308707 689.4563839834617 13.7433417 100.5121987 50
280292592 312.4978545295862 579.1734558010884 13.7423449 100.5123115 50
280293667 49.69639515313114 0 13.73711 100.5098816 50
280751206 306.5602438786889 365.5998557172092 13.7404145 100.5122566 50
280751688 310.9080024972434 874.2090543002622 13.7450116 100.5122968 50
280751896 200.6998922445403 826.3585662996923 13.7445791 100.5112778 50
280751897 173.9860519774236 821.2582021455354 13.744533 100.5110308 50
281483288 697.3069382197895 349.3472853420348 13.7402676 100.5158695 50
332068127 372.9338623897847 146.8152545126124 13.738437 100.5128703 50
332068138 396.8465347904583 156.0534412133961 13.7385205 100.5130914 50
332068139 443.9905144374458 255.3501186249448 13.739418 100.5135273 50
332068258 190.3280004160014 210.1438541233115 13.7390094 100.5111819 50
332068276 117.0974690604391 322.2965470388722 13.7400231 100.5105048 50
332068277 209.7955763193194 444.5725223873507 13.7411283 100.5113619 50
359591746 627.1046964487903 137.4332397556869 13.7383522 100.5152204 50
444945185 651.7095493249132 358.6739816162078 13.7403519 100.5154479 50
776751406 485.5429736726367 588.2235596586836 13.7424267 100.5139115 50
776751422 493.6112023512037 568.2093324232592 13.7422458 100.5139861 50
776751441 477.5396369096013 526.3553680057418 13.7418675 100.5138375 50
776751452 437.7608901473934 516.7299519225234 13.7417805 100.5134697 50
776751455 412.7234244730825 531.6548787000247 13.7419154 100.5132382 50
776751459 405.9530341849513 542.0547535486404 13.7420094 100.5131756 50
776751474 405.1743311504147 579.3836660374482 13.7423468 100.5131684 50
776751480 411.9122754752763 590.5690633478711 13.7424479 100.5132307 50
776751484 444.7584021536445 607.4633281287107 13.7426006 100.5135344 50
776751488 456.8823758129867 606.6778056667276 13.7425935 100.5136465 50
1418894207 489.3391509720226 277.6213399761673 13.7396193 100.5139466 50
1418894208 581.7344292734097 365.5777283238619 13.7404143 100.5148009 50
1418894210 344.9546296872461 236.718853470474 13.7392496 100.5126116 50
1418894213 522.9423500454996 376.1878134088375 13.7405102 100.5142573 50
1418894214 415.2650246595123 277.6324036731049 13.7396194 100.5132617 50
1418894215 528.750176855702 186.3237152411184 13.7387941 100.514311 50
1418894217 433.5321000484438 263.3602349975026 13.7394904 100.5134306 50
1418894219 553.1711692966885 300.6891474864863 13.7398278 100.5145368 50
1418894222 460.0296339171546 392.3408105143889 13.7406562 100.5136756 50
1418894223 498.1644520484502 307.913741397237 13.7398931 100.5140282 50
1418894224 443.5362709984542 313.4013349345324 13.7399427 100.5135231 50
1418894226 514.9606439246438 361.1190585750184 13.740374 100.5141835 50
1418894227 589.2943379171675 226.8279086677913 13.7391602 100.5148708 50
1418894228 273.5518874032363 215.6757024469497 13.7390594 100.5119514 50
1418894229 507.184428883856 337.5755121090512 13.7401612 100.5141116 50
1418894231 475.2792350426128 230.8219031572205 13.7391963 100.5138166 50
1418894233 453.5728879103583 358.2424974465505 13.740348 100.5136159 50
1699503386 396.457183272502 58.81461137839915 13.7376416 100.5130878 50
1761814716 0 387.3732107196121 13.7406113 100.5094221 50
1800232970 101.8803138954985 77.97693397197452 13.7378148 100.5103641 50
1805130781 402.2650100840805 569.514848627761 13.7422576 100.5131415 50
1805130782 474.9980367217956 598.8004536537262 13.7425223 100.513814 50
1805130783 494.0870764282472 560.6307002198309 13.7421773 100.5139905 50
1805130784 713.0973053419506 585.645718339965 13.7424034 100.5160155 50
1856542273 698.7994523733312 389.0991473968336 13.7406269 100.5158833 50
1856542274 669.1113991202209 591.1886303600129 13.7424535 100.5156088 50
1856542275 651.2336752492457 194.5108507602789 13.7388681 100.5154435 50
1856542276 652.86678856182 392.4293200877781 13.740657 100.5154586 50
1856547150 670.0739625967736 598.2693962147977 13.7425175 100.5156177 50
1856547152 577.094657017076 613.6368708578382 13.7426564 100.514758 50
1942389022 764.7188274440595 935.1478954349031 13.7455624 100.5164928 50
1942389024 758.9650772338024 935.7453350538738 13.7455678 100.5164396 50
2496829442 177.0900488013599 190.3509008208326 13.7388305 100.5110595 50
3265832067 388.6160763134308 85.47812029895101 13.7378826 100.5130153 50
3265832073 124.1815036230255 111.2897245776538 13.7381159 100.5105703 50
4327586531 547.0496982051511 372.0389271661528 13.7404727 100.5144802 50
4459530702 336.5727567287202 134.0256211881146 13.7383214 100.5125341 50
4459542589 210.0010673993874 239.6949878687409 13.7392765 100.5113638 50
4460234745 262.3147699796976 585.4244444070195 13.7424014 100.5118475 50
4460234747 183.784731847366 593.301796419845 13.7424726 100.5111214 50
4460234749 203.2414924309701 679.499057000737 13.7432517 100.5113013 50
4460234750 281.3064718032202 687.9627849361234 13.7433282 100.5120231 50
4460234751 343.6784219348623 694.302283115092 13.7433855 100.5125998 50
4460237297 330.6243307581091 421.5710970570736 13.7409204 100.5124791 50
4460237298 299.0868577953944 426.0518941992646 13.7409609 100.5121875 50
4460237299 372.9446777094986 573.2543780944876 13.7422914 100.5128704 50
4460238635 378.5794594015268 572.2807727894922 13.7422826 100.5129225 50
4460238636 400.4912976124734 661.7528875782242 13.7430913 100.5131251 50
4460254363 388.9621665497796 481.4588870102673 13.7414617 100.5130185 50
4460254364 348.7940682696154 491.4383413859874 13.7415519 100.5126471 50
4460261159 402.416424564203 405.6946923679241 13.7407769 100.5131429 50
4460261160 496.2609557375244 437.9343043989849 13.7410683 100.5140106 50
4460261161 494.9955633048545 441.0653305501552 13.7410966 100.5139989 50
4460261162 447.9705521760959 459.2540478383831 13.741261 100.5135641 50
4460261163 421.1377433907501 469.6649863839364 13.7413551 100.513316 50
4460261165 461.5113327496064 503.7079809684943 13.7416628 100.5136893 50
4460261166 465.1344649321938 514.3955119297457 13.7417594 100.5137228 50
4460261167 537.4781400533286 554.9218327497659 13.7421257 100.5143917 50
4460261403 514.0737876902162 393.2812247294513 13.7406647 100.5141753 50
4460261404 561.401627773716 515.0372063352349 13.7417652 100.5146129 50
4460300493 378.9363649617173 123.1942621701935 13.7382235 100.5129258 50
4460301889 651.7203646460031 237.3716115727249 13.7392555 100.515448 50
4460301890 582.7835153090497 240.137535734456 13.7392805 100.5148106 50
4579146904 134.2938277729268 126.4027341979917 13.7382525 100.5106638 50
4579146906 69.60739917435089 29.75028028537952 13.7373789 100.5100657 50
4590237261 467.5570966003946 508.0449500541915 13.741702 100.5137452 50
4590237262 516.3017435994389 490.1549525751849 13.7415403 100.5141959 50
4590342459 420.4023016336932 890.6275801252777 13.74516 100.5133092 50
4590342460 524.2077424795455 855.6884261123521 13.7448442 100.514269 50
4590342461 614.1263125114103 808.2694222810875 13.7444156 100.5151004 50
4607583640 95.9751492051189 69.15916774373454 13.7377351 100.5103095 50
4865339828 692.5914587240825 233.0235787900901 13.7392162 100.5158259 50
5253433714 390.595279862354 78.75139273719583 13.7378218 100.5130336 50
5319165900 192.8047086827718 421.9472627429226 13.7409238 100.5112048 50
5319165905 146.7422610319419 361.3071414180308 13.7403757 100.5107789 50
5319165906 193.4644432004555 422.8212947784709 13.7409317 100.5112109 50
5423114374 500.7601288348254 316.2004501860206 13.739968 100.5140522 50
5423114382 483.1527879622017 257.0428642118814 13.7394333 100.5138894 50
5497947858 74.09575695193801 1042.587453578918 13.7465335 100.5101072 50
5497947859 224.3529969665764 982.6664725359669 13.7459919 100.5114965 50
5917499157 461.1544271921678 878.2251761833907 13.7450479 100.513686 50
5917499161 563.2834934438381 840.9847732679723 13.7447113 100.5146303 50
5917499162 551.1811504252996 846.1847106924561 13.7447583 100.5145184 50
5917499163 537.9323834909442 778.2425495796581 13.7441442 100.5143959 50
5917499164 412.5936406323878 832.7865740518743 13.7446372 100.513237 50
5933153095 500.5546377547574 982.0911603101679 13.7459867 100.5140503 50
5933153128 388.1726481927772 1001.076463757316 13.7461583 100.5130112 50
5935986379 172.06092502707 475.3627901574157 13.7414066 100.511013 50
5935986392 376.8598235284893 1003.21175721032 13.7461776 100.5129066 50
5935986400 133.1690344992896 1019.453263888909 13.7463244 100.5106534 50
5935986408 655.5706185467103 955.5382883563526 13.7457467 100.5154836 50
5935986413 638.7744266705167 959.0012254068533 13.745778 100.5153283 50
5935986415 580.86920367841 830.5295799357242 13.7446168 100.5147929 50
5935986416 517.8267037107464 668.6123794995356 13.7431533 100.51421 50
5935986423 532.0704800807963 689.5227661635038 13.7433423 100.5143417 50
5935986424 547.7851399622081 478.0402047461095 13.7414308 100.514487 50
5935986426 538.1054286104945 523.9656095298598 13.7418459 100.5143975 50
5935986427 592.0630598217172 504.9471149927782 13.741674 100.5148964 50
5935986434 497.3965643308756 435.7105013727678 13.7410482 100.5140211 50
5935986438 187.4078640299534 593.0141403072095 13.74247 100.5111549 50
5935986440 139.2039830303639 502.181190831047 13.741649 100.5107092 50
5935986441 195.0002186342288 456.6430154297315 13.7412374 100.5112251 50
5941680953 488.6037092149656 869.8499578210418 13.7449722 100.5139398 50
5941754862 320.9986960090929 317.1408644010831 13.7399765 100.5123901 50
5941754864 651.4499816476516 300.8551029361514 13.7398293 100.5154455 50
5941754870 651.4175356885099 328.0607329922175 13.7400752 100.5154452 50
5941754871 382.6135737414983 360.2339628432362 13.740366 100.5129598 50
5941754872 380.9804604302998 363.519880747662 13.7403957 100.5129447 50
5941754873 381.9213932660488 365.3564543909164 13.7404123 100.5129534 50
5941754874 384.3548402539636 368.8525825318779 13.7404439 100.5129759 50
5941754875 410.2575315260261 404.090456354025 13.7407624 100.5132154 50
5941754876 333.1443003064869 276.3490148617745 13.7396078 100.5125024 50
5941754880 382.8623261004219 303.8533647277657 13.7398564 100.5129621 50
5941754881 349.3780955465498 330.9483578172711 13.7401013 100.5126525 50
5941754884 322.3181650403324 312.7043220454109 13.7399364 100.5124023 50
5941755286 360.8855959684399 185.5271290823738 13.7387869 100.5127589 50
5941755288 175.4244895310198 285.7531570122233 13.7396928 100.5110441 50
5941755294 601.2236358175314 200.319291500143 13.7389206 100.5149811 50
5990513242 463.0146622214861 812.4736270072284 13.7444536 100.5137032 50
6102277109 381.0020910697277 362.0926638800138 13.7403828 100.5129449 50
6367113354 615.3268130271728 169.8830620229315 13.7386455 100.5151115 50
6652606336 187.1158503921741 278.2740980785941 13.7396252 100.5111522 50
6665479900 404.828240911314 392.949313829945 13.7406617 100.5131652 50
6911540939 387.0154089613741 90.91039535296613 13.7379317 100.5130005 50
7057868332 354.6235257219976 417.2230642746148 13.7408811 100.512701 50
7701880843 651.0606301296954 151.9156186672971 13.7384831 100.5154419 50
7933773667 420.0562113959685 598.3579057878351 13.7425183 100.513306 50
7933845977 493.9789232283562 983.142211491967 13.7459962 100.5139895 50
7933861740 570.7352488877049 836.725250058551 13.7446728 100.5146992 50
7933861742 509.0554792342642 980.6196886561768 13.7459734 100.5141289 50
7933861743 470.3690797851758 744.6199754679957 13.7438403 100.5137712 50
7933861744 483.3474637225558 764.0146356912783 13.7440156 100.5138912 50
7933861745 527.5821223004572 854.6484386274906 13.7448348 100.5143002 50
7933861746 529.5721411718462 860.301987614451 13.7448859 100.5143186 50
7933861747 471.493873061565 907.0018511634228 13.745308 100.5137816 50
7933861748 497.3424877323061 897.9849383959365 13.7452265 100.5140206 50
7933861749 508.655312395218 893.3713768938376 13.7451848 100.5141252 50
7933861750 516.0529912391393 890.4837520686081 13.7451587 100.5141936 50
7933861751 522.5854444866849 887.8948470533038 13.7451353 100.514254 50
7933861752 534.7418641065447 882.8276739887281 13.7450895 100.5143664 50
7933861753 475.0088520428855 917.2910890458296 13.745401 100.5138141 50
7933861769 373.6693041440898 1003.864515312571 13.7461835 100.5128771 50
7933861770 309.361411745132 874.9281945822032 13.7450181 100.5122825 50
7933861771 296.2640592895233 867.5044541318543 13.744951 100.5121614 50
7933939811 250.764008277576 785.7769269967436 13.7442123 100.5117407 50
7933939813 228.6683096246132 759.3568194024847 13.7439735 100.5115364 50
7933939814 228.5817870669019 766.5371585267166 13.7440384 100.5115356 50
7933939815 229.7390263010569 772.3013444800619 13.7440905 100.5115463 50
7933939816 231.188279174367 776.3395937565376 13.744127 100.5115597 50
7933939817 337.6542887248778 812.6727735468266 13.7444554 100.5125441 50
7933939818 332.7225028293889 811.2898114658731 13.7444429 100.5124985 50
7933939819 330.613515439771 811.2123655894213 13.7444422 100.512479 50
7933939820 324.9571031083151 812.0753339278561 13.74445 100.5124267 50
7933939821 311.8273046908127 815.5382709785329 13.7444813 100.5123053 50
7933939822 289.2016553636128 822.5969094396183 13.7445451 100.5120961 50
7933939823 264.4021267285117 830.5959621157663 13.7446174 100.5118668 50
7933939824 253.3813157047549 835.286969494493 13.7446598 100.5117649 50
7933939825 237.0069213029075 844.1711179022471 13.7447401 100.5116135 50
7933939826 215.808894208214 889.764611786667 13.7451522 100.5114175 50
7933939827 219.583440869548 857.0492607999583 13.7448565 100.5114524 50
7933939828 220.4594817856376 852.9446293437923 13.7448194 100.5114605 50
7933939829 222.0493338193563 850.3446606315504 13.7447959 100.5114752 50
7933939830 224.0069067274757 848.3974500215594 13.7447783 100.5114933 50
7933939831 226.3970924365348 845.8749271861211 13.7447555 100.5115154 50
7933939832 230.4420220975961 841.5822128867668 13.7447167 100.5115528 50
7933939833 493.2867427529068 667.2957995986241 13.7431414 100.5139831 50
7933939834 467.9356327972611 679.742458326678 13.7432539 100.5137487 50
7933939835 473.9813966494252 696.9243792205052 13.7434092 100.5138046 50
7933939836 467.5354659595909 678.6139612689549 13.7432437 100.513745 50
7933939837 464.6369602143466 669.110245848707 13.7431578 100.5137182 50
7933939838 463.6203201392243 663.4898879516795 13.743107 100.5137088 50
7933939839 464.2692393371941 662.2618176238054 13.7430959 100.5137148 50
7933939840 465.3615866503137 660.8235370597474 13.7430829 100.5137249 50
7933939841 471.7426254204886 658.0797402913637 13.7430581 100.5137839 50
7933939842 479.2160115010313 655.4908352755315 13.7430347 100.513853 50
7933939843 488.2792496180446 653.1121404964111 13.7430132 100.5139368 50
7933939844 490.3774216865726 652.536828270612 13.743008 100.5139562 50
7933939845 494.1195223887648 650.7002546270057 13.7429914 100.5139908 50
7933939846 502.3283502291164 645.8543554957274 13.7429476 100.5140667 50
7933939847 485.2293293926778 653.6874527220343 13.7430184 100.5139086 50
7933939848 500.0246870791444 678.6914071452308 13.7432444 100.5140454 50
7933939849 500.0246870791444 680.4173438222763 13.74326 100.5140454 50
7933939850 499.2351687207661 681.9330702631379 13.7432737 100.5140381 50
7933939851 497.7102086122105 682.7960386015726 13.7432815 100.514024 50
7933939852 491.9023817978801 685.0309053245512 13.7433017 100.5139703 50
7933939853 486.1053703087674 687.9185301494288 13.7433278 100.5139167 50
7933939854 482.4822381261801 689.9321229392858 13.743346 100.5138832 50
7933939855 477.7667586290971 693.4614421698286 13.7433779 100.5138396 50
7933939856 473.1269863713875 697.720965378898 13.7434164 100.5137967 50
7933939857 467.7517723593728 702.1796351279175 13.7434567 100.513747 50
7933939858 461.879053626759 706.7931966301924 13.7434984 100.5136927 50
7933939859 459.564575159825 707.1582986194558 13.7435017 100.5136713 50
7933939860 456.4389476950849 706.505540517205 13.7434958 100.5136424 50
7933939861 444.9855238717643 701.681768778922 13.7434522 100.5135365 50
7933939862 443.244257360675 701.9694248919096 13.7434548 100.5135204 50
7933939863 442.30332452355 703.1974952196077 13.7434659 100.5135117 50
7933939864 435.3490738002824 720.5564352596858 13.7436228 100.5134474 50
7933939865 516.0529912391393 724.8159584687552 13.7436613 100.5141936 50
7933939866 526.5005903084274 751.3356393329893 13.743901 100.5142902 50
7933939867 527.9498431803618 752.984130133583 13.7439159 100.5143036 50
7933939868 530.1994297303881 754.3560285177749 13.7439283 100.5143244 50
7933939869 531.7892817627309 755.6504810255151 13.74394 100.5143391 50
7933939870 532.9573363152238 757.6751375117818 13.7439583 100.5143499 50
7933939871 540.0089249214204 777.3353264547045 13.744136 100.5144151 50
7933939872 353.8123767241915 775.4766254179269 13.7441192 100.5126935 50
7933939873 362.7782769610277 782.8229199916481 13.7441856 100.5127764 50
7933939874 621.4266534765304 758.7483160869283 13.743968 100.5151679 50
7933939875 636.1571192433378 789.6713482167256 13.7442475 100.5153041 50
7933939876 638.8393185888002 793.1232215706407 13.7442787 100.5153289 50
7933939877 641.4458106962653 794.1410816621549 13.7442879 100.515353 50
7933939878 649.0597959399685 794.8602219442719 13.7442944 100.5154234 50
7933939879 664.3634736639963 792.7691832779631 13.7442755 100.5155649 50
7933939880 673.4267117782576 791.2534568372773 13.7442618 100.5156487 50
7933939881 681.8410306973012 789.5275201602318 13.7442462 100.5157265 50
7933939882 700.1621826861782 785.7658632999819 13.7442122 100.5158959 50
7933949087 634.7835736107769 835.7627084501412 13.7446641 100.5152914 50
7933963761 267.3438937539876 763.8708076346086 13.7440143 100.511894 50
7933963762 262.5202610583897 766.6809865830344 13.7440397 100.5118494 50
7933963763 252.9487029051911 771.0068919723217 13.7440788 100.5117609 50
7933963764 256.2798214486233 781.8161235968954 13.7441765 100.5117917 50
7933963765 319.9496099734529 790.3130426222149 13.7442533 100.5123804 50
7933963766 300.6658945080232 787.8679656632283 13.7442312 100.5122021 50
7933963767 305.1758829236622 769.0043628792262 13.7440607 100.5122438 50
7935950284 603.5164836464136 363.1215876681138 13.7403921 100.5150023 50
7936017299 277.456217903889 668.4574877466321 13.7431519 100.5119875 50
7936017300 265.9270868398192 606.0471749580001 13.7425878 100.5118809 50
7936017301 246.6650020165692 607.7509842415222 13.7426032 100.5117028 50
7936017302 239.8189044904406 661.6865053981822 13.7430907 100.5116395 50
7936017303 239.9595036494732 663.7000981880393 13.7431089 100.5116408 50
7936017304 240.9761437245955 664.5630665264741 13.7431167 100.5116502 50
7936017305 244.3180775877416 665.4260348650848 13.7431245 100.5116811 50
7936017306 270.4262599371202 667.948557700699 13.7431473 100.5119225 50
7936017307 283.4046438731242 668.5349336229078 13.7431526 100.5120425 50
7936017308 284.6375903480284 667.2294174185821 13.7431408 100.5120539 50
7936017309 285.7948295821833 664.2754104136625 13.7431141 100.5120646 50
7936017310 287.9038169704252 630.3319890992556 13.7428073 100.5120841 50
7936017311 289.4179617647707 606.1246208342759 13.7425885 100.5120981 50
7936017312 288.3364297686131 604.6088943935903 13.7425748 100.5120881 50
7936017313 286.3031496183685 603.6684801785277 13.7425663 100.5120693 50
7936017314 226.5268762758536 609.8198955144838 13.7426219 100.5115166 50
7936017315 346.2092068015781 742.5400004982727 13.7438215 100.5126232 50
7936017316 348.2424869531986 741.3893760468503 13.7438111 100.512642 50
7936017317 350.7732718199145 738.357923165479 13.7437837 100.5126654 50
7936017318 352.2225246918485 734.7511580583085 13.7437511 100.5126788 50
7936017319 352.2982319325979 730.0712143765195 13.7437088 100.5126795 50
7936017320 345.906377844085 694.9329138238195 13.7433912 100.5126204 50
7936017321 259.351372313418 741.1349110239717 13.7438088 100.5118201 50
7936017322 254.6358928149591 719.9811230340626 13.7436176 100.5117765 50
7936017323 268.5335789472843 715.9428737577628 13.7435811 100.511905 50
7936017324 234.7032581543115 725.7563726838177 13.7436698 100.5115922 50
7936017325 235.3954386325128 738.357923165479 13.7437837 100.5115986 50
7936017326 234.1624921576087 737.5613370067343 13.7437765 100.5115872 50
7936017327 233.7947712804561 734.463501945673 13.7437485 100.5115838 50
7936017328 234.8871185935757 723.9419264335588 13.7436534 100.5115939 50
7936017329 237.2773043040108 706.0076741682094 13.7434913 100.511616 50
7936017330 238.1533452187245 702.2570810047212 13.7434574 100.5116241 50
7936017331 239.1699852938468 701.1064565531229 13.743447 100.5116335 50
7936017332 241.4087565214074 700.8188004404873 13.7434444 100.5116542 50
7936017333 279.4137908133843 705.3549160661345 13.7434854 100.5120056 50
7936017334 281.5876701226615 705.6425721787701 13.743488 100.5120257 50
7936017335 282.7557246765303 706.8706425064684 13.7434991 100.5120365 50
7936017336 282.7557246765303 709.2493372859407 13.7435206 100.5120365 50
7936017337 279.5652052921309 742.8940387909502 13.7438247 100.512007 50
7936017338 278.6134571380439 743.9782810623306 13.7438345 100.5119982 50
7936017339 277.0993123450744 744.0557269389583 13.7438352 100.5119842 50
7936017340 256.4961278484052 740.6702357649093 13.7438046 100.5117937 50
7936017341 252.8297343855863 762.178062047672 13.743999 100.5117598 50
7936041386 593.0688845771255 486.2052128720984 13.7415046 100.5149057 50
7936041387 624.5522809398947 475.9712934729719 13.7414121 100.5151968 50
7936041388 634.4158527322484 473.7364267499933 13.7413919 100.515288 50
7936041389 641.8784234958291 472.8734584115586 13.7413841 100.515357 50
7936041390 657.0198714200204 471.8777257133917 13.7413751 100.515497 50
7936041391 601.7752171339482 605.9807927777821 13.7425872 100.5149862 50
7936041392 589.1537387581348 609.0011819625678 13.7426145 100.5148695 50
7936057905 189.0085313820101 461.5331693480563 13.7412816 100.5111697 50
7936057906 295.2257885735973 427.1914549541011 13.7409712 100.5121518 50
7936057907 290.1534035204517 428.120805472226 13.7409796 100.5121049 50
7936057908 288.4770289276457 429.9241880260751 13.7409959 100.5120894 50
7936057909 287.2440824554935 433.3871250765759 13.7410272 100.512078 50
7936057910 287.0277760543356 439.7930054355865 13.7410851 100.512076 50
7936057911 287.7524024916786 443.3333883627149 13.7411171 100.5120827 50
7936057912 289.2016553636128 446.4976056039943 13.7411457 100.5120961 50
7936057913 291.3106427546066 450.1043707111647 13.7411783 100.5121156 50
7936057914 292.6841883871675 454.2090021671547 13.7412154 100.5121283 50
7936057915 293.3439229048512 458.2472514436305 13.7412519 100.5121344 50
7936057916 299.0652271559665 498.9616551064873 13.7416199 100.5121873 50
7936057917 300.8064936684319 500.477381547173 13.7416336 100.5122034 50
7936057918 304.5053330903925 500.6875917835328 13.7416355 100.5122376 50
7936057919 369.2674689269658 673.4250875412328 13.7431968 100.5128364 50
7936057920 337.5461355263628 671.6659597742542 13.7431809 100.5125431 50
7936057921 382.3215601023431 659.3078106190618 13.7430692 100.5129571 50
7936057922 393.5586775272577 630.1770973460002 13.7428059 100.513061 50
7936057923 386.6801340419874 604.3876204606447 13.7425728 100.5129974 50
7936057924 383.4896146575879 591.8524521592014 13.7424595 100.5129679 50
7936057925 391.7525190965089 621.978898130254 13.7427318 100.5130443 50
7936163903 699.4700022093529 407.7082851577812 13.7407951 100.5158895 50
7936163904 702.4333998728806 475.5398093036666 13.7414082 100.5159169 50
7936163905 720.9600429418256 641.0416474538542 13.7429041 100.5160882 50
7936163912 724.0207784869062 664.4524295600893 13.7431157 100.5161165 50
7936327981 494.2276755872799 781.3846394275902 13.7441726 100.5139918 50
7936327982 326.9363066572383 811.5774675786847 13.7444455 100.512445 50
7936327983 405.1527005096109 821.5016034714763 13.7445352 100.5131682 50
7936327984 409.2625220889556 827.0666428852235 13.7445855 100.5132062 50
7936345585 407.0886427810544 823.670088014413 13.7445548 100.5131861 50
7936345586 400.4588516519558 817.2642076554024 13.7444969 100.5131248 50
7936345587 387.6210668763604 805.3817974562099 13.7443895 100.5130061 50
8091165749 214.5110558150264 831.5363763308287 13.7446259 100.5114055 50
8091165750 188.8354862638357 822.0215972139952 13.7445399 100.5111681 50
8091165751 180.5617665038248 820.5833166499372 13.7445269 100.5110916 50
8130282591 692.9916255617527 184.5313963842069 13.7387779 100.5158296 50
8130282592 694.6571848320929 177.6719044627196 13.7387159 100.515845 50
8130282596 753.0599125434228 856.2748020347369 13.7448495 100.516385 50
8609953093 624.2602673034914 507.2483638954468 13.7416948 100.5151941 50
8609971273 602.2078299321361 513.3444607482984 13.7417499 100.5149902 50
8609971274 600.8342842995752 512.7248937361566 13.7417443 100.5149775 50
8609971275 594.2369391309943 505.0134971726442 13.7416746 100.5149165 50
8609971276 641.9541307338263 502.0594901679006 13.7416479 100.5153577 50
8609971277 604.0248036839747 513.2338237817377 13.7417489 100.515007 50
8609971278 599.6770450654203 511.4304412284164 13.7417326 100.5149668 50
8609971279 596.1188048024923 505.9539113877067 13.7416831 100.5149339 50
8903761742 428.0919941153937 520.0269335233589 13.7418103 100.5133803 50
8903761746 435.9006551166991 606.0139838678911 13.7425875 100.5134525 50
8903761747 493.3840806317079 553.5831254553311 13.7421136 100.513984 50
