268632443 776751455
776751455 776751459
776751459 268632445
268632445 1805130781
1805130781 776751474
776751474 776751480
776751480 7933773667
7933773667 268632446
268632446 8903761746
8903761746 776751484
776751484 776751488
776751488 268632447
268632447 1805130782
1805130782 7933939846
7933939846 268632448
268632448 5935986416
5935986416 268632449
268632449 5935986423
5935986423 268632453
268632453 268632454
268632454 4590342461
4590342461 7933949087
7933949087 268632455
268632455 268632456
268632456 268632457
268632457 268267651
255712397 280751688
280751688 7933939817
7933939817 280291525
255712395 4460234747
1805130783 4460261167
4460261167 280287541
268267651 7933939882
7933939882 280287636
280287636 1856547150
1856547150 1856542274
1856542274 280287541
280287541 7936041390
7936041390 1856542276
1856542276 444945185
444945185 5941754870
5941754870 5941754864
5941754864 4460301889
280287636 280291374
280291374 268632453
280291511 7936017314
7936017314 280291510
7933861745 7933861746
7933861746 280291583
280291583 7933861752
7933861752 280291540
268632449 280291721
280292591 280291869
4460254363 268632440
268632440 268632443
7933861770 7933861771
7933861771 7933939825
7933939825 7933939832
7933939832 8091165749
8091165749 280751896
332068139 332068138
332068138 332068127
280287522 4460261166
4460261166 4590237261
4590237261 4460261161
4460261161 4460261160
268267653 7936163903
7936163903 7936163904
7936163904 268267652
268267652 1805130784
1805130784 7936163905
7936163905 7936163912
7936163912 8130282596
8130282596 280287961
280287961 1942389022
1942389022 1942389024
1418894214 1418894224
1418894224 1418894233
1418894233 1418894222
1418894217 1418894210
1418894210 1418894228
268632437 7057868332
7057868332 4460261159
4460261159 5941754875
5941754875 1418894222
1418894222 1418894213
1418894213 1418894226
1418894226 1418894229
1418894229 5423114374
5423114374 1418894223
280751206 5941754862
5941754862 5941754884
5941754884 5941754876
5941754876 1418894210
1418894210 5941755286
5941755286 332068127
332068127 4460300493
4460300493 280287842
280287842 6911540939
6911540939 3265832067
3265832067 5253433714
5253433714 1699503386
1699503386 268267224
1856547150 7936041391
7936041391 7936041392
7936041392 1856547152
1856547152 268632448
268267651 5935986408
5935986408 5935986413
5935986413 280291540
280291540 7933861742
7933861742 5933153095
5933153095 7933845977
7933845977 280291526
280291526 5933153128
5933153128 5935986392
5935986392 7933861769
7933861769 255712397
280293667 4579146906
4579146906 4607583640
4607583640 1800232970
1800232970 3265832073
3265832073 4579146904
4579146904 2496829442
2496829442 332068258
332068258 4459542589
4459542589 268267248
332068277 5319165906
5319165906 5319165900
5319165900 5319165905
5319165905 332068276
1418894213 4327586531
4327586531 1418894208
1418894208 7935950284
7935950284 444945185
4460234751 7936057920
7936057920 280292592
4460234745 7936017300
7936017300 7936017299
7936017299 4460234750
4460237299 4460254364
4460254364 4460237297
4460237298 4460237297
4460237297 268632437
4460238635 7936057924
7936057924 7936057923
7936057923 7936057925
7936057925 7936057922
7936057922 4460238636
4460237298 7936057906
7936057906 7936057907
7936057907 7936057908
7936057908 7936057909
7936057909 7936057910
7936057910 7936057911
7936057911 7936057912
7936057912 7936057913
7936057913 7936057914
7936057914 7936057915
7936057915 7936057916
7936057916 7936057917
7936057917 7936057918
7936057918 4460254364
4460254364 4460254363
4460254363 4460261163
4460261163 4460261162
4460261162 4460261161
4460261163 4460261159
4590237262 4460261167
4460261166 4460261165
4460261165 4460261162
5935986424 4460261404
4460261404 5935986427
5935986427 8609971275
8609971275 8609971279
8609971279 8609971278
8609971278 8609971274
8609971274 8609971273
8609971273 8609971277
8609971277 8609953093
8609953093 8609971276
1418894215 1418894231
1418894231 332068139
332068139 1418894217
1418894217 1418894214
1418894223 1418894207
1418894207 5423114382
5423114382 1418894231
4459530702 268267245
268267245 1418894228
1418894228 268267247
268267247 268267248
280287477 5935986440
5935986440 5935986379
5935986379 7936057905
7936057905 5935986441
5935986441 332068277
332068277 280751206
280291195 5497947859
5497947859 255712397
280751896 280291512
280291512 280291511
280291511 4460234749
4460234747 5935986438
280291045 4460238636
280292592 280292591
280292591 4460234750
4460234749 280290966
4460238636 268632446
4460234750 280291511
4460238635 1805130781
4460237299 4460238635
280292592 4460237299
4460234745 280292592
4590237261 4590237262
4460261160 5935986434
5935986434 4460261403
4460261403 1418894213
1418894213 1418894219
1418894214 5941754880
5941754880 5941754881
1418894219 4460301890
4460301890 1418894227
1418894227 5941755294
5941755294 6367113354
6367113354 359591746
4460301889 1856542275
1856542275 7701880843
280291525 7933939872
7933939872 280291045
280751896 8091165750
8091165750 8091165751
8091165751 280751897
280291291 280291195
280291721 7933939864
7933939864 280291045
280291195 280291194
280291194 7933861770
7933861770 280751688
280751688 280291192
280291192 5917499164
5917499164 5990513242
5990513242 280291584
280291584 5917499163
5917499163 7933939871
7933939871 268632453
280291526 4590342459
4590342459 280291192
4590342461 5935986415
5935986415 7933861740
7933861740 5917499161
5917499161 5917499162
5917499162 7933861745
7933861745 4590342460
280291721 7933861743
7933861743 7933861744
7933861744 7936327981
7936327981 280291584
5497947858 5935986400
5935986400 5497947859
5917499164 7936327984
7936327984 7936345585
7936345585 7936327983
7936327983 7936345586
7936345586 7936345587
7936345587 7933939873
7933939873 7933939872
4590237262 5935986424
4460261404 5935986426
5941754872 5941754873
5941754873 5941754874
5941754874 6665479900
6665479900 5941754875
1805130782 776751406
776751406 280287523
280287523 776751422
776751422 1805130783
1805130783 8903761747
8903761747 280287524
280287524 280287852
280287852 776751441
776751441 280287522
280287522 280287853
280287853 776751452
776751452 8903761742
8903761742 268632443
268267655 8130282592
8130282592 8130282591
8130282591 268267654
268267654 4865339828
4865339828 281483288
281483288 1856542273
1856542273 268267653
280291195 280291196
280291045 7936017320
7936017320 4460234751
4460234751 280292591
280291525 7933963767
7933963767 280291869
280291869 7933963761
7933963761 7936017341
7936017341 7933939813
7933939813 280291512
4590342460 5941680953
5941680953 5917499157
5917499157 4590342459
5941754872 6102277109
6102277109 5941754871
5941754871 1418894224
5935986438 280291510
280291510 4460234745
268267248 280751206
268267248 268267249
268267249 6652606336
6652606336 268267250
268267250 5941755288
5941755288 268267251
268267251 332068276
332068276 268267253
268267253 268267254
268267254 1761814716
5941754881 280751206
280291584 4590342460
7933861752 7933861751
7933861751 7933861750
7933861750 7933861749
7933861749 7933861748
7933861748 7933861747
5917499157 7933861747
7933861747 7933861753
7933939823 7933939811
7933939824 7933939816
7933939816 7933939815
7933939815 7933939814
7933939814 7933939813
7933939825 7933939824
7933939824 7933939823
7933939823 7933939822
7933939822 7933939821
7933939821 7933939820
7933939820 7936327982
7936327982 7933939819
7933939819 7933939818
7933939818 7933939817
7933939832 7933939831
7933939831 7933939830
7933939830 7933939829
7933939829 7933939828
7933939828 7933939827
7933939827 7933939826
7933939834 7933939833
7933939847 7933939842
7933939842 7933939841
7933939841 7933939840
7933939840 7933939839
7933939839 7933939838
7933939838 7933939837
7933939837 7933939836
7933939836 7933939834
7933939834 7933939835
7933939846 7933939845
7933939845 7933939844
7933939844 7933939843
7933939843 7933939847
7933939864 7933939863
7933939863 7933939862
7933939862 7933939861
7933939861 7933939860
7933939860 7933939859
7933939859 7933939858
7933939858 7933939857
7933939857 7933939856
7933939856 7933939835
7933939835 7933939855
7933939855 7933939854
7933939854 7933939853
7933939853 7933939852
7933939852 7933939851
7933939851 7933939850
7933939850 7933939849
7933939849 7933939848
7933939848 7933939833
7933939833 7933939847
7933939871 7933939870
7933939870 7933939869
7933939869 7933939868
7933939868 7933939867
7933939867 7933939866
7933939866 7933939865
7933939876 4590342461
7933939882 7933939881
7933939881 7933939880
7933939880 7933939879
7933939879 7933939878
7933939878 7933939877
7933939877 7933939876
7933939876 7933939875
7933939875 7933939874
7933939816 7933963763
7933963763 7933963762
7933963762 7933963761
7933963766 7933963764
7933963767 7933963766
7933963766 7933963765
7936017314 7936017301
7936017301 7936017300
7936017300 7936017313
7936017313 7936017312
7936017312 7936017311
7936017311 7936017310
7936017310 7936017309
7936017309 7936017308
7936017308 7936017307
7936017307 7936017299
7936017299 7936017306
7936017306 7936017305
7936017305 7936017304
7936017304 7936017303
7936017303 7936017302
7936017302 7936017301
7936017320 7936017319
7936017319 7936017318
7936017318 7936017317
7936017317 7936017316
7936017316 7936017315
7936017322 7936017321
7936017324 7936017322
7936017322 7936017323
7936017341 7936017340
7936017340 7936017321
7936017321 7936017339
7936017339 7936017338
7936017338 7936017337
7936017337 7936017336
7936017336 7936017335
7936017335 7936017334
7936017334 7936017333
7936017333 7936017332
7936017332 7936017331
7936017331 7936017330
7936017330 7936017329
7936017329 7936017328
7936017328 7936017324
7936017324 7936017327
7936017327 7936017326
7936017326 7936017325
7936017325 7936017340
7936041390 7936041389
7936041389 7936041388
7936041388 7936041387
7936041387 7936041386
7936057920 7936057919
7936057922 7936057921
268632437 268632439
268632439 4460254363
280751206 268632437
