344889214 344889215
344889214 2246309801
344889214 2246309833
344889214 5367829508
344889215 344889216
344889215 5389163554
344890606 5458429243
344890606 5490831653
344890606 5490831668
344890612 4161002536
344890612 5490831642
344890612 5490831670
344890613 2246309973
344890613 4161002916
344890613 5496237560
344890722 2246309915
344890722 2246309946
344890722 5518394918
344890758 344890759
344890758 5458429245
344890758 5458429246
344891110 344891112
344891110 4161002574
344891112 344891113
344891112 344891177
344891112 5458429009
344891113 5458428981
344891115 5458428981
344891115 5458429231
344891116 344891866
344891116 344891872
344891177 5501280540
344891178 5501280538
344891178 5501280540
344891180 5501280538
344891180 5501280539
344891182 2246309843
344891182 3172263022
344891182 5458429280
344891183 344891185
344891183 3172263022
344891185 2246309876
344891186 344891187
344891186 5458429275
344891187 344891190
344891190 344891191
344891191 2246309849
344891592 4161002526
344891592 5490831675
344891592 5490831678
344891595 344892364
344891595 5522073609
344891595 5522073611
344891597 344892365
344891597 5522073607
344891597 5522073609
344891598 344892366
344891598 5522073607
344891610 344891611
344891610 344891861
344891611 2246309632
344891611 4161002519
344891861 4161002501
344891866 5458429231
344891872 5458429228
344891874 5458429226
344891874 5458429228
344891875 344891897
344891897 2246309584
344891897 5458429226
344891897 5490831636
344892347 344892348
344892347 344892365
344892347 4161002498
344892348 344892349
344892348 344892364
344892349 344892350
344892349 4161002501
344892350 4161002520
344892350 4161002522
344892350 5522073612
344892364 5522073612
344892364 5522073613
344892365 5522073613
344892365 5522073614
344892366 5522073614
478490208 2246309630
478490208 2246465117
478490208 2246465156
2246309584 2246309589
2246309589 2246309593
2246309630 4160878485
2246309630 5834344979
2246309632 4160878478
2246309632 4160878485
2246309632 5418119801
2246309698 2246309708
2246309698 4160878485
2246309698 5763641225
2246309708 5418119801
2246309769 2246309772
2246309770 4161002527
2246309770 5418119801
2246309772 2246309801
2246309784 2246309821
2246309784 5430832712
2246309814 2246309815
2246309815 2246309819
2246309815 4965763752
2246309819 2246309821
2246309821 4161002534
2246309830 4161002534
2246309830 5458747507
2246309833 2246309837
2246309833 2246309889
2246309833 5388869175
2246309837 2246309896
2246309843 5501280539
2246309849 5458429276
2246309852 2246309873
2246309852 5490831642
2246309852 5496237552
2246309864 2246309882
2246309864 4135892307
2246309864 5490880916
2246309873 2246309887
2246309873 5496237553
2246309876 5458429272
2246309878 2246309879
2246309878 2246309880
2246309878 5763641225
2246309879 2246309899
2246309879 5834344979
2246309880 2246309901
2246309880 5496237563
2246309882 2246309891
2246309887 2246309901
2246309887 5496237554
2246309889 2246309896
2246309889 2246309989
2246309890 5490831641
2246309890 5490831643
2246309890 5490831670
2246309891 2246309900
2246309896 4135892313
2246309899 2246309946
2246309900 2246309904
2246309901 2246309925
2246309901 5496237555
2246309903 2246309905
2246309903 5430779488
2246309904 2246309905
2246309913 2246309928
2246309913 5490831641
2246309913 5496237552
2246309915 5430779488
2246309925 2246309933
2246309925 5496237556
2246309927 4135892313
2246309927 4135892316
2246309928 2246309934
2246309928 5496237553
2246309933 2246309954
2246309933 5496237557
2246309934 2246309960
2246309934 5496237554
2246309946 4161002916
2246309954 2246309973
2246309954 5496237558
2246309960 2246309983
2246309960 5496237555
2246309973 5496237559
2246309978 2246309980
2246309978 4135892316
2246309980 2246309989
2246309983 2246309993
2246309983 5496237556
2246309993 2246310002
2246309993 5496237557
2246310002 5496237558
2246465137 2246465147
2246465137 4135892266
2246465156 4135892266
2246465199 4135892291
2246465230 3738650786
2246465230 4135892314
2246465230 4135892315
2246465242 2246465262
2246465242 4135892315
2246465242 5518394917
2246465246 2246465262
2246465246 4135892315
3738650786 4135892312
3738650786 5518394918
3803044746 5388869174
3803044746 5388869180
4135892266 4135892268
4135892268 4135892269
4135892269 4135892305
4135892276 4161002528
4135892276 4161002536
4135892290 4135892292
4135892290 5490880912
4135892291 4135892293
4135892291 5490880913
4135892292 4135892296
4135892293 4135892294
4135892294 4135892299
4135892296 5490880911
4135892299 4135892303
4135892300 4135892304
4135892300 5490880909
4135892303 5490880914
4135892304 4135892307
4135892305 4135892312
4160788556 5389163554
4161002498 4161002501
4161002519 4161002522
4161002520 5490831675
4161002520 5522073611
4161002522 5490831678
4161002526 4161002528
4161002526 5490831674
4161002527 5496237563
4161002574 5458428982
4965763752 5490831674
5367829506 5367829507
5367829507 5367829508
5367829508 5388869183
5367829508 5541880409
5388869174 5388869175
5388869175 5388869183
5430882515 5458429003
5430882515 5458429248
5430882516 5458429003
5430882516 5490831647
5430882519 5490831644
5430882519 5490831647
5458428982 5458429240
5458429003 5458429004
5458429004 5458429235
5458429004 5490831651
5458429005 5458429006
5458429005 5458429236
5458429005 5458429243
5458429006 5458429007
5458429007 5458429008
5458429008 5458429009
5458429009 5458429010
5458429009 5458747507
5458429010 5458429011
5458429011 5458429012
5458429012 5458429232
5458429013 5458429014
5458429013 5458429230
5458429014 5458429229
5458429015 5458429229
5458429015 5490831636
5458429016 5458429224
5458429016 5458429227
5458429227 5490831636
5458429230 5458429232
5458429233 5458429234
5458429233 5458429248
5458429234 5458429235
5458429236 5458429237
5458429237 5458429238
5458429238 5458429239
5458429239 5458429240
5458429240 5458429245
5458429242 5490831651
5458429242 5490831652
5458429243 5490831652
5458429246 5458429247
5458429247 5458429248
5458429272 5458429273
5458429273 5458429274
5458429274 5458429275
5458429276 5458429277
5458429277 5458429278
5458429278 5458429279
5458429279 5458429280
5490831639 5490831651
5490831639 5490831655
5490831639 5490831656
5490831640 5490831641
5490831640 5490831661
5490831640 5490831662
5490831641 5490831669
5490831642 5490831669
5490831643 5490831664
5490831643 5490831665
5490831644 5490831660
5490831644 5490831661
5490831645 5490831647
5490831645 5490831656
5490831645 5490831657
5490831653 5490831654
5490831654 5490831655
5490831657 5490831658
5490831658 5490831659
5490831659 5490831660
5490831662 5490831663
5490831663 5490831664
5490831665 5490831666
5490831666 5490831667
5490831667 5490831668
5490831669 5490831670
5490831669 5496237552
5490831670 5490831671
5490831671 5490831672
5490831672 5490831673
5490831673 5490831674
5490831674 5490831675
5490831675 5490831678
5490880909 5490880910
5490880910 5490880911
5490880912 5490880913
5490880914 5490880915
5490880915 5490880916
5496237552 5496237553
5496237553 5496237554
5496237554 5496237555
5496237555 5496237556
5496237556 5496237557
5496237557 5496237558
5496237558 5496237559
5496237559 5496237560
5518394917 5518394918
