344889214 49.46139977419075 311.3337094352981 19.0319168 73.0169784 50
344889215 55.68090770362411 88.87508072510036 19.0299051 73.0170375 50
344889216 55.51252846994804 34.8445165318908 19.0294165 73.0170359 50
344890606 469.8201556523924 515.5794156673098 19.0337638 73.0209728 50
344890612 606.1020975861278 391.992517299711 19.0326462 73.02226779999999 50
344890613 870.7626811940987 667.0883718718844 19.0351339 73.0247827 50
344890722 991.8378736225297 557.6670798749966 19.0341444 73.0259332 50
344890758 318.4367012332286 528.91565398477 19.0338844 73.0195343 50
344890759 253.2002720402441 532.896620646142 19.0339204 73.0189144 50
344891110 294.2953286626606 396.8913179421195 19.0326905 73.01930489999999 50
344891112 282.5403534390131 375.6152627828946 19.0324981 73.0191932 50
344891113 234.983743740511 306.556549441089 19.0318736 73.0187413 50
344891115 210.7160867436819 257.690183667314 19.0314317 73.01851069999999 50
344891116 195.7198112794684 157.7015710117003 19.0305275 73.0183682 50
344891177 270.8800915347267 376.1792330598226 19.0325032 73.0190824 50
344891178 257.7465113374482 380.3150150915662 19.0325406 73.01895759999999 50
344891180 249.0855045270756 392.1473326700826 19.0326476 73.0188753 50
344891182 255.820673858052 424.6806768893512 19.0329418 73.0189393 50
344891183 246.9070981964958 433.0849398422307 19.0330178 73.0188546 50
344891185 244.9496896088608 438.9458074276341 19.0330708 73.01883599999999 50
344891186 268.3228319293799 460.2992702720448 19.0332639 73.0190581 50
344891187 274.1319154771463 457.8111661084235 19.0332414 73.0191133 50
344891190 278.8044392006116 453.5758599101632 19.0332031 73.01915769999999 50
344891191 281.8247416968939 448.0467395461305 19.0331531 73.0191864 50
344891592 582.9394293093773 249.1311053444147 19.0313543 73.0220477 50
344891595 449.0147966404126 183.9538344981678 19.0307649 73.02077509999999 50
344891597 391.7132388165055 117.0846528204333 19.0301602 73.0202306 50
344891598 347.4400241659843 35.08779782793778 19.0294187 73.0198099 50
344891610 682.9566938759838 38.94712384146209 19.0294536 73.0229981 50
344891611 676.579330416067 66.22780371526895 19.0297003 73.0229375 50
344891861 634.1477636314511 18.41197081121942 19.0292679 73.0225343 50
344891866 201.897224400148 207.3751883580985 19.0309767 73.01842689999999 50
344891872 189.1740685858755 102.0012124679824 19.0300238 73.018306 50
344891874 195.2988631959477 60.32270316720374 19.0296469 73.01836419999999 50
344891875 220.8083170382928 25.23490533961768 19.0293296 73.0186066 50
344891897 209.6952876424494 37.43214486202879 19.0294399 73.018501 50
344892347 531.4890498393127 26.10850635728889 19.0293375 73.02155879999999 50
344892348 560.5765623895758 61.57228436961088 19.0296582 73.0218352 50
344892349 595.6836325273573 91.30789368486677 19.0299271 73.0221688 50
344892350 547.1167474294766 183.3566894987158 19.0307595 73.0217073 50
344892364 487.7841151022807 141.4238406610488 19.0303803 73.02114349999999 50
344892365 437.6071035859708 87.21634461578503 19.0298901 73.02066670000001 50
344892366 400.5215774555079 19.32980479155248 19.0292762 73.0203143 50
478490208 913.9098597221727 82.24013628889421 19.0298451 73.02519270000001 50
2246309584 195.2567683885328 0 19.0291014 73.0183638 50
2246309589 173.1254229135296 8.43743767505174 19.0291777 73.0181535 50
2246309593 152.6673460720945 16.23349738798964 19.0292482 73.0179591 50
2246309630 824.7951505089798 83.06950434355187 19.0298526 73.0243459 50
2246309632 751.4765181182879 83.40125156527426 19.0298556 73.02364919999999 50
2246309698 792.5926221457507 174.1120002503373 19.0306759 73.02403990000001 50
2246309708 782.8161029134457 179.1766745039587 19.0307217 73.02394700000001 50
2246309769 37.01186021347032 260.6095592191744 19.0314581 73.0168601 50
2246309770 677.7579850491218 240.5388522996948 19.0312766 73.0229487 50
2246309772 37.58014012562084 268.505143098629 19.0315295 73.01686549999999 50
2246309784 422.0635956133143 288.5869082593017 19.0317111 73.02051899999999 50
2246309801 0 314.5295410053777 19.0319457 73.01650840000001 50
2246309814 509.7470813436078 369.7543951974912 19.0324451 73.0213522 50
2246309815 491.2779841940301 347.6047390205951 19.0322448 73.0211767 50
2246309819 458.6229366403804 357.3249326198745 19.0323327 73.0208664 50
2246309821 423.5263902044526 357.8557281746303 19.0323375 73.02053290000001 50
2246309830 332.8120782746841 368.5048139950841 19.0324338 73.01967089999999 50
2246309833 54.08130498704861 387.0716001763234 19.0326017 73.01702229999999 50
2246309837 0.01052370051486662 390.4443635977537 19.0326322 73.0165085 50
2246309843 250.137874735208 406.3903467263311 19.0327764 73.01888529999999 50
2246309849 282.8665882031726 441.8430664981635 19.033097 73.0191963 50
2246309852 642.9455785685998 430.2319137343632 19.032992 73.0226179 50
2246309864 1067.092867197149 439.5540106679274 19.0330763 73.02664830000001 50
2246309873 671.4332400998123 459.845882402123 19.0332598 73.0228886 50
2246309876 245.0023081208071 445.1273639942702 19.0331267 73.01883650000001 50
2246309878 811.5563332918252 463.6830919346682 19.0332945 73.02422009999999 50
2246309879 845.9372679869728 463.0638304535336 19.0332889 73.0245468 50
2246309880 777.6384414889521 464.9326731367237 19.0333058 73.0238978 50
2246309882 1060.210366034865 469.4776100757271 19.0333469 73.02658289999999 50
2246309887 699.4789061411191 489.0064631999613 19.0335235 73.0231551 50
2246309889 59.87986483430008 492.3239354178885 19.0335535 73.01707740000001 50
2246309890 505.0324628113888 485.7553404256751 19.0334941 73.0213074 50
2246309891 1060.368221568026 493.2307111577319 19.0335617 73.0265844 50
2246309896 8.934623063924747 495.9178636543867 19.033586 73.0165933 50
2246309899 848.1682928294988 497.1785030972834 19.0335974 73.024568 50
2246309900 1059.09485361561 505.3173682724333 19.033671 73.0265723 50
2246309901 725.0725495996328 515.623648630675 19.0337642 73.0233983 50
2246309903 1005.076690839684 512.5273412267604 19.0337362 73.026059 50
2246309904 1047.287259881355 513.2018939110466 19.0337423 73.02646009999999 50
2246309905 1031.975273356175 514.7611058538452 19.0337564 73.02631460000001 50
2246309913 542.5810318327874 525.6866476925181 19.0338552 73.0216642 50
2246309915 990.8802167337585 525.1447938965694 19.0338503 73.0259241 50
2246309925 754.4862969127166 546.1886260005886 19.0340406 73.0236778 50
2246309927 16.41697524258147 550.2912333105116 19.0340777 73.0166644 50
2246309928 570.7529823003553 555.6544800629797 19.0341262 73.0219319 50
2246309933 783.258098399335 576.1122254083882 19.0343112 73.0239512 50
2246309934 598.2935106433115 584.9367015086656 19.034391 73.02219359999999 50
2246309946 942.9447537591507 601.3028977849924 19.034539 73.0254686 50
2246309954 810.4197734675242 604.3439139850522 19.0345665 73.0242093 50
2246309960 624.4028155047072 612.703943974918 19.0346421 73.0224417 50
2246309973 840.31761107659 635.4396869100732 19.0348477 73.0244934 50
2246309978 12.28116032570552 640.7365842181968 19.0348956 73.0166251 50
2246309980 32.80237938227948 644.7396673616031 19.0349318 73.0168201 50
2246309983 653.2903777130554 643.4347949556927 19.03492 73.0227162 50
2246309989 69.60376555465885 649.8706910592173 19.0349782 73.0171698 50
2246309993 681.7359444355142 673.6790833447253 19.0351935 73.0229865 50
2246310002 707.7610596780635 701.3578598849506 19.0354438 73.0232338 50
2246465117 1281.923721455338 78.81208166325726 19.0298141 73.0286897 50
2246465137 1225.790294561293 203.0514162341629 19.0309376 73.02815630000001 50
2246465147 1274.935983274517 216.1664897362036 19.0310562 73.02862330000001 50
2246465156 917.5405369393593 218.3007301967716 19.0310755 73.0252272 50
2246465199 1046.013891930278 345.2161590234905 19.0322232 73.026448 50
2246465230 1226.653238132042 564.5784803301254 19.0342069 73.0281645 50
2246465242 1165.994619343162 611.0341496251131 19.034627 73.0275881 50
2246465246 1233.640976311525 639.9293326452217 19.0348883 73.0282309 50
2246465262 1205.542691759611 661.1279801196126 19.03508 73.0279639 50
3172263022 250.6640598386048 428.1529644780018 19.0329732 73.0188903 50
3738650786 1171.561657744276 494.9336802297091 19.0335771 73.027641 50
3803044746 77.84382428418844 652.7679501297466 19.0350044 73.0172481 50
4135892266 1107.146077313287 208.9233420600558 19.0309907 73.0270289 50
4135892268 1109.850668747263 274.3549524435427 19.0315824 73.0270546 50
4135892269 1148.641034614178 282.0514879896123 19.031652 73.0274232 50
4135892276 555.0305713935078 333.1737348714511 19.0321143 73.0217825 50
4135892290 1087.466754422416 394.8344851667374 19.0326719 73.02684189999999 50
4135892291 1065.461693373674 392.7776523913552 19.0326533 73.0266328 50
4135892292 1093.24426686596 399.7443440496354 19.0327163 73.0268968 50
4135892293 1058.789666255158 396.5816872017281 19.0326877 73.0265694 50
4135892294 1053.612004830665 402.2213899724154 19.0327387 73.02652019999999 50
4135892296 1097.274844761621 406.1470654302842 19.0327742 73.0269351 50
4135892299 1050.402275696999 409.1659651493646 19.0328015 73.0264897 50
4135892300 1089.981919220347 435.1749473397851 19.0330367 73.0268658 50
4135892303 1049.476189913789 416.7408600472348 19.03287 73.0264809 50
4135892304 1082.97313363448 439.1116810384952 19.0330723 73.0267992 50
4135892305 1247.490168249583 434.2349968777694 19.0330282 73.0283625 50
4135892307 1075.069833372303 440.615601777439 19.0330859 73.0267241 50
4135892312 1177.644357545595 490.0680543094729 19.0335331 73.0276988 50
4135892313 14.04914227461823 525.0452697300526 19.0338494 73.0166419 50
4135892314 1256.898357907636 541.4114660063794 19.0339974 73.02845189999999 50
4135892315 1194.124475003315 589.481638447669 19.0344321 73.02785540000001 50
4135892316 18.79533191373728 598.8922013065569 19.0345172 73.016687 50
4160788556 46.06224400180253 54.32913669311142 19.0295927 73.0169461 50
4160878478 755.8649018863474 64.76811593969046 19.0296871 73.02369090000001 50
4160878485 786.6783015767695 83.72194054615531 19.0298585 73.0239837 50
4161002498 557.0511221922652 9.476912303584129 19.0291871 73.0218017 50
4161002501 609.122400083749 65.85182353088473 19.0296969 73.0222965 50
4161002519 615.0577680577766 201.7244273465699 19.0309256 73.0223529 50
4161002520 524.964354550766 225.3558877807272 19.0311393 73.02149679999999 50
4161002522 604.3972578510151 215.0606656636784 19.0310462 73.0222516 50
4161002526 554.6411944168871 288.4431511301231 19.0317098 73.02177880000001 50
4161002527 635.6947478360803 304.7872309244156 19.0318576 73.022549 50
4161002528 550.442237286211 310.2389436029108 19.0319069 73.0217389 50
4161002534 353.4490580529878 362.8540529832038 19.0323827 73.019867 50
4161002536 596.4308153750376 381.7857611083377 19.0325539 73.02217589999999 50
4161002574 311.4910578611613 448.3563702865221 19.0331559 73.0194683 50
4161002916 916.9722570272088 624.8790670156466 19.0347522 73.0252218 50
4965763752 490.6886568768333 276.7877654029575 19.0316044 73.0211711 50
5367829506 62.88964362872872 32.04678162752634 19.0293912 73.017106 50
5367829507 63.36321022151806 87.54809183785915 19.0298931 73.0171105 50
5367829508 57.71198220557407 310.7918556397009 19.0319119 73.01705680000001 50
5388869174 67.68845177711637 491.5940915300993 19.0335469 73.01715160000001 50
5388869175 61.97408154737235 386.5297463803745 19.0325968 73.0170973 50
5388869180 79.11719223526553 668.6475838139795 19.035148 73.0172602 50
5388869183 58.57492577498414 325.8200047879453 19.0320478 73.017065 50
5389163554 48.36693475864345 91.30789368486677 19.0299271 73.01696800000001 50
5418119801 723.6728972236333 152.4710231472177 19.0304802 73.023385 50
5430779488 995.1423160755568 516.828996869717 19.0337751 73.02596459999999 50
5430832712 321.7095725806945 295.8964053801456 19.0317772 73.0195654 50
5430882515 329.2655906750049 649.4283614301369 19.0349742 73.01963720000001 50
5430882516 508.7262822423754 638.6576349618354 19.0348768 73.0213425 50
5430882519 554.7990499473706 592.5226546480804 19.0344596 73.0217803 50
5458428981 222.2290168193385 283.4227098395153 19.0316644 73.01862010000001 50
5458428982 318.2683220008914 486.0760294072596 19.033497 73.0195327 50
5458429003 339.3157261608621 648.8201581901952 19.0349687 73.01973270000001 50
5458429004 332.0543717238112 535.0198028658687 19.0339396 73.0196637 50
5458429005 332.0964665339038 523.0437281585253 19.0338313 73.0196641 50
5458429006 329.0445929293826 484.981263575224 19.0334871 73.0196351 50
5458429007 322.4672791302285 446.85244954793 19.0331423 73.0195726 50
5458429008 304.408606360979 393.662311649516 19.0326613 73.019401 50
5458429009 294.3268997682218 375.0402342647735 19.0324929 73.01930520000001 50
5458429010 245.9283939026784 302.1885443541398 19.0318341 73.0188453 50
5458429011 231.1846872883095 275.8256984599626 19.0315957 73.0187052 50
5458429012 223.2708633256172 256.2083794097013 19.0314183 73.01863 50
5458429013 208.1377797346277 157.4361732339707 19.0305251 73.0184862 50
5458429014 201.202660064414 101.780047653618 19.0300218 73.0184203 50
5458429015 206.5276533161985 62.81080733082501 19.0296694 73.0184709 50
5458429016 228.3643351326033 32.36747060875911 19.0293941 73.0186784 50
5458429224 259.3776851609238 4.788218235050408 19.0291447 73.0189731 50
5458429226 206.5592244217597 40.87125772815534 19.029471 73.01847119999999 50
5458429227 215.946366677444 46.74318355439999 19.0295241 73.0185604 50
5458429228 190.5211024526063 80.73621554995049 19.0298315 73.0183188 50
5458429229 201.7288451678108 81.8752143446479 19.0298418 73.0184253 50
5458429230 213.568010007627 203.106707437666 19.0309381 73.0185378 50
5458429231 205.233237961414 232.3225794390074 19.0312023 73.0184586 50
5458429232 216.9145472694078 229.6575434236836 19.0311782 73.01856960000001 50
5458429233 324.4667825252785 536.8333543452038 19.033956 73.0195916 50
5458429234 327.1503265568864 537.0987521225817 19.0339584 73.0196171 50
5458429235 329.7812520752092 536.4684324013092 19.0339527 73.0196421 50
5458429236 329.8654416927166 521.5950986230847 19.0338182 73.01964289999999 50
5458429237 327.2766109818087 520.9426624204813 19.0338123 73.0196183 50
5458429238 324.6141143552471 521.1527689940043 19.0338142 73.019593 50
5458429239 322.1620917711152 522.2033018630264 19.0338237 73.01956970000001 50
5458429240 320.1941594816265 523.9947368610306 19.0338399 73.01955100000001 50
5458429242 334.6221550323506 530.3864000011897 19.0338977 73.0196881 50
5458429243 333.7592114629405 525.1558521370589 19.0338504 73.0196799 50
5458429245 318.8997441255031 526.3059091729494 19.0338608 73.0195387 50
5458429246 318.8366019130419 531.5364570370803 19.0339081 73.01953810000001 50
5458429247 320.0678750553653 533.8808040711713 19.0339293 73.01954979999999 50
5458429248 322.004236237954 535.7164720314856 19.0339459 73.01956819999999 50
5458429272 247.0544300264645 450.966115097991 19.0331795 73.018856 50
5458429273 250.8850575828883 455.8317410178754 19.0332235 73.0188924 50
5458429274 256.094290112943 459.2266209213402 19.0332542 73.0189419 50
5458429275 262.1138477031391 460.7637163824561 19.0332681 73.0189991 50
5458429276 281.8036942931865 435.6504516910378 19.033041 73.01918619999999 50
5458429277 278.7518206900041 430.1434478086877 19.0329912 73.0191572 50
5458429278 274.0582495628313 425.9302580917584 19.0329531 73.0191126 50
5458429279 268.2386423118725 423.464270409468 19.0329308 73.0190573 50
5458429280 261.9244210644168 423.0329990208772 19.0329269 73.0189973 50
5458747507 310.6070668867049 376.5441550037173 19.0325065 73.0194599 50
5490831636 214.5782854070058 49.0764723480014 19.0295452 73.0185474 50
5490831639 471.9143723654646 522.7562138994648 19.0338287 73.02099269999999 50
5490831640 483.3115417193915 515.623648630675 19.0337642 73.021101 50
5490831641 510.0417450022063 491.0854124566744 19.0335423 73.021355 50
5490831642 611.7112307959958 397.7538607185977 19.0326983 73.0223211 50
5490831643 478.1128328925294 510.7248479882666 19.0337199 73.02105160000001 50
5490831644 483.4588735480212 518.8084219599134 19.033793 73.0211024 50
5490831645 475.1556726073694 524.3596588049252 19.0338432 73.0210235 50
5490831647 548.1059754251479 599.2239485282794 19.0345202 73.0217167 50
5490831651 333.7276403560405 532.9187371278247 19.0339206 73.0196796 50
5490831652 334.6326787355431 527.6992475045352 19.0338734 73.0196882 50
5490831653 469.5360156969865 517.525666035334 19.0337814 73.0209701 50
5490831654 469.8201556523924 519.4719164033581 19.033799 73.0209728 50
5490831655 470.6304807125338 521.2633514013623 19.0338152 73.02098049999999 50
5490831656 473.4297854672104 523.7625138058249 19.0338378 73.02100710000001 50
5490831657 477.376173745364 524.4481247306006 19.033844 73.0210446 50
5490831658 479.5124852685288 523.8509797315004 19.0338386 73.0210649 50
5490831659 481.3541331317564 522.6235150107758 19.0338275 73.0210824 50
5490831660 482.711690700341 520.8873712162747 19.0338118 73.0210953 50
5490831661 483.5746342710898 517.2049770544529 19.0337785 73.0211035 50
5490831662 482.5643588703724 513.9096213175048 19.0337487 73.0210939 50
5490831663 481.3857042373176 512.460991782416 19.0337356 73.02108269999999 50
5490831664 479.8702911382495 511.3772841908701 19.0337258 73.0210683 50
5490831665 476.0080924762646 510.570032617895 19.0337185 73.0210316 50
5490831666 473.9454468674146 511.056595209989 19.0337229 73.021012 50
5490831667 472.1248464078944 512.1181863198524 19.0337325 73.0209947 50
5490831668 470.7041466268487 513.6773982622992 19.0337466 73.02098119999999 50
5490831669 605.8284813339145 403.1502821935897 19.0327471 73.02226520000001 50
5490831670 600.4298221664764 397.2451816448211 19.0326937 73.0222139 50
5490831671 591.0321562075994 386.9278430464414 19.0326004 73.0221246 50
5490831672 548.516399805476 337.7297300509441 19.0321555 73.02172059999999 50
5490831673 543.0335510218692 309.5533326781351 19.0319007 73.0216685 50
5490831674 547.4324584917824 286.0656293731565 19.0316883 73.0217103 50
5490831675 576.2358310853009 246.3776034034155 19.0313294 73.021984 50
5490831678 593.3052758575403 231.0729982366003 19.031191 73.02214619999999 50
5490880909 1095.349007279547 429.2145555875134 19.0329828 73.0269168 50
5490880910 1098.537689010844 421.8829419853385 19.0329165 73.0269471 50
5490880911 1099.200682242356 413.9099504210498 19.0328444 73.0269534 50
5490880912 1080.468492539741 391.8929931328427 19.0326453 73.02677540000001 50
5490880913 1072.891427043062 391.1852657263843 19.0326389 73.0267034 50
5490880914 1050.928460801735 424.2494055011122 19.0329379 73.0264947 50
5490880915 1054.611756529529 430.9506993820145 19.0329985 73.0265297 50
5490880916 1060.178794929304 436.2144219679658 19.0330461 73.0265826 50
5496237552 637.083876510226 435.8052670610576 19.0330424 73.0225622 50
5496237553 665.5083958276385 465.4855851728104 19.0333108 73.0228323 50
5496237554 693.4698722554543 494.7014571741518 19.033575 73.023098 50
5496237555 719.0529920094366 521.4292250122236 19.0338167 73.0233411 50
5496237556 748.3825497076907 552.0605518264815 19.0340937 73.02361980000001 50
5496237557 777.0912089805091 582.0394424381361 19.0343648 73.0238926 50
5496237558 804.126599623776 610.2932474964825 19.0346203 73.02414949999999 50
5496237559 833.9402476166731 641.4332533845172 19.0349019 73.0244328 50
5496237560 864.2169385005059 673.059821864294 19.0351879 73.0247205 50
5496237563 648.8388517338735 330.8183295965188 19.032093 73.0226739 50
5501280538 252.3478521726877 385.3796893448358 19.0325864 73.0189063 50
5501280539 249.1907415482905 399.9102176604966 19.0327178 73.0188763 50
5501280540 264.3133014360874 377.3956395400576 19.0325142 73.01902 50
5518394917 1089.245260074521 669.8086990903596 19.0351585 73.0268588 50
5518394918 1033.322307221567 605.4276215765981 19.0345763 73.0263274 50
5522073607 367.6139610533524 77.06487962826654 19.0297983 73.0200016 50
5522073609 417.6752118465936 153.0792263875111 19.0304857 73.0204773 50
5522073611 484.5322911598611 207.0987323398793 19.0309742 73.0211126 50
5522073612 516.3243951427619 164.0711176701768 19.0305851 73.02141469999999 50
5522073613 460.4330133980469 116.0009452288873 19.0301504 73.0208836 50
5522073614 415.1074285393932 54.39548613745592 19.0295933 73.0204529 50
5541880409 67.15174297052701 310.1836523994077 19.0319064 73.0171465 50
5763641225 796.4863919146358 233.4836947150357 19.0312128 73.0240769 50
5834344979 833.0667803427316 231.7033179582245 19.0311967 73.02442449999999 50
