344889214 19.0319168 73.0169784
344889215 19.0299051 73.0170375
344889216 19.0294165 73.0170359
344890606 19.0337638 73.0209728
344890612 19.0326462 73.0222678
344890613 19.0351339 73.0247827
344890722 19.0341444 73.0259332
344890758 19.0338844 73.0195343
344890759 19.0339204 73.0189144
344891110 19.0326905 73.0193049
344891112 19.0324981 73.0191932
344891113 19.0318736 73.0187413
344891115 19.0314317 73.0185107
344891116 19.0305275 73.0183682
344891177 19.0325032 73.0190824
344891178 19.0325406 73.0189576
344891180 19.0326476 73.0188753
344891182 19.0329418 73.0189393
344891183 19.0330178 73.0188546
344891185 19.0330708 73.018836
344891186 19.0332639 73.0190581
344891187 19.0332414 73.0191133
344891190 19.0332031 73.0191577
344891191 19.0331531 73.0191864
344891592 19.0313543 73.0220477
344891595 19.0307649 73.0207751
344891597 19.0301602 73.0202306
344891598 19.0294187 73.0198099
344891610 19.0294536 73.0229981
344891611 19.0297003 73.0229375
344891861 19.0292679 73.0225343
344891866 19.0309767 73.0184269
344891872 19.0300238 73.018306
344891874 19.0296469 73.0183642
344891875 19.0293296 73.0186066
344891897 19.0294399 73.018501
344892347 19.0293375 73.0215588
344892348 19.0296582 73.0218352
344892349 19.0299271 73.0221688
344892350 19.0307595 73.0217073
344892364 19.0303803 73.0211435
344892365 19.0298901 73.0206667
344892366 19.0292762 73.0203143
478490208 19.0298451 73.0251927
2246309584 19.0291014 73.0183638
2246309589 19.0291777 73.0181535
2246309593 19.0292482 73.0179591
2246309630 19.0298526 73.0243459
2246309632 19.0298556 73.0236492
2246309698 19.0306759 73.0240399
2246309708 19.0307217 73.023947
2246309769 19.0314581 73.0168601
2246309770 19.0312766 73.0229487
2246309772 19.0315295 73.0168655
2246309784 19.0317111 73.020519
2246309801 19.0319457 73.0165084
2246309814 19.0324451 73.0213522
2246309815 19.0322448 73.0211767
2246309819 19.0323327 73.0208664
2246309821 19.0323375 73.0205329
2246309830 19.0324338 73.0196709
2246309833 19.0326017 73.0170223
2246309837 19.0326322 73.0165085
2246309843 19.0327764 73.0188853
2246309849 19.033097 73.0191963
2246309852 19.032992 73.0226179
2246309864 19.0330763 73.0266483
2246309873 19.0332598 73.0228886
2246309876 19.0331267 73.0188365
2246309878 19.0332945 73.0242201
2246309879 19.0332889 73.0245468
2246309880 19.0333058 73.0238978
2246309882 19.0333469 73.0265829
2246309887 19.0335235 73.0231551
2246309889 19.0335535 73.0170774
2246309890 19.0334941 73.0213074
2246309891 19.0335617 73.0265844
2246309896 19.033586 73.0165933
2246309899 19.0335974 73.024568
2246309900 19.033671 73.0265723
2246309901 19.0337642 73.0233983
2246309903 19.0337362 73.026059
2246309904 19.0337423 73.0264601
2246309905 19.0337564 73.0263146
2246309913 19.0338552 73.0216642
2246309915 19.0338503 73.0259241
2246309925 19.0340406 73.0236778
2246309927 19.0340777 73.0166644
2246309928 19.0341262 73.0219319
2246309933 19.0343112 73.0239512
2246309934 19.034391 73.0221936
2246309946 19.034539 73.0254686
2246309954 19.0345665 73.0242093
2246309960 19.0346421 73.0224417
2246309973 19.0348477 73.0244934
2246309978 19.0348956 73.0166251
2246309980 19.0349318 73.0168201
2246309983 19.03492 73.0227162
2246309989 19.0349782 73.0171698
2246309993 19.0351935 73.0229865
2246310002 19.0354438 73.0232338
2246465117 19.0298141 73.0286897
2246465137 19.0309376 73.0281563
2246465147 19.0310562 73.0286233
2246465156 19.0310755 73.0252272
2246465199 19.0322232 73.026448
2246465230 19.0342069 73.0281645
2246465242 19.034627 73.0275881
2246465246 19.0348883 73.0282309
2246465262 19.03508 73.0279639
3172263022 19.0329732 73.0188903
3738650786 19.0335771 73.027641
3803044746 19.0350044 73.0172481
4135892266 19.0309907 73.0270289
4135892268 19.0315824 73.0270546
4135892269 19.031652 73.0274232
4135892276 19.0321143 73.0217825
4135892290 19.0326719 73.0268419
4135892291 19.0326533 73.0266328
4135892292 19.0327163 73.0268968
4135892293 19.0326877 73.0265694
4135892294 19.0327387 73.0265202
4135892296 19.0327742 73.0269351
4135892299 19.0328015 73.0264897
4135892300 19.0330367 73.0268658
4135892303 19.03287 73.0264809
4135892304 19.0330723 73.0267992
4135892305 19.0330282 73.0283625
4135892307 19.0330859 73.0267241
4135892312 19.0335331 73.0276988
4135892313 19.0338494 73.0166419
4135892314 19.0339974 73.0284519
4135892315 19.0344321 73.0278554
4135892316 19.0345172 73.016687
4160788556 19.0295927 73.0169461
4160878478 19.0296871 73.0236909
4160878485 19.0298585 73.0239837
4161002498 19.0291871 73.0218017
4161002501 19.0296969 73.0222965
4161002519 19.0309256 73.0223529
4161002520 19.0311393 73.0214968
4161002522 19.0310462 73.0222516
4161002526 19.0317098 73.0217788
4161002527 19.0318576 73.022549
4161002528 19.0319069 73.0217389
4161002534 19.0323827 73.019867
4161002536 19.0325539 73.0221759
4161002574 19.0331559 73.0194683
4161002916 19.0347522 73.0252218
4965763752 19.0316044 73.0211711
5367829506 19.0293912 73.017106
5367829507 19.0298931 73.0171105
5367829508 19.0319119 73.0170568
5388869174 19.0335469 73.0171516
5388869175 19.0325968 73.0170973
5388869180 19.035148 73.0172602
5388869183 19.0320478 73.017065
5389163554 19.0299271 73.016968
5418119801 19.0304802 73.023385
5430779488 19.0337751 73.0259646
5430832712 19.0317772 73.0195654
5430882515 19.0349742 73.0196372
5430882516 19.0348768 73.0213425
5430882519 19.0344596 73.0217803
5458428981 19.0316644 73.0186201
5458428982 19.033497 73.0195327
5458429003 19.0349687 73.0197327
5458429004 19.0339396 73.0196637
5458429005 19.0338313 73.0196641
5458429006 19.0334871 73.0196351
5458429007 19.0331423 73.0195726
5458429008 19.0326613 73.019401
5458429009 19.0324929 73.0193052
5458429010 19.0318341 73.0188453
5458429011 19.0315957 73.0187052
5458429012 19.0314183 73.01863
5458429013 19.0305251 73.0184862
5458429014 19.0300218 73.0184203
5458429015 19.0296694 73.0184709
5458429016 19.0293941 73.0186784
5458429224 19.0291447 73.0189731
5458429226 19.029471 73.0184712
5458429227 19.0295241 73.0185604
5458429228 19.0298315 73.0183188
5458429229 19.0298418 73.0184253
5458429230 19.0309381 73.0185378
5458429231 19.0312023 73.0184586
5458429232 19.0311782 73.0185696
5458429233 19.033956 73.0195916
5458429234 19.0339584 73.0196171
5458429235 19.0339527 73.0196421
5458429236 19.0338182 73.0196429
5458429237 19.0338123 73.0196183
5458429238 19.0338142 73.019593
5458429239 19.0338237 73.0195697
5458429240 19.0338399 73.019551
5458429242 19.0338977 73.0196881
5458429243 19.0338504 73.0196799
5458429245 19.0338608 73.0195387
5458429246 19.0339081 73.0195381
5458429247 19.0339293 73.0195498
5458429248 19.0339459 73.0195682
5458429272 19.0331795 73.018856
5458429273 19.0332235 73.0188924
5458429274 19.0332542 73.0189419
5458429275 19.0332681 73.0189991
5458429276 19.033041 73.0191862
5458429277 19.0329912 73.0191572
5458429278 19.0329531 73.0191126
5458429279 19.0329308 73.0190573
5458429280 19.0329269 73.0189973
5458747507 19.0325065 73.0194599
5490831636 19.0295452 73.0185474
5490831639 19.0338287 73.0209927
5490831640 19.0337642 73.021101
5490831641 19.0335423 73.021355
5490831642 19.0326983 73.0223211
5490831643 19.0337199 73.0210516
5490831644 19.033793 73.0211024
5490831645 19.0338432 73.0210235
5490831647 19.0345202 73.0217167
5490831651 19.0339206 73.0196796
5490831652 19.0338734 73.0196882
5490831653 19.0337814 73.0209701
5490831654 19.033799 73.0209728
5490831655 19.0338152 73.0209805
5490831656 19.0338378 73.0210071
5490831657 19.033844 73.0210446
5490831658 19.0338386 73.0210649
5490831659 19.0338275 73.0210824
5490831660 19.0338118 73.0210953
5490831661 19.0337785 73.0211035
5490831662 19.0337487 73.0210939
5490831663 19.0337356 73.0210827
5490831664 19.0337258 73.0210683
5490831665 19.0337185 73.0210316
5490831666 19.0337229 73.021012
5490831667 19.0337325 73.0209947
5490831668 19.0337466 73.0209812
5490831669 19.0327471 73.0222652
5490831670 19.0326937 73.0222139
5490831671 19.0326004 73.0221246
5490831672 19.0321555 73.0217206
5490831673 19.0319007 73.0216685
5490831674 19.0316883 73.0217103
5490831675 19.0313294 73.021984
5490831678 19.031191 73.0221462
5490880909 19.0329828 73.0269168
5490880910 19.0329165 73.0269471
5490880911 19.0328444 73.0269534
5490880912 19.0326453 73.0267754
5490880913 19.0326389 73.0267034
5490880914 19.0329379 73.0264947
5490880915 19.0329985 73.0265297
5490880916 19.0330461 73.0265826
5496237552 19.0330424 73.0225622
5496237553 19.0333108 73.0228323
5496237554 19.033575 73.023098
5496237555 19.0338167 73.0233411
5496237556 19.0340937 73.0236198
5496237557 19.0343648 73.0238926
5496237558 19.0346203 73.0241495
5496237559 19.0349019 73.0244328
5496237560 19.0351879 73.0247205
5496237563 19.032093 73.0226739
5501280538 19.0325864 73.0189063
5501280539 19.0327178 73.0188763
5501280540 19.0325142 73.01902
5518394917 19.0351585 73.0268588
5518394918 19.0345763 73.0263274
5522073607 19.0297983 73.0200016
5522073609 19.0304857 73.0204773
5522073611 19.0309742 73.0211126
5522073612 19.0305851 73.0214147
5522073613 19.0301504 73.0208836
5522073614 19.0295933 73.0204529
5541880409 19.0319064 73.0171465
5763641225 19.0312128 73.0240769
5834344979 19.0311967 73.0244245
