344889214 344889215
344889214 2246309801
344889214 2246309833
344889214 5367829508
344889215 344889216
344889215 4160788556
2246309801 2246309772
2246309772 2246309769
2246309833 2246309837
2246309833 2246309889
2246309833 5388869175
2246309837 2246309896
2246309896 2246309889
2246309896 2246309927
2246309889 2246309989
2246309989 2246309978
2246309978 2246309927
5388869175 5388869174
5388869175 5388869183
5388869174 3803044746
3803044746 5388869180
5388869183 5367829508
5367829508 5367829507
5367829508 5541880409
5367829507 5367829506
344890606 5458429243
344890606 5490831639
344890606 5490831643
5458429243 5458429005
5458429243 5490831651
5458429005 5458429007
5458429005 5458429240
5458429007 5458429008
5458429008 5458429009
5458429009 344891112
5458429009 5458747507
5458429009 5458429010
344891112 4161002574
344891112 344891113
344891112 2246309843
4161002574 5458429240
5458429240 344890758
344890758 344890759
344890758 5458429248
5458429248 5430882515
5458429248 5458429004
5430882515 5458429003
5458429003 5430882516
5458429003 5458429004
5430882516 5490831647
5490831647 5490831644
5490831647 5490831645
5490831644 5490831645
5490831644 5490831640
5490831645 5490831639
5490831639 5490831651
5490831651 5458429004
5490831640 5490831641
5490831640 5490831643
5490831641 2246309890
5490831641 5490831669
5490831641 2246309913
2246309890 5490831643
2246309890 5490831670
5490831670 344890612
5490831670 5490831669
5490831670 5490831671
344890612 4135892276
344890612 5490831642
4135892276 4161002526
4161002526 344891592
4161002526 5490831674
344891592 5490831675
344891592 5490831678
5490831675 4161002520
5490831675 5490831678
5490831675 5490831674
4161002520 344892350
4161002520 344891595
344892350 344892349
344892350 344892364
344892350 4161002522
344892349 344892348
344892349 4161002501
344892348 344892347
344892348 344892364
344892347 344892365
344892347 4161002501
344892365 344891597
344892365 344892366
344892365 344892364
344891597 5522073607
344891597 5522073609
5522073607 344891598
344891598 344892366
5522073609 344891595
344891595 344892364
4161002501 344891861
344891861 344891610
344891610 344891611
344891611 2246309632
344891611 4161002519
2246309632 4160878478
2246309632 4160878485
2246309632 5418119801
4160878485 2246309630
4160878485 2246309698
2246309630 478490208
2246309630 5834344979
478490208 2246465117
478490208 2246465156
2246465156 4135892266
4135892266 2246465137
4135892266 4135892268
2246465137 2246465147
4135892268 4135892305
4135892305 4135892312
4135892312 3738650786
3738650786 2246465230
3738650786 5518394918
2246465230 4135892314
2246465230 4135892315
4135892315 2246465242
4135892315 2246465262
2246465242 2246465262
2246465242 5518394917
5518394917 5518394918
5518394918 344890722
344890722 2246309903
344890722 2246309946
2246309903 2246309900
2246309900 2246309864
2246309864 4135892296
2246309864 5490880916
4135892296 4135892291
4135892291 2246465199
4135892291 5490880916
2246309946 2246309899
2246309946 4161002916
2246309899 2246309879
2246309879 2246309878
2246309879 5834344979
2246309878 2246309880
2246309878 5763641225
2246309880 2246309901
2246309880 5496237563
2246309901 2246309887
2246309901 2246309925
2246309901 5496237555
2246309887 2246309873
2246309887 5496237554
2246309873 2246309852
2246309873 5496237553
2246309852 5490831642
2246309852 5496237552
5490831642 5490831669
5490831669 5496237552
5496237552 2246309913
5496237552 5496237553
2246309913 2246309928
2246309928 2246309934
2246309928 5496237553
2246309934 2246309960
2246309934 5496237554
2246309960 2246309983
2246309960 5496237555
2246309983 2246309993
2246309983 5496237556
2246309993 5496237558
2246309993 5496237557
5496237558 2246309954
5496237558 5496237557
5496237558 5496237559
2246309954 2246309933
2246309954 2246309973
2246309933 2246309925
2246309933 5496237557
2246309925 5496237556
5496237556 5496237555
5496237556 5496237557
5496237555 5496237554
5496237554 5496237553
2246309973 344890613
2246309973 5496237559
344890613 4161002916
344890613 5496237559
5496237563 2246309770
2246309770 5418119801
5418119801 2246309708
2246309708 2246309698
2246309698 5763641225
4161002519 4161002522
4161002522 5490831678
5490831674 4965763752
5490831674 5490831672
4965763752 2246309815
2246309815 2246309814
2246309815 2246309821
2246309821 2246309784
2246309821 4161002534
2246309784 5430832712
4161002534 5458747507
5490831672 5490831671
344891113 344891115
344891115 344891866
344891866 344891116
344891116 344891872
344891872 5458429226
5458429226 344891897
344891897 344891875
344891897 2246309589
344891897 5490831636
2246309589 2246309593
5490831636 5458429014
5490831636 5458429224
5458429014 5458429013
5458429013 5458429230
5458429230 5458429012
5458429012 5458429010
2246309843 344891182
