2275303187 937.6241152035595 1190.628330192156 10.7754832 106.7276052 50
3283243935 186.0920835201207 823.2269237565811 10.7721617 106.7207337 50
3700940758 590.0590066410542 127.4152280816011 10.7658712 106.7244273 50
3700940759 612.096946594528 128.333316798894 10.7658795 106.7246288 50
3700940760 532.0385245327577 130.8331728231681 10.7659021 106.7238968 50
3700940761 640.3908178871286 130.5898240069259 10.7658999 106.7248875 50
3700940762 675.2577918674019 137.082812884554 10.7659586 106.7252063 50
3700940763 491.6812052155266 138.2110664885699 10.7659688 106.7235278 50
3700940764 710.2997569345612 146.26370005432 10.7660416 106.7255267 50
3700940765 449.5411642042109 147.64636378471 10.7660541 106.7231425 50
3700940766 730.5440382512807 152.7345663122101 10.7661001 106.7257118 50
3700940767 740.9450709511907 156.0640205749989 10.7661302 106.7258069 50
3700940768 410.6603321793623 161.50618501796 10.7661794 106.722787 50
3700940769 776.1948379332442 168.154032233581 10.7662395 106.7261292 50
3700940770 574.9441515462426 167.689457220131 10.7662353 106.7242891 50
3700940771 565.1883984763546 168.485871528952 10.7662425 106.7241999 50
3700940772 587.3247709152449 168.729220345546 10.7662447 106.7244023 50
3700940773 549.3407682087734 169.768983470784 10.7662541 106.724055 50
3700940774 616.0123721536866 173.883790732436 10.7662913 106.7246646 50
3700940775 653.1542302579112 183.518191605518 10.7663784 106.7250042 50
3700940776 501.4916430001534 175.609355067803 10.7663069 106.7236175 50
3700940777 363.1721260871835 183.617743394252 10.7663793 106.7223528 50
3700940778 468.5495709728423 182.909819564209 10.7663729 106.7233163 50
3700940779 710.5622435628029 185.210572011365 10.7663937 106.7255291 50
3700940780 443.3617914623791 191.4602120727519 10.7664502 106.723086 50
3700940781 411.4149812402533 207.1451494301029 10.766592 106.7227939 50
3700940782 404.7543830098331 208.9702655545562 10.7666085 106.722733 50
3700940783 307.9733752488348 221.0602772127862 10.7667178 106.7218481 50
3700940784 353.9194723898315 241.5458230419183 10.766903 106.7222682 50
3700940785 252.1840294938115 267.9712922569802 10.7671419 106.721338 50
3700940786 336.9672108875876 251.0917334365744 10.7669893 106.7221132 50
3700940787 516.1908942651766 263.0158254473827 10.7670971 106.7237519 50
3700940788 316.8213620576762 268.3916220311287 10.7671457 106.721929 50
3700940789 301.509641992031 283.2912063896165 10.7672804 106.721789 50
3700940790 602.1333916069628 279.8400777185306 10.7672492 106.7245377 50
3700940791 557.7403403584262 285.1826903725811 10.7672975 106.7241318 50
3700940792 233.8865240140019 291.7641697293388 10.767357 106.7211707 50
3700940793 285.9244983540831 297.9916871708112 10.7674133 106.7216465 50
3700940795 490.5656370381943 313.1346203458928 10.7675502 106.7235176 50
3700940796 213.5984949266045 318.079025845885 10.7675949 106.7209852 50
3700940797 260.1351869842758 327.1603612269159 10.767677 106.7214107 50
3700940798 407.4995556783119 338.365468097724 10.7677783 106.7227581 50
3700940799 197.5758735693546 346.0862623684545 10.7678481 106.7208387 50
3700940800 249.5919740240969 343.9514295687202 10.7678288 106.7213143 50
3700940802 238.6440941767987 361.085398515325 10.7679837 106.7212142 50
3700940803 462.6654956900437 366.6602986763639 10.7680341 106.7232625 50
3700940805 183.9156318829776 370.2662856850903 10.7680667 106.7207138 50
3700940807 390.6566636069369 373.8059048349536 10.7680987 106.7226041 50
3700940809 226.2634748091876 382.146132456422 10.7681741 106.721101 50
3700940810 506.4242042498362 384.3694557349337 10.7681942 106.7236626 50
3700940811 220.193471498225 393.8379369605937 10.7682798 106.7210455 50
3700940813 535.8664545505603 405.5186801548081 10.7683854 106.7239318 50
3700940814 215.7640096210781 402.3662068497497 10.7683569 106.721005 50
3700940815 595.8337124943755 404.3572426212729 10.7683749 106.7244801 50
3700940816 167.3024156104445 409.7772844443197 10.7684239 106.7205619 50
3700940817 372.610707814091 409.6666713458039 10.7684229 106.7224391 50
3700940818 211.3673585733311 415.7061465201164 10.7684775 106.7209648 50
3700940820 485.775256047389 423.5817991284873 10.7685487 106.7234738 50
3700940821 583.4968408988336 430.3845046819246 10.7686102 106.7243673 50
3700940822 159.8871683205247 432.1874981862877 10.7686265 106.7204941 50
3700940823 204.0177329408195 436.556715574315 10.768666 106.7208976 50
3700940825 156.9560676224905 443.92354792976 10.7687326 106.7204673 50
3700940826 154.9546070722333 451.9540588757716 10.7688052 106.720449 50
3700940827 201.3163080444101 449.996207033592 10.7687875 106.7208729 50
3700940828 199.6101449504031 458.4470477534002 10.7688639 106.7208573 50
3700940829 345.7058282683428 463.2365949155759 10.7689072 106.7221931 50
3700940830 566.2055341668788 465.6700830811618 10.7689292 106.7242092 50
3700940831 152.2203713436412 470.7140403697125 10.7689748 106.720424 50
3700940832 198.1445946006903 472.0082136213258 10.7689865 106.7208439 50
3700940834 152.0125694287468 488.0249902736962 10.7691313 106.7204221 50
3700940836 196.4603053934137 490.5580302278407 10.7691542 106.7208285 50
3700940837 633.325552772372 500.8008031425827 10.7692468 106.7248229 50
3700940838 152.0125694287468 512.6253433648324 10.7693537 106.7204221 50
3700940839 196.6681073083081 509.5392379186371 10.7693258 106.7208304 50
3700940840 318.6806423518389 514.9924636712034 10.7693751 106.721946 50
3700940841 195.9681429621558 516.6848440772268 10.7693904 106.720824 50
3700940842 196.2962512505886 522.071701970578 10.7694391 106.720827 50
3700940843 153.6968586388064 525.5560145710076 10.7694706 106.7204375 50
3700940844 196.9087200512108 529.4827795653239 10.7695061 106.7208326 50
3700940845 155.5780128183078 539.3162840160503 10.769595 106.7204547 50
3700940846 299.7378572406157 552.5677332076395 10.7697148 106.7217728 50
3700940849 198.6914417452956 540.9865418021595 10.7696101 106.7208489 50
3700940850 157.6779058539818 551.8266254482529 10.7697081 106.7204739 50
3700940851 744.4339557406738 558.9390476773231 10.7697724 106.7258388 50
3700940856 160.4121415797911 564.126801993909 10.7698193 106.7204989 50
3700940858 202.6834259059234 558.2864303967137 10.7697665 106.7208854 50
3700940860 297.4192253459865 563.0870388686708 10.7698099 106.7217516 50
3700940863 295.6583775372407 568.7504295081353 10.7698611 106.7217355 50
3700940867 297.8567030611142 574.9890082597407 10.7699175 106.7217556 50
3700940868 163.9775849679606 577.8870714385999 10.7699437 106.7205315 50
3700940873 206.391049551579 572.5887040238501 10.7698958 106.7209193 50
3700940874 411.7102786978949 567.6111145943385 10.7698508 106.7227966 50
3700940876 299.9128483275016 584.1367114999865 10.7700002 106.7217744 50
3700940878 168.3851729583771 591.0168462222441 10.7700624 106.7205718 50
3700940881 215.5452707621229 592.6649813887909 10.7700773 106.721003 50
3700940883 302.2861649396524 595.6404737366463 10.7701042 106.7217961 50
3700940888 173.6349055510404 605.8279401019546 10.7701963 106.7206198 50
3700940892 222.8074008518872 606.878764536974 10.7702058 106.7210694 50
3700940896 305.5563108660061 606.2593311858842 10.7702002 106.721826 50
3700940903 179.7158458088469 617.4976219862119 10.7703018 106.7206754 50
3700940904 227.2587366129816 613.980125456263 10.77027 106.7211101 50
3700940907 310.8935390041996 616.867127325165 10.7702961 106.7218748 50
3700940916 233.5146679548911 624.1565305119658 10.770362 106.7211673 50
3700940917 186.6389306661174 630.0079634187663 10.7704149 106.7207387 50
3700940930 326.1287004683757 638.7242755749065 10.7704937 106.7220141 50
3700940934 245.7531070636247 635.9921320438208 10.770469 106.7212792 50
3700940940 198.5273876010792 646.7105412816173 10.7705659 106.7208474 50
3700940943 249.1982440796471 640.0958779956919 10.7705061 106.7213107 50
3700940951 258.1118525458968 649.6528496997773 10.7705925 106.7213922 50
3700940955 204.061480712889 655.6591409445701 10.7706468 106.720898 50
3700940958 262.1257105918635 656.30069691575 10.7706526 106.7214289 50
3700940960 212.0345120886922 666.2890597039411 10.7707429 106.7209709 50
3700940961 217.0655058237917 672.1294313011363 10.7707957 106.7210169 50
3700940962 274.9656815613326 677.7264540815618 10.7708463 106.7215463 50
3700940963 226.5150244947599 682.3390202860069 10.770888 106.7211033 50
3700940967 235.745804306773 691.3097425688741 10.7709691 106.7211877 50
3700940969 247.52489181504 701.1985535685064 10.7710585 106.7212954 50
3700940976 274.3969605299969 720.8434398496934 10.7712361 106.7215411 50
3700940983 350.791506718181 762.544577957739 10.7716131 106.7222396 50
3700940984 467.8824174546986 822.2756511101202 10.7721531 106.7233102 50
3700940985 562.1807391782426 870.3259810681109 10.7725875 106.7241724 50
3700940993 572.0458616776082 875.5358580040834 10.7726346 106.7242626 50
3700941010 1441.139092642092 1326.173621008328 10.7767086 106.732209 50
4462424937 796.4281823072944 989.6775142741815 10.7736665 106.7263142 50
4622811277 782.4835801031622 14.84427780923011 10.7648535 106.7261867 50
4907667693 1237.930693476902 1162.532603190809 10.7752292 106.730351 50
4907667694 1515.936845165747 1304.803170391598 10.7765154 106.7328929 50
4907667695 1223.461118013504 1041.090482424657 10.7741313 106.7302187 50
4907667696 1231.860690163157 1071.619697591238 10.7744073 106.7302955 50
4907667697 1549.108592994683 1240.260427457654 10.7759319 106.7331962 50
4907667698 1491.492777776288 1353.583546799546 10.7769564 106.7326694 50
4907667699 1438.962641003558 1454.573305666262 10.7778694 106.7321891 50
4907667700 1564.737484406091 1209.852886699546 10.775657 106.7333391 50
4907667701 1568.2591800208 1197.320422647254 10.7755437 106.7333713 50
4907667702 1566.203034754413 1189.444770038883 10.7754725 106.7333525 50
4907667703 1560.340833358344 1182.166428162391 10.7754067 106.7332989 50
4907667704 1308.353668838149 1047.506042133289 10.7741893 106.7309949 50
4907667705 1279.305148484657 1034.398389969559 10.7740708 106.7307293 50
4907667706 1259.946759542254 1032.650703014454 10.774055 106.7305523 50
4907667707 1248.802014724123 1032.650703014454 10.774055 106.7304504 50
4907667708 883.486247826413 823.4481499534364 10.7721637 106.7271102 50
4907667709 847.7880661865622 891.0106304747119 10.7727745 106.7267838 50
4907667710 818.8598522038263 946.0517082532999 10.7732721 106.7265193 50
4907667711 694.5614960950663 884.6724999345479 10.7727172 106.7253828 50
4907667712 1012.071885556225 1046.930854021676 10.7741841 106.7282859 50
4907667713 697.8753897934894 812.5085145186085 10.7720648 106.7254131 50
4907667714 1036.592511547153 984.0473075640605 10.7736156 106.7285101 50
4907667715 1127.95973256988 819.1231778047099 10.7721246 106.7293455 50
4907667716 1072.498495101898 848.7343042545256 10.7723923 106.7288384 50
4907667719 0 111.044489513946 10.7657232 106.7190322 50
4907667720 81.85208069713326 79.86265706675499 10.7654413 106.7197806 50
4907667721 163.9885219106301 55.6605111302049 10.7652225 106.7205316 50
4907667722 217.371740228277 41.96660954437698 10.7650987 106.7210197 50
4907667723 263.4272067973599 31.76808186946391 10.7650065 106.7214408 50
4907667724 327.6817463636186 19.81080592878402 10.7648984 106.7220283 50
4907667725 407.1714473926619 7.576997242694915 10.7647878 106.7227551 50
4907667726 486.0814904490915 1.161437533535036 10.7647298 106.7234766 50
4907667727 538.6006902749782 0 10.7647193 106.7239568 50
4907667728 599.3225972824673 0.2875940558940329 10.7647219 106.724512 50
4907667729 667.6675534919875 2.322875067070072 10.7647403 106.7251369 50
4907667730 748.043146895347 10.19852767544103 10.7648115 106.7258718 50
4907667731 802.0278970737295 17.48793086188994 10.7648774 106.7263654 50
4907667732 871.2587456589574 35.55104983574506 10.7650407 106.7269984 50
4907667733 915.2580669644358 55.6605111302049 10.7652225 106.7274007 50
4907667734 954.8607372207756 77.23006532405202 10.7654175 106.7277628 50
4907667735 994.463407478507 107.5491156037349 10.7656916 106.7281249 50
4907667736 1020.865187651719 130.2801073311171 10.7658971 106.7283663 50
4907667737 1041.689126941052 149.8143805139639 10.7660737 106.7285567 50
4907667738 1062.81930063348 174.879308618198 10.7663003 106.7287499 50
4907667739 1077.48574106632 195.5639580246229 10.7664873 106.728884 50
4907667740 1100.07052816579 230.2522256921569 10.7668009 106.7290905 50
4907667741 1117.383708781693 268.1482732145349 10.7671435 106.7292488 50
4907667742 1129.108111576612 298.1686681285419 10.7674149 106.729356 50
4907667743 1142.024641146159 341.0091211503842 10.7678022 106.7294741 50
4907667744 1149.352392893332 386.4821659151056 10.7682133 106.7295411 50
4907667745 1151.999133076394 420.5841841608935 10.7685216 106.7295653 50
4907667746 1151.408538158328 450.6045790749005 10.768793 106.7295599 50
4907667747 1148.914915176813 480.1825215951966 10.7690604 106.7295371 50
4907667748 1145.688517019746 510.2029165090277 10.7693318 106.7295076 50
4907667749 1140.405973596291 536.2854851189371 10.7695676 106.7294593 50
4907667750 1135.85620534978 555.3773059078974 10.7697402 106.7294177 50
4907667751 1125.006757987898 588.4616836483613 10.7700393 106.7293185 50
4907667752 1112.10116535963 619.0683279839385 10.770316 106.7292005 50
4907667753 1105.648369045495 639.4653833344692 10.7705004 106.7291415 50
4907667756 1098.900275275111 685.8122715768311 10.7709194 106.7290798 50
4907667757 1099.775230705366 737.1035653186576 10.7713831 106.7290878 50
4907667758 1108.284172285888 767.1239602328405 10.7716545 106.7291656 50
4907667759 1112.976120792668 785.7843899378711 10.7718232 106.7292085 50
4907667760 1128.823751058858 821.0478457175459 10.772142 106.7293534 50
4907667761 1210.07429989943 995.927154335568 10.773723 106.7300963 50
4907667762 1225.626632707977 1048.37988561093 10.7741972 106.7302385 50
4907667763 1232.670023938786 1074.617312558831 10.7744344 106.7303029 50
4907667764 1239.418117711954 1117.75642094635 10.7748244 106.7303646 50
4907667765 1238.532225336246 1144.856630061759 10.7750694 106.7303565 50
4907667766 1238.532225336246 1158.849187013263 10.7751959 106.7303565 50
4907667767 1237.066674986534 1167.886277155169 10.7752776 106.7303431 50
4907667768 1234.135574288499 1187.697083083777 10.7754567 106.7303163 50
4907667769 1228.721787550228 1215.029579705823 10.7757038 106.7302668 50
4907667770 1226.217227626044 1228.214661038901 10.775823 106.7302439 50
4907667771 1218.878538936201 1255.02727609824 10.7760654 106.7301768 50
4907667772 1204.50739595822 1286.209108545606 10.7763473 106.7300454 50
4907667773 1185.444304477633 1322.313223873402 10.7766737 106.7298711 50
4907667774 989.126179341705 1092.414960096003 10.7745953 106.7280761 50
4907667775 1031.430274495846 1009.621055921044 10.7738468 106.7284629 50
4907667776 1038.758026241627 993.8808120144352 10.7737045 106.7285299 50
4907667777 1032.009932469851 974.0589447756936 10.7735253 106.7284682 50
4907667778 998.5756980112818 896.5302240859654 10.7728244 106.7281625 50
4907667779 998.4335177537957 886.6192904667705 10.7727348 106.7281612 50
4907667782 723.5225209058106 749.547538891997 10.7714956 106.7256476 50
4907667926 807.8572876417894 589.4461402245175 10.7700482 106.7264187 50
4907667927 767.9921307544249 662.1963750620272 10.7707059 106.7260542 50
4907667928 717.2447156771707 761.8808993671726 10.7716071 106.7255902 50
4907667929 703.4641676186465 792.7751377588202 10.7718864 106.7254642 50
4907667930 692.8990807717372 830.0849358592761 10.7722237 106.7253676 50
4907667931 691.4335304234158 849.3205536760956 10.7723976 106.7253542 50
4907667932 692.3084858564539 873.5116383028646 10.7726163 106.7253622 50
4907667933 697.6019662225781 897.4151288737389 10.7728324 106.7254106 50
4907667934 699.6799853743046 940.2223979660619 10.7732194 106.7254296 50
4907667935 700.2377694615792 959.2036056566824 10.773391 106.7254347 50
4907667936 697.8863267375502 974.6451941976156 10.7735306 106.7254132 50
4907667937 694.0693336638084 999.4225282457788 10.7737546 106.7253783 50
4907667938 689.0820876979953 1015.162772152388 10.7738969 106.7253327 50
4907667939 685.8556895437109 1024.188800984513 10.7739785 106.7253032 50
4907667940 680.2887856025013 1038.480013301516 10.7741077 106.7252523 50
4907667941 672.6110516843397 1053.10306491389 10.7742399 106.7251821 50
4907667942 757.7551521959485 258.5581175805781 10.7670568 106.7259606 50
4907667943 809.5087660196663 286.3662505260305 10.7673082 106.7264338 50
4907667944 818.4551853167071 296.122325807409 10.7673964 106.7265156 50
4907667945 826.0782345215214 308.6547898595257 10.7675097 106.7265853 50
4907667946 833.7122206676136 328.1890630421971 10.7676863 106.7266551 50
4907667947 838.6994666320352 351.2076488254737 10.7678944 106.7267007 50
4907667948 836.6433213684306 372.7772030193206 10.7680894 106.7266819 50
4907667949 834.5871760992603 25.06492810440909 10.7649459 106.7266631 50
4907667952 810.810262226554 181.449726664998 10.7663597 106.7264457 50
4907667953 827.5437848684513 396.680693590195 10.7683055 106.7265987 50
4907667954 815.22878715964 421.7456216946046 10.7685321 106.7264861 50
4907667955 797.0297141680298 462.2631996493767 10.7688984 106.7263197 50
4907667956 785.0100139154687 485.5804407986808 10.7691092 106.7262098 50
4907667957 771.8091238281668 504.5174032498247 10.7692804 106.7260891 50
4907667958 735.1266173271916 554.072071346503 10.7697284 106.7257537 50
4907667959 716.0744627864908 570.973752786647 10.7698812 106.7255795 50
4907667960 689.6726826160615 594.8772433573455 10.7700973 106.7253381 50
4907667961 662.1006495535607 621.3912030511847 10.770337 106.725086 50
4907667962 639.8002229718452 653.1703462300782 10.7706243 106.7248821 50
4907667963 612.2281899093446 694.5617676624909 10.7709985 106.72463 50
4907667964 595.2103067496923 738.8512522737631 10.7713989 106.7244744 50
4907667965 583.7702644711363 775.5748009528245 10.7717309 106.7243698 50
4907667966 578.2033605327096 799.7658855794175 10.7719496 106.7243189 50
4907667967 576.4425127253551 813.1721931091749 10.7720708 106.7243028 50
4907667968 573.7957725422932 841.1573070120062 10.7723238 106.7242786 50
4907667983 1098.900275275111 718.4541969234082 10.7712145 106.7290798 50
4907667984 1076.020190717999 718.4541969234082 10.7712145 106.7288706 50
4907667985 1056.94616229335 714.3725735914513 10.7711776 106.7286962 50
4907667986 943.1253974859694 657.8271576739999 10.7706664 106.7276555 50
4907667987 798.5062014576292 584.6676543722989 10.770005 106.7263332 50
4944096830 689.5195654145144 935.5987704518354 10.7731776 106.7253367 50
4944096831 579.3408025939895 878.9648640556068 10.7726656 106.7243293 50
5238045529 378.6369633543758 584.0592823309904 10.7699995 106.7224942 50
5238045530 404.316905293314 599.0584184778609 10.7701351 106.722729 50
5238045531 414.2913972235486 590.9726009827675 10.770062 106.7228202 50
5238045532 416.9928221199581 578.7277309865452 10.7699513 106.7228449 50
5238045533 415.275722084673 572.7325010517095 10.7698971 106.7228292 50
5238045534 385.1991290979878 566.2837574132058 10.7698388 106.7225542 50
5238045535 378.6916480677232 577.4888642840139 10.7699401 106.7224947 50
5238045536 410.004115603888 595.8616999335018 10.7701062 106.722781 50
5238045537 380.9774691357353 571.3277147015806 10.7698844 106.7225156 50
5238045538 385.7131654118018 596.0386808908806 10.7701078 106.7225589 50
5238045539 416.7084616035946 584.9441871184123 10.7700075 106.7228423 50
5735330401 242.2423483915853 280.9683313225462 10.7672594 106.7212471 50
5735330403 380.7915411061799 590.2536158429433 10.7700555 106.7225139 50
5735330404 322.1585901944783 632.7843521895046 10.77044 106.7219778 50
5735330405 240.3393203253535 695.4245498303503 10.7710063 106.7212297 50
5735330406 177.2987814246268 819.6209367476787 10.7721291 106.7206533 50
5735330407 589.4465378376492 302.0954331226823 10.7674504 106.7244217 50
5735330408 629.8585418696191 128.797891811992 10.7658837 106.7247912 50
5735330410 605.3160419947435 171.9591228196 10.7662739 106.7245668 50
5735330411 548.9470382629322 280.4926949991399 10.7672551 106.7240514 50
5735330412 497.3137308113617 379.9117478681291 10.7681539 106.7235793 50
5735330413 477.7694138421859 419.3895626978389 10.7685108 106.7234006 50
5735330414 403.9122384061948 562.6998930240418 10.7698064 106.7227253 50
5735330415 693.1943782307702 180.122369483866 10.7663477 106.7253703 50
5735330416 659.7492068295317 173.706809774706 10.7662897 106.7250645 50
5735330420 867.1573920688521 618.7696726180868 10.7703133 106.7269609 50
5735330521 1079.334084419204 845.0840720063225 10.7723593 106.7289009 50
5735330522 1071.328242211219 831.5339674485298 10.7722368 106.7288277 50
5735330523 926.1184512689866 751.6823716919072 10.7715149 106.7275 50
5735330524 766.9093734078838 664.3312078615855 10.7707252 106.7260443 50
5740099647 1449.079313191278 1436.775658128739 10.7777085 106.7322816 50
5740099648 1481.321420873828 1373.128881292174 10.7771331 106.7325764 50
5740099656 1338.474009598295 1272.459900410696 10.776223 106.7312703 50
5740257891 699.5378051168184 963.8161718613034 10.7734327 106.7254283 50
5740298577 678.7466766554936 524.5604966854219 10.7694616 106.7252382 50
5744766796 753.2163208907156 388.8935314607774 10.7682351 106.7259191 50
5744766797 761.3971541855874 393.4729137358788 10.7682765 106.7259939 50
5744766798 765.6516249730655 393.4729137358788 10.7682765 106.7260328 50
5744766799 767.9921307544249 392.455273230203 10.7682673 106.7260542 50
5744766800 783.4022833082697 367.5341421538287 10.768042 106.7261951 50
5744766801 783.4022833082697 362.2910812883367 10.7679946 106.7261951 50
5744766802 783.4022833082697 357.9108025905283 10.767955 106.7261951 50
5744766803 779.7930921480308 340.4892395876772 10.7677975 106.7261621 50
5744766804 780.4274348367749 339.327802054142 10.767787 106.7261679 50
5744766805 718.0868602822004 452.8721475928888 10.7688135 106.7255979 50
5744766806 726.1911349742115 457.5953268958497 10.7688562 106.725672 50
5744766807 729.2753528737927 459.7854662446659 10.768876 106.7257002 50
5744766808 731.0362006811472 463.1370431270173 10.7689063 106.7257163 50
5744766809 715.0463901532971 495.7789684739462 10.7692014 106.7255701 50
5744766810 712.4105869129046 497.5266554290515 10.7692172 106.725546 50
5744766811 709.7638467312339 497.8142494847701 10.7692198 106.7255218 50
5744766812 697.2957318208756 490.7571338049579 10.769156 106.7254078 50
5744767371 516.1362095504378 395.2095393810271 10.7682922 106.7237514 50
5744767372 481.8379566015 376.5822936053401 10.7681238 106.7234378 50
6703291113 911.7363713483355 994.5444906051775 10.7737105 106.7273685 50
6703291114 887.9594574742378 1038.480013301516 10.7741077 106.7271511 50
6703291115 1041.426640311419 973.7049828609358 10.7735221 106.7285543 50
6703291116 1174.048009971146 918.3984336458399 10.7730221 106.7297669 50
6770470054 195.9681429621558 803.6373440246518 10.7719846 106.720824 50
6770470055 187.426390555017 799.9760504664919 10.7719515 106.7207459 50
6770470056 191.4949333157225 812.4863918988701 10.7720646 106.7207831 50
6770470057 182.9094331365143 808.7366078621087 10.7720307 106.7207046 50
6770553425 1194.828201489801 1306.318569840066 10.7765291 106.7299569 50
6855606283 616.8873275881162 687.5710198418935 10.7709353 106.7246726 50
6855606284 727.44888340903 741.8378059317514 10.7714259 106.7256835 50
6855606285 991.0073335212064 888.3669774218758 10.7727506 106.7280933 50
6855606286 879.5817592113153 830.5384495627682 10.7722278 106.7270745 50
6855606287 994.2446686209431 881.3651682914972 10.7726873 106.7281229 50
6855606288 382.9679927433231 593.3839665286151 10.7700838 106.7225338 50
6855606289 390.8972763498398 562.9543031504168 10.7698087 106.7226063 50
6855606290 397.382883493374 561.7043751382802 10.7697974 106.7226656 50
6855606291 408.112024481717 564.6798674859597 10.7698243 106.7227637 50
6855606292 397.88598286591 600.1977333918336 10.7701454 106.7226702 50
6855606293 391.4441234944451 599.1469089568142 10.7701359 106.7226113 50
6855606294 553.6061759417039 655.1281980722578 10.770642 106.724094 50
6855606295 411.9399544981283 593.6604992743765 10.7700863 106.7227987 50
6855606296 549.5485701222763 662.9927893704958 10.7707131 106.7240569 50
6855606297 831.4920212597925 24.41231082344802 10.76494 106.7266348 50
6855606298 825.2689007458914 73.14844199191998 10.7653806 106.7265779 50
6855606299 817.0552566244027 119.782924290176 10.7658022 106.7265028 50
6855606300 803.5590690808506 164.957313689046 10.7662106 106.7263794 50
6855606301 776.5776309336331 222.3765730841378 10.7667297 106.7261327 50
6855606302 413.6023698214573 920.3452241780624 10.7730397 106.7228139 50
6855606303 798.1890301132572 176.383646756709 10.7663139 106.7263303 50
6855606304 465.2903619863752 820.9482939288114 10.7721411 106.7232865 50
6855606305 551.9546975624356 654.2875385243126 10.7706344 106.7240789 50
6855606306 547.875217860452 662.1410685129453 10.7707054 106.7240416 50
6855606307 632.1115521096227 500.1592471714029 10.769241 106.7248118 50
6855606308 844.266370570462 27.57584543864004 10.7649686 106.7267516 50
6855606309 837.8791959151273 78.56848381478994 10.7654296 106.7266932 50
6855606310 830.256146710313 119.373655825985 10.7657985 106.7266235 50
6855606311 816.4646617091195 166.881981601706 10.766228 106.7264974 50
6855606312 797.9921651424238 209.1361852019779 10.76661 106.7263285 50
6855606313 427.8641433671784 927.3912785482694 10.7731034 106.7229443 50
6855606314 479.0052883888825 827.9390417497606 10.7722043 106.7234119 50
6855606315 769.3155008466517 264.763512402488 10.7671129 106.7260663 50
6855606316 561.0432971169627 668.7778544184331 10.7707654 106.724162 50
6855606317 565.0571551615379 661.0017535987965 10.7706951 106.7241987 50
6855606318 644.6015409067114 506.6964812890357 10.7693001 106.724926 50
6855606352 489.2750777767588 178.319375979502 10.7663314 106.7235058 50
6855606353 480.4380279091956 140.7330451329331 10.7659916 106.723425 50
6855606354 481.7285871720225 179.989633765612 10.7663465 106.7234368 50
6855606355 472.464996532001 142.5139160173819 10.7660077 106.7233521 50
6856305874 1100.704870853143 661.3446542041248 10.7706982 106.7290963 50
6856428960 999.0131757278009 965.5306748868892 10.7734482 106.7281665 50
6856428963 1020.033979989359 946.2950570700696 10.7732743 106.7283587 50
6857806177 1028.56479545522 1015.151710842606 10.7738968 106.7284367 50
6857806178 1239.221252738338 1123.707405641884 10.7748782 106.7303628 50
6866593126 594.4337838034622 293.3459370370225 10.7673713 106.7244673 50
6866593127 520.7078516850706 254.3105746008478 10.7670184 106.7237932 50
6866593128 553.5186803975652 271.6878923642222 10.7671755 106.7240932 50
6866593129 562.3557302651286 276.3668264275304 10.7672178 106.724174 50
8359584599 737.6639880807761 905.9544600723245 10.7729096 106.7257769 50
8359584600 734.995374012375 866.9522815660212 10.772557 106.7257525 50
8359584601 735.1375542698611 858.9328319296148 10.7724845 106.7257538 50
8359584602 738.7358084846476 834.0448847829359 10.7722595 106.7257867 50
8359584603 745.7026411153789 812.1545526038509 10.7720616 106.7258504 50
8359584604 749.9571119070313 800.6397290570583 10.7719575 106.7258893 50
8359584605 756.5520884786517 784.9105464602304 10.7718153 106.7259496 50
8359584606 762.0314968729399 769.5353257783363 10.7716763 106.7259997 50
8359610553 509.202187747715 642.6510405693988 10.7705292 106.723688 50
8359610554 475.9648182627622 710.7334026532054 10.7711447 106.7233841 50
8359610555 429.7015497773936 802.7966844765308 10.771977 106.7229611 50
8359619408 760.8721809249296 162.899910058132 10.766192 106.7259891 50
8359619409 652.7058155987227 373.6510464971371 10.7680973 106.7250001 50
8359619410 595.2649914658225 480.8793841152825 10.7690667 106.7244749 50
8359619411 534.2696608860309 597.786367845986 10.7701236 106.7239172 50
8359619412 514.4737942285001 635.0740433268795 10.7704607 106.7237362 50
8366455770 1489.021028677329 1358.05231597578 10.7769968 106.7326468 50
8366455771 1486.713333725369 1362.498962532979 10.777037 106.7326257 50
8383237482 532.6181825067628 0.1327357182540254 10.7647205 106.7239021 50
8814948732 637.7440777054578 166.859858981967 10.7662278 106.7248633 50
8815014772 267.9441642186454 620.1523363484774 10.7703258 106.7214821 50
8815014773 258.8883754935182 613.8142058086653 10.7702685 106.7213993 50
8815014774 251.8449842627092 610.3188318982786 10.7702369 106.7213349 50
8815014775 245.6874854076078 607.841098493392 10.7702145 106.7212786 50
8815014776 237.473841286119 605.8058174822162 10.7701961 106.7212035 50
8815014777 232.3334781201504 605.8058174822162 10.7701961 106.7211565 50
