3700940761 3700940774
3700940774 6866593129
6866593129 3700940791
3700940791 3700940810
3700940810 3700940820
3700940820 3700940874
3700940930 5735330404
5735330404 3700940907
3700940907 3700940896
3700940896 3700940883
3700940883 3700940876
3700940876 3700940867
3700940867 3700940863
3700940863 3700940860
3700940860 3700940846
3700940846 3700940840
3700940840 3700940829
3700940829 3700940817
3700940817 3700940807
3700940807 3700940798
3700940795 3700940784
3700940934 8815014772
8815014772 3700940883
3700940800 3700940817
3700940829 3700940811
3700940863 3700940841
4907667769 4907667774
4907667774 6703291114
6703291114 4462424937
4462424937 4907667934
4907667934 4944096830
5735330407 3700940791
3700940791 5735330411
5735330411 3700940787
3700940787 3700940781
3700940825 3700940827
3700940827 3700940840
3700940813 5735330407
5735330407 6866593126
6866593126 3700940790
3700940790 3700940775
3700940775 5735330416
5735330416 5735330415
5735330415 3700940779
3700940803 3700940795
3700940795 3700940787
3700940787 6866593127
6866593127 3700940771
3700940830 3700940821
3700940821 3700940815
3700940815 3700940779
3700940779 3700940766
3700940789 3700940798
3700940798 3700940803
3700940803 5744767372
3700940851 4907667958
4907667958 5740298577
5740298577 6855606318
6855606318 3700940837
3700940837 6855606307
6855606307 8359619410
8359619410 3700940830
3700940830 3700940820
3700940820 5735330413
5735330413 3700940807
3700940807 3700940792
4907667773 6770553425
6770553425 4907667772
4907667772 4907667771
4907667771 4907667770
4907667770 4907667769
4907667769 4907667768
4907667768 4907667767
4907667767 4907667693
4907667693 4907667766
4907667766 4907667765
4907667765 6857806178
6857806178 4907667764
4907667764 4907667763
4907667763 4907667696
4907667696 4907667762
4907667762 4907667695
4907667695 4907667761
4907667761 6703291116
6703291116 4907667760
4907667760 4907667715
4907667715 4907667759
4907667759 4907667758
4907667758 4907667757
4907667757 4907667983
4907667983 4907667756
4907667756 6856305874
6856305874 4907667753
4907667694 4907667693
4907667693 4907667712
4907667697 4907667696
4907667702 4907667701
4907667701 4907667700
4907667700 4907667697
4907667697 4907667694
4907667694 4907667698
4907667698 8366455770
8366455770 8366455771
8366455771 5740099648
5740099648 5740099647
5740099647 4907667699
4907667695 4907667707
4907667707 4907667706
4907667706 4907667705
4907667705 4907667704
4907667704 4907667703
4907667703 4907667702
4907667710 4907667709
4907667709 6855606286
6855606286 4907667708
4907667712 6703291113
6703291113 4907667710
4907667710 8359584599
8359584599 4907667711
4907667714 6856428960
6856428960 4907667709
4907667709 8359584602
8359584602 4907667713
4907667779 4907667716
4907667716 5735330521
5735330521 4907667715
4907667753 4907667752
4907667752 4907667751
4907667751 4907667750
4907667750 4907667749
4907667749 4907667748
4907667748 4907667747
4907667747 4907667746
4907667746 4907667745
4907667745 4907667744
4907667744 4907667743
4907667743 4907667742
4907667742 4907667741
4907667741 4907667740
4907667740 4907667739
4907667739 4907667738
4907667738 4907667737
4907667737 4907667736
4907667736 4907667735
4907667735 4907667734
4907667734 4907667733
4907667941 4907667940
4907667940 4907667939
4907667939 4907667938
4907667938 4907667937
4907667937 4907667936
4907667936 5740257891
5740257891 4907667935
4907667935 4907667934
4907667934 4907667933
4907667933 4907667711
4907667711 4907667932
4907667932 4907667931
4907667931 4907667930
4907667930 4907667713
4907667713 4907667929
4907667929 4907667928
4907667928 4907667782
4907667782 6855606284
6855606284 5735330524
5735330524 4907667927
4907667927 4907667926
3700940993 4907667968
4907667968 4907667967
4907667967 4907667966
4907667966 4907667965
4907667965 4907667964
4907667964 4907667963
4907667963 6855606283
6855606283 4907667962
4907667962 4907667961
4907667961 4907667960
4907667960 4907667959
4907667959 4907667958
4907667958 4907667957
4907667957 4907667956
4907667956 4907667955
4907667955 4907667954
4907667954 4907667953
4907667953 4907667948
4907667948 4907667947
4907667947 4907667946
4907667946 4907667945
4907667945 4907667944
4907667944 4907667943
4907667943 6855606315
6855606315 4907667942
4907667987 4907667926
4907667926 5735330420
5735330420 4907667986
4907667986 4907667985
4907667985 4907667984
4907667984 4907667983
3700940851 4907667987
4944096831 3700940993
4944096830 4944096831
5238045538 3700940930
3700940930 3700940962
3700940962 3700940969
3700940969 6770470054
6770470054 6770470056
6770470056 3283243935
6855606292 6855606293
6855606293 5238045538
5238045538 6855606288
6855606288 5735330403
5735330403 5238045529
5238045529 5238045535
5238045535 5238045537
5238045537 5238045534
5238045534 6855606289
6855606289 6855606290
6855606290 5735330414
5735330414 6855606291
6855606291 3700940874
3700940874 5238045533
5238045533 5238045532
5238045532 5238045539
5238045539 5238045531
5238045531 6855606295
6855606295 5238045536
5238045536 5238045530
5238045530 6855606292
4907667733 4907667732
4907667732 6855606308
6855606308 4907667949
4907667949 6855606297
6855606297 4907667731
4907667731 4622811277
4622811277 4907667730
4907667730 4907667729
4907667729 4907667728
4907667728 4907667727
4907667727 8383237482
8383237482 4907667726
4907667726 4907667725
4907667725 4907667724
4907667724 4907667723
4907667723 4907667722
4907667722 4907667721
4907667721 4907667720
4907667720 4907667719
3700940958 3700940951
3700940951 3700940943
3700940943 3700940934
3700940934 3700940916
3700940916 3700940904
3700940904 3700940892
3700940892 3700940881
3700940881 3700940873
3700940873 3700940858
3700940858 3700940849
3700940849 3700940844
3700940844 3700940842
3700940842 3700940841
3700940841 3700940839
3700940839 3700940836
3700940836 3700940832
3700940832 3700940828
3700940828 3700940827
3700940827 3700940823
3700940823 3700940818
3700940818 3700940814
3700940814 3700940811
3700940811 3700940809
3700940809 3700940802
3700940802 3700940800
3700940800 3700940797
3700940993 3700940985
3700940985 6855606314
6855606314 3700940984
3700940984 6855606304
6855606304 8359610555
8359610555 3700940983
3700940983 3700940976
3700940976 3700940969
3700940969 5735330405
5735330405 3700940967
3700940967 3700940963
3700940963 3700940961
3700940961 3700940960
3700940960 3700940955
3700940955 3700940940
3700940940 3700940917
3700940917 3700940903
3700940903 3700940888
3700940888 3700940878
3700940878 3700940868
3700940868 3700940856
3700940856 3700940850
3700940850 3700940845
3700940845 3700940843
3700940843 3700940838
3700940838 3700940834
3700940834 3700940831
3700940831 3700940826
3700940826 3700940825
3700940825 3700940822
3700940822 3700940816
3700940816 3700940805
3700940805 3700940799
3700940799 3700940796
3700940796 3700940792
3700940792 5735330401
5735330401 3700940785
3700940785 3700940783
3700940783 3700940777
3700940777 3700940768
3700940768 3700940765
3700940765 6855606355
6855606355 6855606353
6855606353 3700940763
3700940763 3700940760
3700940760 3700940758
3700940758 3700940759
3700940759 5735330408
5735330408 3700940761
3700940761 3700940762
3700940762 3700940764
3700940764 3700940766
3700940766 3700940767
3700940767 8359619408
8359619408 3700940769
3700940769 6855606303
6855606303 4907667952
5735330406 6770470057
6770470057 6770470055
6770470055 5735330405
5735330405 5735330404
5735330404 5735330403
5735330414 5735330413
5735330413 5735330412
5735330412 5735330411
5735330411 6866593128
6866593128 5735330410
5735330410 5735330408
5735330524 5735330523
5735330523 5735330522
5735330522 5735330521
5740298577 5744766812
5744766812 5744766805
5744766803 5744766802
5744766802 5744766801
5744766801 5744766800
5744766800 5744766799
5744766799 5744766798
5744766798 5744766797
5744766797 5744766796
5744766805 5744766806
5744766806 5744766807
5744766807 5744766808
5744766808 5744766809
5744766809 5744766810
5744766810 5744766811
5744766811 5744766812
3700940793 3700940789
3700940789 3700940788
3700940788 3700940786
3700940786 3700940784
3700940784 3700940782
3700940782 3700940781
3700940781 3700940780
3700940780 3700940778
3700940778 6855606354
6855606354 6855606352
6855606352 3700940776
3700940776 3700940773
3700940773 3700940771
3700940771 3700940770
3700940770 3700940772
3700940772 5735330410
5735330410 3700940774
5744767371 3700940813
3700940813 3700940821
4907667698 3700941010
3700941010 5740099656
5740099656 4907667769
4907667714 4907667776
4907667776 4907667775
4907667775 6857806177
6857806177 4907667712
4907667712 4907667774
4907667774 2275303187
4907667779 4907667778
4907667778 6856428963
6856428963 4907667777
4907667777 4907667714
5744766796 5744766803
5744766803 5744766804
5744766804 4907667943
6703291113 6703291114
4907667710 4462424937
4907667714 6703291115
6703291115 6703291116
4907667782 4907667963
6855606283 6855606284
4907667779 6855606285
6855606285 6855606286
6855606286 8359584606
8359584606 4907667782
6855606284 4907667708
4907667708 6855606287
6855606287 4907667779
5238045539 8359619412
8359619412 6855606305
6855606305 6855606294
6855606294 6855606317
6855606317 6855606283
4907667963 6855606316
6855606316 6855606296
6855606296 6855606306
6855606306 8359610553
8359610553 6855606295
6855606302 6855606304
6855606304 6855606306
6855606306 6855606305
6855606305 6855606307
6855606307 4907667942
4907667942 6855606301
6855606301 6855606303
6855606303 6855606300
6855606300 6855606299
6855606299 6855606298
6855606298 6855606297
6855606308 6855606309
6855606309 6855606310
6855606310 6855606311
6855606311 4907667952
4907667952 6855606312
6855606312 6855606315
6855606315 6855606318
6855606318 6855606317
6855606317 6855606316
6855606316 6855606314
6855606314 6855606313
6866593126 6866593129
6866593129 6866593128
6866593128 6866593127
8359584606 8359584605
8359584605 8359584604
8359584604 8359584603
8359584603 8359584602
8359584602 8359584601
8359584601 8359584600
8359584600 8359584599
5744766805 5744766796
8359610555 8359610554
8359610554 8359610553
8359619412 8359619411
8359619411 8359619410
8359619410 8359619409
8359619409 8359619408
5735330416 8814948732
3700940892 8815014777
8815014777 8815014776
8815014776 8815014775
8815014775 8815014774
8815014774 8815014773
8815014773 8815014772
