9728365302 9727816918 1 4.703665900754031
9727816918 9727816913 1 10.20898137405725
9727816913 9740157027 1 19.9860650051349
9740157027 9728408221 1 33.36206167486732
9728408221 9740157027 0 46.73805834459974
9740157027 9727816913 0 56.51514197567739
9727816913 9727816918 0 62.02045744898061
9727816918 9728365302 0 66.72412334973464
9728365302 9727816932 0 71.37928243949725
9727816932 9728365296 0 83.92494845521459
9728365296 9727816932 1 96.47061447093193
9727816932 9728365296 0 109.0162804866493
9728365296 9728365294 0 116.6504066671794
9728365294 9728365296 1 124.2845328477096
9728365296 9728365294 0 131.9186590282397
9728365294 9728408232 1 145.484454785167
9728408232 9728408230 1 153.6840532570824
9728408230 9728408228 1 161.5094380963453
9728408228 9728408226 1 172.8562714633233
9728408226 9728408225 1 178.2722557408389
9728408225 9728408222 1 188.9759710303128
9728408222 9727816914 0 198.9500533551078
9727816914 9728408222 1 208.9241356799029
9728408222 9727816914 0 218.8982180046979
9727816914 9728408220 0 229.7043957475744
9728408220 9727816914 1 240.5105734904508
9727816914 9728408220 0 251.3167512333273
9728408220 9728365316 1 268.1160023460427
9728365316 9728365314 1 275.8759889198224
9728365314 9728365312 1 285.6160289938713
9728365312 9728408221 1 300.3999526925754
9728408221 9740157027 0 313.7759493623079
9740157027 9740157028 0 326.7537680146437
9740157028 9740157029 0 399.0821714764068
9740157029 9740157028 1 471.4105749381698
9740157028 9740157027 1 484.3883935905056
9740157027 9740157028 0 497.3662122428415
9740157028 9740157029 0 569.6946157046045
9740157029 9740157031 0 583.03748897559
9740157031 9740157032 0 602.8643386667388
9740157032 9740157003 1 619.007078629824
9740157003 9740157004 1 638.8250578574632
9740157004 9740157031 1 654.9900151200868
9740157031 9740157032 0 674.8168648112356
9740157032 9740157031 1 694.6437145023845
9740157031 9740157055 1 697.5394252885387
9740157055 9740157054 1 713.6987315319992
9740157054 9740157029 1 733.1167832198796
9740157029 9740157031 0 746.4596564908651
9740157031 9740157029 1 759.8025297618506
9740157029 9740157024 1 770.5767940407192
9740157024 9740157004 0 782.9549743271249
9740157004 9740157003 0 802.7729535547641
9740157003 9740157076 1 821.101351357269
9740157076 9740157075 1 840.9182094569246
9740157075 9740157076 0 860.7350675565804
9740157076 9740157078 1 900.8423025991709
9740157078 9740157134 1 927.5249692023162
9740157134 9740157002 1 938.0316398042226
9740157002 9740157079 1 948.0719938904716
9740157079 9740157001 1 957.8394838040755
9740157001 9740157087 1 961.833558301613
9740157087 9740157077 1 994.9511579313187
9740157077 9740157075 1 1035.191555616513
9740157075 9740157004 1 1053.309156533833
9740157004 9740157024 1 1065.687336820239
9740157024 9728365300 1 1091.653540536465
9728365300 9728365299 1 1095.282211593656
9728365299 9728365302 1 1141.30024830372
9728365302 9727816932 0 1145.955407393483
9727816932 9728365302 1 1150.610566483246
