117.4642217677017 38.010177110314 71.44618505763779 38.010177110314 1 9.203607342012782
71.44618505763779 38.010177110314 68.59961480251847 41.6935918213762 0 9.78550222823311
68.59961480251847 41.6935918213762 71.44618505763779 38.010177110314 1 10.71653404618563
71.44618505763779 38.010177110314 69.65457374732175 33.66108504200091 1 11.65726722633644
69.65457374732175 33.66108504200091 65.99859533667481 29.54498004801991 1 12.75833032099708
65.99859533667481 29.54498004801991 58.36833193724731 23.4318429822865 1 14.71374704721261
58.36833193724731 23.4318429822865 46.6910277613384 16.90820487981691 1 17.3889463811591
46.6910277613384 16.90820487981691 58.36833193724731 23.4318429822865 0 19.06094596487565
58.36833193724731 23.4318429822865 65.99859533667481 29.54498004801991 0 20.28308141876036
65.99859533667481 29.54498004801991 69.65457374732175 33.66108504200091 0 20.97124585292326
69.65457374732175 33.66108504200091 71.44618505763779 38.010177110314 0 21.55920409051751
71.44618505763779 38.010177110314 68.59961480251847 41.6935918213762 0 22.14109897673784
68.59961480251847 41.6935918213762 59.9143924594447 50.74680388281038 0 23.70930722870251
59.9143924594447 50.74680388281038 68.59961480251847 41.6935918213762 1 26.21844043184598
68.59961480251847 41.6935918213762 59.9143924594447 50.74680388281038 0 27.78664868381065
59.9143924594447 50.74680388281038 53.5573553725512 54.9738551027646 0 28.74091445637692
53.5573553725512 54.9738551027646 59.9143924594447 50.74680388281038 1 30.26773969248295
59.9143924594447 50.74680388281038 53.5573553725512 54.9738551027646 0 31.22200546504922
53.5573553725512 54.9738551027646 40.73414751489891 59.40060952989407 1 33.93516461643468
40.73414751489891 59.40060952989407 32.5673101696072 60.13285462286998 1 35.57508431081777
32.5673101696072 60.13285462286998 24.75515729745641 59.67797509518 1 37.14016127867035
24.75515729745641 59.67797509518 13.88726127591821 56.41615604394522 1 39.40952795206594
13.88726127591821 56.41615604394522 7.921286556016099 70.24005583351988 1 42.4207938636102
7.921286556016099 70.24005583351988 13.88726127591821 56.41615604394522 0 44.30283505832536
13.88726127591821 56.41615604394522 8.839828395409199 54.45240783934955 1 45.38603191382848
8.839828395409199 54.45240783934955 0 48.4169331324325 1 47.52677497172327
0 48.4169331324325 0.01818894808221216 38.44286739252701 0 48.77353526232265
0.01818894808221216 38.44286739252701 0 48.4169331324325 1 50.76835172728165
0 48.4169331324325 0.01818894808221216 38.44286739252701 0 52.01511201788103
0.01818894808221216 38.44286739252701 0.03637789500740496 27.6367049574695 0 53.36588423574059
0.03637789500740496 27.6367049574695 0.01818894808221216 38.44286739252701 1 55.52711978431588
0.01818894808221216 38.44286739252701 0.03637789500740496 27.6367049574695 0 56.87789200217544
0.03637789500740496 27.6367049574695 14.81489758993089 19.6485766676366 1 60.23774222471852
14.81489758993089 19.6485766676366 22.25417704085839 17.4407467656176 1 61.78973953947446
22.25417704085839 17.4407467656176 31.9216025398776 16.25362214495171 1 63.73774755428423
31.9216025398776 16.25362214495171 46.6910277613384 16.90820487981691 1 66.69453229402507
46.6910277613384 16.90820487981691 58.36833193724731 23.4318429822865 0 68.36653187774162
58.36833193724731 23.4318429822865 71.34614584723502 23.4207483599009 0 69.9887592092836
71.34614584723502 23.4207483599009 143.6744948504154 23.3319913786989 0 79.02980964200398
143.6744948504154 23.3319913786989 71.34614584723502 23.4207483599009 1 93.49549033435659
71.34614584723502 23.4207483599009 58.36833193724731 23.4318429822865 1 96.09105406482377
58.36833193724731 23.4318429822865 71.34614584723502 23.4207483599009 0 97.71328139636574
71.34614584723502 23.4207483599009 143.6744948504154 23.3319913786989 0 106.7543318290861
143.6744948504154 23.3319913786989 155.8247116579503 17.8179639344911 0 108.4221909879593
155.8247116579503 17.8179639344911 175.6506642322257 17.62935535040721 0 110.9005471993529
175.6506642322257 17.62935535040721 181.1801042166663 15.2772953538466 0 111.6516598403828
181.1801042166663 15.2772953538466 185.9001360455792 10.7728785686065 0 112.4672163129935
185.9001360455792 10.7728785686065 206.3445128280393 10.85054092742291 0 115.022781849307
206.3445128280393 10.85054092742291 185.9001360455792 10.7728785686065 1 119.1116867074086
185.9001360455792 10.7728785686065 181.1801042166663 15.2772953538466 1 120.4165770635857
181.1801042166663 15.2772953538466 175.6506642322257 17.62935535040721 1 121.6183572892335
175.6506642322257 17.62935535040721 175.6961365995388 33.7720312679742 1 124.8469052818506
175.6961365995388 33.7720312679742 155.879278499883 33.9828290982408 1 128.8105011273784
155.879278499883 33.9828290982408 155.8247116579503 17.8179639344911 1 132.0434925799031
155.8247116579503 17.8179639344911 175.6506642322257 17.62935535040721 0 134.5218487912967
175.6506642322257 17.62935535040721 155.8247116579503 17.8179639344911 1 138.4872187295265
155.8247116579503 17.8179639344911 155.8156171844877 14.92226742974431 1 139.0663608867573
155.8156171844877 14.92226742974431 143.9837069539293 3.91640178610001 1 142.2982221354494
143.9837069539293 3.91640178610001 144.0473682693246 0 0 142.7878370305654
144.0473682693246 0 143.9837069539293 3.91640178610001 1 143.5712208627511
143.9837069539293 3.91640178610001 143.6744948504154 23.3319913786989 1 147.4548312003271
143.6744948504154 23.3319913786989 155.8247116579503 17.8179639344911 0 149.1226903592003
155.8247116579503 17.8179639344911 143.6744948504154 23.3319913786989 1 151.7912650133974
143.6744948504154 23.3319913786989 143.5016998499977 34.10486994659961 1 153.9461178691712
143.5016998499977 34.10486994659961 155.879278499883 33.9828290982408 0 155.4933904049719
155.879278499883 33.9828290982408 175.6961365995388 33.7720312679742 0 157.9706378084268
175.6961365995388 33.7720312679742 175.7507034414714 52.10034784278898 1 161.6363173689278
175.7507034414714 52.10034784278898 155.9338453418157 52.10034784278898 1 165.5996889888589
155.9338453418157 52.10034784278898 175.7507034414714 52.10034784278898 0 168.0767962513159
175.7507034414714 52.10034784278898 175.8689315999565 92.20740862844303 1 176.098243259834
175.8689315999565 92.20740862844303 156.0611679726063 92.34054409989318 1 180.0598854696795
156.0611679726063 92.34054409989318 175.8689315999565 92.20740862844303 0 182.5359118508329
175.8689315999565 92.20740862844303 175.9416873888144 118.8899760395786 1 187.8724451714619
175.9416873888144 118.8899760395786 179.9068779029753 125.6576958401773 0 188.8529167346094
179.9068779029753 125.6576958401773 175.9416873888144 118.8899760395786 1 190.4216712356452
175.9416873888144 118.8899760395786 175.9780652838218 129.3965836645791 1 192.5230053560265
175.9780652838218 129.3965836645791 165.9377663658935 129.4298675331473 1 194.5310761732763
165.9377663658935 129.4298675331473 165.9468608393561 135.310017523843 1 195.707107578002
165.9468608393561 135.310017523843 165.9377663658935 129.4298675331473 0 196.4421272059555
165.9377663658935 129.4298675331473 156.1703016564717 129.4520567772128 1 198.3956251886763
156.1703016564717 129.4520567772128 156.161207183009 125.4579926337078 1 199.1944400881838
156.161207183009 125.4579926337078 150.8864124613067 125.7020743311312 1 200.2505278730031
150.8864124613067 125.7020743311312 142.2375680120834 132.3477532826653 1 202.4319728898094
142.2375680120834 132.3477532826653 150.8864124613067 125.7020743311312 0 203.7953760253133
150.8864124613067 125.7020743311312 156.161207183009 125.4579926337078 0 204.4554308908254
156.161207183009 125.4579926337078 156.0611679726063 92.34054409989318 1 211.0789508167666
156.0611679726063 92.34054409989318 155.9338453418157 52.10034784278898 1 219.1270303538054
155.9338453418157 52.10034784278898 155.879278499883 33.9828290982408 1 222.7505505372695
155.879278499883 33.9828290982408 143.5016998499977 34.10486994659961 1 225.2261865945507
143.5016998499977 34.10486994659961 117.5369775565596 34.38223551259121 1 230.4194273377959
117.5369775565596 34.38223551259121 117.4642217677017 38.010177110314 1 231.1451615492342
