42421877 748.1774782574091 1025.190934909849 40.7328569 -73.9959291 50
42428454 803.8542699019082 398.2208096470606 40.727211 -73.99527 50
42428458 847.814522324836 466.5824187992613 40.7278266 -73.99474960000001 50
42428460 889.848768300883 531.5903557676105 40.728412 -73.994252 50
42428464 932.5081216321382 597.7754094628823 40.729008 -73.993747 50
42428468 973.4779956233076 661.2952932100584 40.72958 -73.993262 50
42428471 1009.041535728137 716.7086183682291 40.730079 -73.992841 50
42428473 1046.319897360456 774.6871695993761 40.7306011 -73.99239970000001 50
42428476 1086.757585360262 837.4186072377959 40.731166 -73.991921 50
42428480 1125.539583607127 901.6603078457673 40.7317445 -73.9914619 50
42428483 1140.145132500094 979.8941506780634 40.732449 -73.99128899999999 50
42428489 1154.928076724233 1064.846442752605 40.733214 -73.991114 50
42428491 1168.528385409022 1150.065251821814 40.7339814 -73.990953 50
42428493 1186.926815420127 1239.570542558334 40.7347874 -73.9907352 50
42429672 849.5124490614396 368.1821233642743 40.7269405 -73.99472950000001 50
42429676 895.4324975183941 438.3982466053171 40.7275728 -73.99418590000001 50
42430143 0 0 40.723625 -74.004786 50
42430187 221.6427945941937 680.5289363307038 40.7297532 -74.0021622 50
42430205 260.6866621395568 769.0458932103465 40.7305503 -74.0017 50
42430217 285.074296409622 825.9250618391929 40.7310625 -74.0014113 50
42430231 323.7042415159441 897.3849310551192 40.731706 -74.00095399999999 50
42430233 361.1262088933633 965.0136184712757 40.732315 -74.000511 50
42430235 398.7171242043612 1033.197549627266 40.732929 -74.000066 50
42430237 444.5526986950637 1114.75175001908 40.7336634 -73.9995234 50
42430861 926.848365843818 1011.209897560773 40.732731 -73.993814 50
42431165 942.1128116791396 407.7376873347359 40.7272967 -73.9936333 50
42431168 1092.113234867495 310.0147892623748 40.7264167 -73.9918576 50
42432127 34.29643059922773 47.75096155863093 40.724055 -74.00438 50
42433260 311.1176204337021 1089.832411009823 40.733439 -74.001103 50
42433281 521.5422722126923 953.9087436901328 40.732215 -73.99861199999999 50
42433282 344.3581264456449 1068.033541814789 40.7332427 -74.0007095 50
42433286 265.898705902765 1118.438568446267 40.7336966 -74.0016383 50
42433292 905.7298740948951 705.492694838837 40.729978 -73.99406399999999 50
42433295 841.6986071148862 746.8028290244338 40.73035 -73.994822 50
42433298 778.3853688539301 788.2462217073648 40.7307232 -73.9955715 50
42433354 687.6941178900759 914.3975992199599 40.7318592 -73.99664509999999 50
42433356 816.6098389177289 842.1937033934471 40.731209 -73.995119 50
42433581 482.8447479331537 331.3361488414909 40.7266087 -73.9990701 50
42433587 694.1141393811122 659.3963596223402 40.7295629 -73.9965691 50
42433821 251.4874471340041 1035.607307455236 40.7329507 -74.0018089 50
42436788 355.2721629808366 413.9786269617692 40.7273529 -74.0005803 50
42436793 522.2011691550464 673.0664604778718 40.729686 -73.9986042 50
42436796 567.3609519092847 739.8844920354809 40.7302877 -73.99806959999999 50
42436844 291.8322137688905 696.4200121427466 40.7298963 -74.0013313 50
42436848 318.1289596949506 735.2537592524127 40.730246 -74.00102 50
42436935 1058.509490797767 1210.88665099868 40.7345291 -73.9922554 50
42437949 711.5580135652948 957.9620229849886 40.7322515 -73.9963626 50
42437951 574.3385015833876 1035.085378339736 40.732946 -73.99798699999999 50
42439236 1129.095937617395 692.5444108441009 40.7298614 -73.9914198 50
42439335 140.5646810749331 361.2415766262367 40.726878 -74.003122 50
42439524 43.41961903397146 62.07625002629095 40.724184 -74.004272 50
42439527 119.1082934588527 180.6763126868896 40.725252 -74.003376 50
42439530 205.7785835932169 318.8209549630907 40.726496 -74.00235000000001 50
42439533 290.1173922392515 456.1771511298292 40.7277329 -74.00135160000001 50
42439537 457.8911380835042 714.5764824094699 40.7300598 -73.9993655 50
42439542 502.1132598038552 782.2273795754174 40.730669 -73.998842 50
42440545 777.2449702993185 508.4477967239859 40.7282036 -73.99558500000001 50
42440548 714.3456544774035 549.0472189240361 40.7285692 -73.9963296 50
42440553 584.0445603907511 633.1444356397413 40.7293265 -73.9978721 50
42442848 1297.266711105504 284.6179406379056 40.726188 -73.989429 50
42445520 900.2390662412283 334.8119746488404 40.72664 -73.994129 50
42445534 983.1925018282636 471.0687882118658 40.727867 -73.99314699999999 50
42445543 1157.090610278984 713.843560674132 40.7300532 -73.9910884 50
42446521 1013.18076010995 1143.468956203067 40.733922 -73.99279199999999 50
42448549 226.8379435643664 497.1763488218818 40.7281021 -74.0021007 50
42448552 609.2600395388984 249.4376973310927 40.7258712 -73.9975736 50
42448558 415.3162587185009 375.078250603436 40.7270026 -73.9998695 50
42449045 886.0474397862272 948.3563063002679 40.732165 -73.994297 50
42449580 821.5093290022581 575.7877573963891 40.72881 -73.99506100000001 50
42449582 864.9289480373043 641.9728110909546 40.729406 -73.994547 50
42449589 975.0576588065135 813.8984824512536 40.7309542 -73.9932433 50
42449817 736.8664140762119 725.1483232012761 40.730155 -73.99606300000001 50
42450325 192.0093269748494 441.5298212933761 40.727601 -74.00251299999999 50
42450333 550.0775782632377 997.7841039508249 40.7326101 -73.9982742 50
42452396 627.5064164083859 701.6948276641072 40.7299438 -73.9973576 50
42452964 539.4507532150224 567.3480525633423 40.728734 -73.9984 50
42455026 968.4095576030503 1074.840830055492 40.733304 -73.99332200000001 50
42455867 1497.976856680613 175.2349240445676 40.725203 -73.987053 50
42456205 758.0693797924615 616.8757940861935 40.72918 -73.995812 50
42456206 800.64425915639 683.0608477814654 40.729776 -73.99530799999999 50
42456211 908.5681993861102 850.4890448546175 40.7312837 -73.9940304 50
42456303 844.7312225292333 885.6137637873056 40.7316 -73.9947861 50
42457319 759.2773575202897 183.6746288783208 40.725279 -73.9957977 50
42457697 934.4510228731294 502.7176813372045 40.728152 -73.993724 50
529556095 233.0552275357531 673.6550188413332 40.7296913 -74.00202710000001 50
529556119 495.3300002539589 497.7538023100943 40.7281073 -73.9989223 50
1692433914 871.9909716787339 247.1389882513721 40.7258505 -73.9944634 50
1692433916 856.3970773716981 256.467083068295 40.7259345 -73.994648 50
1692433918 820.7068263169533 279.6540616100891 40.7261433 -73.9950705 50
1692433919 755.0874487572208 322.2967807697339 40.7265273 -73.99584729999999 50
1692433920 686.2158234683068 367.1826846342681 40.7269315 -73.99666259999999 50
1692433924 558.4911853754464 450.7135527377161 40.7276837 -73.9981746 50
1692433927 488.7072412432729 487.4040590140805 40.7280141 -73.9990007 50
1692433928 492.6352807078439 493.5561596426556 40.7280695 -73.9989542 50
1692433932 431.9745250104142 533.0450943644503 40.7284251 -73.9996723 50
1692433935 367.9010210456672 574.732794291552 40.7288005 -74.0004308 50
1692433936 649.7568593132534 590.7349188511378 40.7289446 -73.99709420000001 50
1692433937 644.1055509225256 594.3773177794486 40.7289774 -73.9971611 50
1692433938 303.7092535296721 615.8874602307299 40.7291711 -74.0011907 50
1692433939 362.266607447975 706.4588189445096 40.7299867 -74.00049749999999 50
1692433940 393.9443450697473 755.8421970954844 40.7304314 -74.0001225 50
1692433941 437.7525443532066 823.7818210065979 40.7310432 -73.9996039 50
1692433942 479.7867903281787 888.6564994776128 40.7316274 -73.99910629999999 50
1760570971 450.6601665084959 1102.058878143763 40.7335491 -73.9994511 50
1760570973 448.0499209286329 1104.823991964154 40.733574 -73.999482 50
1760570975 446.6476530765981 1107.544686285668 40.7335985 -73.9994986 50
1760570977 452.5692781634161 1100.981705290548 40.7335394 -73.99942849999999 50
1760570981 445.7522290252995 1110.243170857391 40.7336228 -73.99950920000001 50
1773084402 1118.536691743471 385.294735402822 40.7270946 -73.9915448 50
1919595927 282.3204450857336 443.3621256324271 40.7276175 -74.0014439 50
1919595928 219.2521813291652 484.2946940758127 40.7279861 -74.0021905 50
2477560563 245.0082938662689 653.8661319815601 40.7295131 -74.00188559999999 50
3236571730 623.7388774808759 407.7043727104024 40.7272964 -73.9974022 50
3584752195 699.4191045092394 655.8650094422787 40.7295311 -73.99650629999999 50
3584752198 688.3276726428767 663.072073175691 40.729596 -73.9966376 50
3584752200 698.1097580210491 665.5484602516217 40.7296183 -73.9965218 50
3584752204 623.840246241238 695.920292777037 40.7298918 -73.997401 50
3584752205 636.4015251328522 696.0424464005353 40.7298929 -73.9972523 50
3584752208 617.9862003276367 707.7358795444328 40.7299982 -73.9974703 50
3584752212 732.4568729993832 718.3743495849061 40.730094 -73.99611520000001 50
3584752215 740.7775587488221 722.5719922523449 40.7301318 -73.9960167 50
3584752226 742.3318797414001 733.4547695369887 40.7302298 -73.9959983 50
3584752228 563.7708083129459 734.5652570152442 40.7302398 -73.9981121 50
3584752231 572.8517597640262 736.3975613542952 40.7302563 -73.9980046 50
3584752242 561.1352205424549 743.8378274580424 40.7303233 -73.9981433 50
3584752262 498.4386422401896 776.608312936179 40.7306184 -73.9988855 50
3584752265 506.6326170375637 779.2845877588172 40.7306425 -73.9987885 50
3584752273 774.288381453631 782.3273234491244 40.7306699 -73.99562 50
3584752276 785.6247878254562 783.5044401753407 40.7306805 -73.9954858 50
3584752281 495.8283966592519 786.4028124930651 40.7307066 -73.9989164 50
3584752291 771.542977527335 792.6548569953471 40.7307629 -73.99565250000001 50
3584752292 783.1497005909516 794.9757758241524 40.7307838 -73.99551510000001 50
3584752496 434.0525845978384 818.0406007445675 40.7309915 -73.9996477 50
3584752497 442.4830865041572 820.7390853162906 40.7310158 -73.9995479 50
3584752506 667.3865762251248 860.0725517902536 40.73137 -73.9968855 50
3584752508 659.7416822121502 864.9920113184876 40.7314143 -73.996976 50
3584752515 651.6744183646914 870.6221828329749 40.731465 -73.9970715 50
3584752516 663.4416419664436 871.0108534497285 40.7314685 -73.9969322 50
3584752520 518.0450499791232 948.4451452980197 40.7321658 -73.99865339999999 50
3584752522 525.9264710988931 951.0770006210756 40.7321895 -73.99856010000001 50
3584752526 525.7321809746866 960.3495710631674 40.732273 -73.9985624 50
3670742436 1181.588060707004 1230.275762365744 40.7347037 -73.9907984 50
3834459537 1489.183116716509 180.03222995001 40.7252462 -73.9871571 50
3891950553 230.588587698841 663.2053316723188 40.7295972 -74.00205630000001 50
3919350758 1119.499694966911 695.0319027952803 40.7298838 -73.99153339999999 50
3957463101 732.6511631246645 537.2316321566401 40.7284628 -73.9961129 50
3957463103 787.4916624956385 597.9641923336349 40.7290097 -73.9954637 50
4016646249 310.0279062592715 810.0117762780656 40.7309192 -74.0011159 50
4117109189 824.9981038403844 581.1069924166259 40.7288579 -73.9950197 50
4117109190 816.4831279678135 579.0414857065336 40.7288393 -73.9951205 50
4215580881 710.8399848462419 253.4798717514061 40.7259076 -73.9963711 50
4302903239 442.1282958428896 830.5335848731766 40.731104 -73.9995521 50
4302910548 473.9918761923508 892.3877374036756 40.731661 -73.9991749 50
4302910552 475.4110388374211 881.9269453601188 40.7315668 -73.9991581 50
4302910555 432.1519203405106 827.3909053098688 40.7310757 -73.9996702 50
4302910557 484.0949626457199 895.3860535944006 40.731688 -73.99905529999999 50
4320028844 270.4180631364735 1115.629035126295 40.7336713 -74.0015848 50
4320032274 255.5168553589373 1035.052063715402 40.7329457 -74.0017612 50
4320108382 349.8404869027939 880.516626262155 40.7315541 -74.0006446 50
4320108384 272.0822002870061 765.792164900202 40.730521 -74.00156509999999 50
4320108387 333.5285638767052 891.0551524296276 40.731649 -74.00083770000001 50
4320108989 294.5607229032258 819.9839538311617 40.731009 -74.001299 50
4376122102 1303.855680532268 281.031066083013 40.7261557 -73.989351 50
4387363208 205.5927408666028 461.7184836458582 40.7277828 -74.0023522 50
4684550288 1134.907746547333 948.8116061656887 40.7321691 -73.99135099999999 50
4745685357 818.0121067708384 570.4685223761526 40.7287621 -73.99510239999999 50
4745686172 752.6292563179011 620.4959832640069 40.7292126 -73.9958764 50
4745686174 761.9213926872982 614.3994070102628 40.7291577 -73.99576639999999 50
4745829026 508.0010953035275 371.0360761831226 40.7269662 -73.9987723 50
4747401774 1121.501727985676 892.8430372698028 40.7316651 -73.99150969999999 50
4747401775 1128.546856831921 910.6441515433996 40.7318254 -73.9914263 50
4755898678 1007.073292297593 796.2861510484092 40.7307956 -73.99286429999999 50
4755898680 982.4068939349195 675.2097013104672 40.7297053 -73.9931563 50
4755898682 954.9866442483578 632.6225065256534 40.7293218 -73.99348089999999 50
4755898710 819.4650590019795 422.7292682890668 40.7274317 -73.99508520000001 50
4755898713 734.0534309756246 289.5818196650157 40.7262327 -73.9960963 50
4762558055 1179.248131820007 1218.959894964058 40.7346018 -73.99082610000001 50
4762558057 1176.477385703083 1201.10325631563 40.734441 -73.99085890000001 50
4890320289 38.52012894836753 54.48051567541847 40.7241156 -74.00433 50
4890320305 30.40218072072764 42.35399241518485 40.7240064 -74.0044261 50
4890320316 5.541492234922544 7.873356220082883 40.7236959 -74.0047204 50
5355267632 712.4280954259656 350.1033872214667 40.7267777 -73.9963523 50
5481866323 531.7129378392781 408.448399320989 40.7273031 -73.99849159999999 50
5481866326 512.6218212975982 378.3319789149932 40.7270319 -73.99871760000001 50
5481937333 983.0488960831634 380.8527854905062 40.7270546 -73.99314870000001 50
5690447869 516.1105961346498 957.417884121816 40.7322466 -73.9986763 50
5784502858 806.9629118870643 847.5906725368932 40.7312576 -73.9952332 50
5784502859 703.5245393049815 905.4692798957459 40.7317788 -73.99645769999999 50
5784518530 1104.927935661089 393.9121182327854 40.7271722 -73.9917059 50
5784518536 1147.866053082803 718.6630763293656 40.7300966 -73.99119760000001 50
5784518544 992.3410324536352 465.2720435757109 40.7278148 -73.9930387 50
5799463409 770.5884217004123 201.5201626515001 40.7254397 -73.9956638 50
5824300186 1083.910812673603 314.6011025465673 40.726458 -73.99195469999999 50
5824300189 837.3144082276108 469.6806788636932 40.7278545 -73.9948739 50
5824300190 856.1014184871293 464.1393463476642 40.7278046 -73.9946515 50
5829827193 360.5348911242258 422.1518148008543 40.7274265 -74.000518 50
5829827195 487.7695802083108 339.1095611878669 40.7266787 -73.99901180000001 50
5829827197 764.5147434741257 191.9477605897 40.7253535 -73.9957357 50
5829827213 614.7255052030121 257.7996680409301 40.7259465 -73.9975089 50
5829827214 420.840856160388 383.5401651876869 40.7270788 -73.99980410000001 50
5829827215 295.4899365395206 464.3614438434565 40.7278066 -74.001288 50
5829827216 232.5145941467968 505.9491998982641 40.7281811 -74.0020335 50
5829844668 277.5476659511196 435.5998181605935 40.7275476 -74.0015004 50
5829844674 214.9017720290354 477.1098400921915 40.7279214 -74.002242 50
5854302554 229.2792412117253 673.7549627150402 40.7296922 -74.0020718 50
5854302556 225.815808564227 674.698877071628 40.7297007 -74.00211280000001 50
5854302558 226.4071263333645 665.9038162440418 40.7296215 -74.0021058 50
5854302559 223.3660635214251 677.2418933962258 40.7297236 -74.0021418 50
6213204038 494.0713381470243 495.7882394737092 40.7280896 -73.9989372 50
6213204045 756.4221374360391 324.3844972282044 40.7265461 -73.99583149999999 50
6213204049 687.3731168159538 368.9705694751497 40.7269476 -73.9966489 50
6213204056 369.2526045185956 576.8316156259777 40.7288194 -74.0004148 50
6255601607 776.3410988536515 923.2370795450092 40.7319388 -73.9955957 50
6255601608 770.1322622787825 926.6573809775277 40.7319696 -73.99566919999999 50
6561624315 470.6551544958426 894.5309782362708 40.7316803 -73.9992144 50
7646537226 409.2087909061435 1026.423576010896 40.732868 -73.9999418 50
7977873313 1485.81260543393 181.864534289061 40.7252627 -73.98719699999999 50
7977873354 1307.547192890044 279.0210837484583 40.7261376 -73.98930729999999 50
7977873358 1286.808833993016 290.5035242718124 40.726241 -73.9895528 50
8176816199 148.724866287311 373.9677631265932 40.7269926 -74.0030254 50
8231298071 663.6781690743136 985.4799026929684 40.7324993 -73.9969294 50
8231298077 605.4671584196858 900.1833594998428 40.7317312 -73.9976185 50
8231934385 123.2221756521873 187.2503985579647 40.7253112 -74.0033273 50
8231934386 114.7071997796165 173.7912903229767 40.72519 -74.00342809999999 50
8231934396 145.3459076071395 368.7040524797749 40.7269452 -74.0030654 50
8231934398 208.3043552068279 322.9297586327775 40.726533 -74.00232010000001 50
8231934399 202.5939150383267 313.746027189144 40.7264503 -74.0023877 50
8231954053 388.1240887432915 1039.982628118179 40.7329901 -74.00019140000001 50
8265964346 745.2715737929774 1019.138778153568 40.7328024 -73.9959635 50
8307641958 195.6248127607415 446.9045806877375 40.7276494 -74.0024702 50
8309478819 370.3000817093628 959.1058250882841 40.7322618 -74.0004024 50
8309478822 350.6345421926558 971.9763749591044 40.7323777 -74.0006352 50
8309478830 578.672016090482 1032.675620512472 40.7329243 -73.9979357 50
8309478831 570.5963048454308 1029.333053202457 40.7328942 -73.99803129999999 50
8309478832 568.1043228178908 1038.461260273378 40.7329764 -73.9980608 50
8309478839 695.322117110015 910.1000126788142 40.7318205 -73.9965548 50
8309478843 809.3197355670965 846.269192438094 40.7312457 -73.99520529999999 50
8309478849 719.3042763386316 953.819904692381 40.7322142 -73.9962709 50
8309478850 715.4269212542416 964.9691989723997 40.7323146 -73.9963168 50
8309478852 708.2973184406702 952.0098101031211 40.7321979 -73.99640119999999 50
8309478853 703.8708825697314 962.3817631482196 40.7322913 -73.9964536 50
8309478871 890.2204537551859 954.7860287973473 40.7322229 -73.99424759999999 50
8309478872 882.2207690809437 942.5373519150281 40.7321126 -73.9943423 50
8309478878 852.2578529888103 881.4716454932853 40.7315627 -73.994697 50
8309478879 848.3382609196823 891.0884670539613 40.7316493 -73.9947434 50
8309478880 841.2086581061109 880.1723751449838 40.731551 -73.9948278 50
8309478881 837.4833561611895 889.6004138334943 40.7316359 -73.99487190000001 50
8309478885 845.7449101339296 753.0770832758006 40.7304065 -73.9947741 50
8309478886 845.4492512482861 744.3819663226279 40.7303282 -73.99477760000001 50
8309478887 838.9954401711789 742.6051863569951 40.7303122 -73.994854 50
8309478888 837.2890660380576 749.6900964669094 40.730376 -73.9948742 50
8309478895 761.1611269835073 621.6842048661784 40.7292233 -73.9957754 50
8309478896 754.7917898726521 619.0523495431224 40.7291996 -73.9958508 50
8309478902 826.8480837186057 572.3341413395372 40.7287789 -73.99499779999999 50
8309478903 825.5556320223762 581.9509628995066 40.7288655 -73.99501309999999 50
8309478904 815.7313096616151 579.5301001977007 40.7288437 -73.9951294 50
8309478919 590.9629782870805 628.6802759783407 40.7292863 -73.9977902 50
8309478920 587.448861260476 638.5080901595602 40.7293748 -73.9978318 50
8309478921 578.4185941874273 624.8490941785709 40.7292518 -73.99793870000001 50
8309478922 575.445110549779 638.6968730310191 40.7293765 -73.99797390000001 50
8309478928 499.0299600093271 489.3918316002569 40.728032 -73.9988785 50
8309478929 497.1039535613713 500.552230754818 40.7281325 -73.9989013 50
8309478930 484.9397023136134 498.5644581686416 40.7281146 -73.99904530000001 50
8309478938 308.3046373331148 612.9446684134232 40.7291446 -74.0011363 50
8309478939 307.4261080759263 621.6397853673025 40.7292229 -74.00114670000001 50
8309478940 300.0515307579672 610.2461838417003 40.7291203 -74.001234 50
8309478941 298.8773426172846 619.0079300442465 40.7291992 -74.0012479 50
8309478951 372.090929808736 572.0009950962017 40.7287759 -74.00038120000001 50
8309478952 371.3897958837934 580.1519731847891 40.7288493 -74.0003895 50
8309478953 363.136689307571 577.7866348571079 40.728828 -74.00048719999999 50
8309478964 398.843835156426 752.6773077837981 40.7304029 -74.00006449999999 50
8309478965 396.9938552782045 760.5617688777173 40.7304739 -74.0000864 50
8309478966 390.9032822588825 751.1004155641667 40.7303887 -74.0001585 50
8309478967 389.0955393643244 758.9737717842498 40.7304596 -74.00017990000001 50
8309478969 462.7483911854448 711.4449077207044 40.7300316 -73.999308 50
8309478970 461.7684931678941 720.5064855422524 40.7301132 -73.99931960000001 50
8309478971 454.5544163880707 709.3905058872738 40.7300131 -73.999405 50
8309478972 452.5608307658237 718.0189935917797 40.7300908 -73.9994286 50
8309478974 526.7543159759005 670.1236686605653 40.7296595 -73.99855030000001 50
8309478975 525.7744179594245 678.3523808744812 40.7297336 -73.9985619 50
8309478976 517.8423124583989 675.8759937971379 40.7297113 -73.99865579999999 50
8309478978 805.2987747376063 690.2901212639625 40.7298411 -73.9952529 50
8309478979 805.1129320109922 680.2068949626171 40.7297503 -73.99525509999999 50
8309478980 797.1047999402322 685.3928714848131 40.729797 -73.99534989999999 50
8309478981 796.8006936591457 677.0864251483941 40.7297222 -73.99535349999999 50
8309478986 782.6428567891409 504.9608660435067 40.7281722 -73.9955211 50
8309478987 781.105430590673 514.3222754833503 40.7282565 -73.9955393 50
8309478988 772.4975333553325 501.0741598696122 40.7281372 -73.99564119999999 50
8309478989 771.0192389314141 512.4677613945081 40.7282398 -73.99565870000001 50
8309478995 691.1744453306095 363.9511660732085 40.7269024 -73.9966039 50
8309478996 690.3550478501198 373.6013022582179 40.7269893 -73.9966136 50
8309478997 682.4144949536511 361.3637302490284 40.7268791 -73.99670759999999 50
8309478998 679.8549337539692 371.3025931784973 40.7269686 -73.9967379 50
8309479000 554.6391724795349 444.6280813571017 40.7276289 -73.99822020000001 50
8309479014 863.6449437386673 252.1361819028158 40.7258955 -73.9945622 50
8309479017 847.9074436886805 261.9862058338264 40.7259842 -73.9947485 50
8309479018 816.9223925964078 273.7573731023464 40.7260902 -73.99511529999999 50
8309479024 762.5296052494712 317.4550553654155 40.7264837 -73.99575919999999 50
8309479025 758.8211980986599 328.1268400302224 40.7265798 -73.9958031 50
8309479026 751.547989541063 316.7998677532872 40.7264778 -73.99588919999999 50
8309479027 746.7921051984098 327.7048547884287 40.726576 -73.9959455 50
8309479029 799.9515726268904 392.1464431424014 40.7271563 -73.9953162 50
8309479032 808.0357312673847 404.783790642887 40.7272701 -73.9952205 50
8309479040 851.2948497653698 471.968283068165 40.7278751 -73.99470839999999 50
8309479041 843.3880864538974 459.7307110596819 40.7277649 -73.99480200000001 50
8309479042 838.5646229391023 469.3142179960242 40.7278512 -73.9948591 50
8309479050 950.3067864765136 402.3518230658323 40.7272482 -73.9935363 50
8309479053 932.9051492770691 413.7898440910168 40.7273512 -73.99374229999999 50
8309479113 1130.996601874723 378.2764545415749 40.7270314 -73.9913973 50
8309479117 1106.355545703752 393.0126233757798 40.7271641 -73.99168899999999 50
8309479121 973.3090476897289 477.4874058344028 40.7279248 -73.993264 50
8309479126 897.045950287671 526.9263083595024 40.72837 -73.9941668 50
8309479127 893.8697291292984 537.8201905201015 40.7284681 -73.9942044 50
8309479128 886.503599207857 526.4154841199568 40.7283654 -73.9942916 50
8309479129 882.3474800319337 536.4431860471775 40.7284557 -73.9943408 50
8309479133 869.3300417176152 648.8245188312404 40.7294677 -73.99449490000001 50
8309479134 869.0005932469755 639.3076411442715 40.729382 -73.9944988 50
8309479135 860.5616439441391 635.3209910973765 40.7293461 -73.9945987 50
8309479136 859.9956683656294 645.1265955295112 40.7294344 -73.9946054 50
8309479142 937.0021366752188 604.7381659507112 40.7290707 -73.9936938 50
8309479143 928.5378451839038 591.6122039590585 40.7289525 -73.99379399999999 50
8309479144 924.4408577846795 603.0502249835366 40.7290555 -73.9938425 50
8309479148 977.3806928983255 667.3696597154239 40.7296347 -73.9932158 50
8309479149 969.4739295879277 655.0876682073585 40.7295241 -73.9933094 50
8309479150 965.0728359065421 666.7811013519627 40.7296294 -73.99336150000001 50
8309479157 1017.277747509175 715.0984115242641 40.7300645 -73.9927435 50
8309479158 1016.188033334744 727.824598023208 40.7301791 -73.9927564 50
8309479159 1004.403914939956 709.4793448857322 40.7300139 -73.99289589999999 50
8309479163 1054.404056002025 770.2230099372691 40.7305609 -73.992304 50
8309479164 1049.513013312939 779.6399437512374 40.7306457 -73.99236190000001 50
8309479165 1042.383410499367 768.568383594428 40.730546 -73.9924463 50
8309479166 1037.07844537124 779.773202249278 40.7306469 -73.99250910000001 50
8309479170 980.0416228583695 811.1555783806546 40.7309295 -73.9931843 50
8309479171 970.5720911588759 806.8802015900065 40.730891 -73.99329640000001 50
8309479172 969.7273514888332 816.8301693933114 40.7309806 -73.99330639999999 50
8309479175 910.0718359985073 702.6609517697798 40.7299525 -73.9940126 50
8309479176 909.7339401313498 711.7447393404127 40.7300343 -73.99401659999999 50
8309479177 901.8863085976508 699.518272206472 40.7299242 -73.99410949999999 50
8309479178 901.5484127294187 708.1911794112664 40.7300023 -73.9941135 50
8309479181 913.2058201742911 847.9349236554774 40.7312607 -73.9939755 50
8309479182 904.6401599215392 844.4035734747096 40.7312289 -73.9940769 50
8309479183 903.2632342590576 853.4096269221329 40.73131 -73.99409319999999 50
8309479636 1091.048862883692 844.2592101021265 40.7312276 -73.99187019999999 50
8309479637 1083.403968870718 832.2215258396448 40.7311192 -73.99196070000001 50
8309479641 1122.236651497764 894.4421392378126 40.7316795 -73.991501 50
8309479701 1155.933316930262 1070.843075134761 40.733268 -73.99110210000001 50
8309479702 1153.720098996405 1057.905896014567 40.7331515 -73.9911283 50
8309479710 1141.48826857543 987.6009337757724 40.7325184 -73.9912731 50
8309479711 1139.182129276654 974.1862450403668 40.7323976 -73.9913004 50
8309479716 1127.609195798033 907.8346182241336 40.7318001 -73.9914374 50
8309479717 923.2159852616663 1005.613040670619 40.7326806 -73.99385700000001 50
8309479719 930.9875902267058 1017.550781060101 40.7327881 -73.993765 50
8309479770 972.3038074815504 1080.804147813315 40.7333577 -73.9932759 50
8309479771 965.174204667979 1069.888055903631 40.7332594 -73.99336030000001 50
8309479777 1017.227063128993 1149.487798333602 40.7339762 -73.9927441 50
8309479778 1009.531484735838 1137.872099312914 40.7338716 -73.9928352 50
8309479793 1054.868662820172 1205.467472105443 40.7344803 -73.9922985 50
8309479794 1168.055331194357 1142.835978340024 40.7339163 -73.9909586 50
8309479795 716.5419776182255 955.2968530383055 40.7322275 -73.9963036 50
8310246292 1168.891623466807 1157.738720296603 40.7340505 -73.9909487 50
8429015930 314.4036577500292 1087.678065301979 40.7334196 -74.00106409999999 50
8429015946 320.9757323816088 733.3992451628642 40.7302293 -74.00098629999999 50
8429015947 316.4225855607547 732.7329526768997 40.7302233 -74.00104020000001 50
8429015948 315.0456598982731 737.2970562120073 40.7302644 -74.0010565 50
8429015951 364.471377987464 709.8902252515705 40.7300176 -74.0004714 50
8429015952 360.9403661656744 704.4044171103726 40.7299682 -74.0005132 50
8429015953 357.7134606260461 709.4238205109009 40.7300134 -74.00055140000001 50
8429031589 364.2939826562928 569.2358812758116 40.728751 -74.0004735 50
8429031590 436.1390915828551 530.3355049181847 40.7284007 -73.999623 50
8429031591 435.5308790206821 538.564217130688 40.7284748 -73.9996302 50
8429031592 428.2745652561206 527.3038741031263 40.7283734 -73.9997161 50
8429031593 427.0412453376646 536.2544031757187 40.728454 -73.9997307 50
8429053207 519.0165006001562 668.1247912005529 40.7296415 -73.9986419 50
8475999051 726.8900385749075 985.7686294374279 40.7325019 -73.9961811 50
8475999052 733.2002439090639 997.2288602109908 40.7326051 -73.9961064 50
8505742809 486.2997331841342 336.7886423590617 40.7266578 -73.9990292 50
8786833785 853.7023578255831 475.6884161203917 40.7279086 -73.99467989999999 50
8856405727 724.0010289035113 273.9572608483476 40.726092 -73.9962153 50
8856405728 734.8728284561142 290.8588802642325 40.7262442 -73.9960866 50
