42431168 5824300186
5824300186 5481937333
5481937333 8309479050
8309479050 42431165
42431165 8309479053
8309479053 42429676
42429676 5824300190
5824300190 42428458
42433281 5690447869
5690447869 7646537226
7646537226 42430235
42430235 8231954053
8231954053 42433282
42433282 8429015930
8429015930 42433260
42433260 4320028844
4320028844 42433286
42433298 3584752276
3584752276 8309478888
8309478888 42433295
42433295 8309478886
8309478886 8309479178
8309479178 42433292
42433292 8309479175
8309479175 8309479150
8309479150 42428468
42433354 8309478839
8309478839 5784502859
5784502859 5784502858
5784502858 8309478843
8309478843 42433356
42436793 8429053207
8429053207 8429031591
8429031591 1692433932
42430187 5854302559
5854302559 5854302556
5854302556 5854302554
5854302554 529556095
529556095 42436844
42436844 8429015947
8429015947 42436848
42430237 1760570981
1760570981 1760570975
1760570975 1760570973
1760570973 1760570971
1760570971 1760570977
1760570977 8309478832
8309478832 42437951
42437951 8309478830
8309478830 8231298071
8231298071 8309478853
8309478853 42437949
42430143 4890320316
4890320316 4890320305
4890320305 42432127
42432127 4890320289
4890320289 42439524
42439524 8231934386
8231934386 42439527
42439527 8231934385
8231934385 8231934399
8231934399 42439530
42439530 8231934398
8231934398 5829844668
5829844668 1919595927
1919595927 42439533
42439533 5829827215
5829827215 8429031589
8429031589 1692433935
1692433935 6213204056
6213204056 8309478952
8309478952 8309478971
8309478971 42439537
42439537 8309478970
8309478970 3584752262
3584752262 42439542
42428458 8309479042
8309479042 5824300189
5824300189 8309478986
8309478986 42440545
42433587 3584752200
3584752200 3584752212
3584752212 42449817
42449817 3584752226
3584752226 3584752273
3584752273 42433298
42433821 4320032274
4320032274 8309478822
8309478822 42430233
42430233 8309478819
8309478819 6561624315
6561624315 4302910548
4302910548 1692433942
42437951 8309478831
8309478831 42450333
42450333 3584752526
3584752526 42433281
1692433941 3584752497
3584752497 3584752281
3584752281 42439542
42439542 3584752265
3584752265 3584752242
3584752242 42436796
42448558 5829827214
5829827214 1692433927
1692433927 1692433928
1692433928 6213204038
6213204038 529556119
529556119 8309478929
8309478929 42452964
42452964 8309478921
8309478921 42440553
42428454 42429672
42429672 42445520
42456205 8309478895
8309478895 8309478981
8309478981 42456206
42456206 8309478978
8309478978 8309478887
8309478887 42433295
42433295 8309478885
8309478885 8309479182
8309479182 42456211
42433298 3584752292
3584752292 42433356
42433356 8309478880
8309478880 42456303
42456303 8309478879
8309478879 8309478872
8309478872 42449045
42449045 8309478871
8309478871 8309479717
8309479717 42430861
42430861 8309479719
8309479719 8309479771
8309479771 42455026
42455026 8309479770
8309479770 8309479778
8309479778 42446521
42446521 8309479777
8309479777 8309479793
8309479793 42436935
42428464 8309479144
8309479144 8309479134
8309479134 42449582
42449582 8309479136
8309479136 8309478979
8309478979 42456206
42437949 8309479795
8309479795 8309478849
8309478849 6255601608
6255601608 6255601607
6255601607 8309478881
8309478881 42456303
42456303 8309478878
8309478878 8309479183
8309479183 42456211
42456211 8309479181
8309479181 8309479172
8309479172 42449589
42449589 8309479170
8309479170 4755898678
4755898678 8309479166
8309479166 42428473
42428460 8309479126
8309479126 42457697
42457697 8309479121
8309479121 42445534
42445534 5784518544
5784518544 5784518530
5784518530 8309479117
8309479117 1773084402
1773084402 8309479113
8309479113 7977873358
7977873358 42442848
42442848 4376122102
4376122102 7977873354
7977873354 7977873313
7977873313 3834459537
3834459537 42455867
1692433939 8429015953
8429015953 8429015946
8429015946 42436848
42436848 8429015948
8429015948 4320108384
4320108384 42430205
42433587 3584752195
42430231 4320108387
4320108387 4320108382
4320108382 4302910555
4302910555 1692433941
3584752508 3584752515
3584752515 8231298077
8231298077 3584752522
3584752522 42433281
42449589 8309479171
8309479171 8309479176
8309479176 42433292
42433292 8309479177
8309479177 8309479133
8309479133 42449582
42449582 8309479135
8309479135 8309478903
8309478903 4117109189
4117109189 42449580
42449580 4745685357
4745685357 8309478987
8309478987 42440545
42440545 8309478988
8309478988 8309478996
8309478996 6213204049
6213204049 1692433920
1692433920 8309478997
8309478997 5829827213
5829827213 42448552
42428473 8309479163
8309479163 5784518536
5784518536 42445543
42433354 3584752516
3584752516 3584752508
42430187 5854302558
5854302558 3891950553
3891950553 2477560563
2477560563 8309478941
8309478941 1692433938
1692433938 8309478938
8309478938 8309478953
8309478953 1692433935
1692433935 8309478951
8309478951 8429031593
8429031593 1692433932
1692433932 8429031590
8429031590 8309478930
8309478930 1692433928
1692433928 8309478928
8309478928 1692433924
1692433924 3236571730
3236571730 8309478998
8309478998 1692433920
1692433920 8309478995
8309478995 5355267632
5355267632 8309479027
8309479027 1692433919
1692433919 8309479024
8309479024 1692433918
1692433918 8309479017
8309479017 1692433916
1692433916 8309479014
8309479014 1692433914
1692433941 3584752496
3584752496 8309478965
8309478965 1692433940
42433281 3584752520
3584752520 4302910557
4302910557 1692433942
1692433942 4302910552
4302910552 4302903239
4302903239 1692433941
42433581 8505742809
8505742809 5829827195
5829827195 4745829026
4745829026 5481866326
5481866326 5481866323
5481866323 8309479000
8309479000 1692433924
42433298 3584752291
3584752291 3584752506
3584752506 3584752508
3584752195 4745686172
4745686172 8309478896
8309478896 42456205
42456205 4745686174
4745686174 3957463103
3957463103 8309478904
8309478904 4117109190
4117109190 42449580
42449580 8309478902
8309478902 8309479129
8309479129 42428460
42436796 3584752228
3584752228 8309478975
8309478975 42436793
42428471 8309479157
8309479157 3919350758
3919350758 42439236
42428493 3670742436
3670742436 4762558055
4762558055 4762558057
4762558057 8310246292
8310246292 42428491
42428491 8309479794
8309479794 8309479701
8309479701 42428489
42428489 8309479702
8309479702 8309479710
8309479710 42428483
42428483 8309479711
8309479711 4684550288
4684550288 4747401775
4747401775 8309479716
8309479716 42428480
42428480 8309479641
8309479641 4747401774
4747401774 8309479636
8309479636 42428476
42428476 8309479637
8309479637 8309479164
8309479164 42428473
42437949 8309478852
8309478852 42433354
1692433938 8309478940
8309478940 5829827216
5829827216 42448549
42448549 1919595928
1919595928 5829844674
5829844674 4387363208
4387363208 8307641958
8307641958 42450325
42450325 8176816199
8176816199 8231934396
8231934396 42439335
42428473 8309479165
8309479165 8309479158
8309479158 42428471
42428471 8309479159
8309479159 4755898680
4755898680 8309479148
8309479148 42428468
42428468 8309479149
8309479149 4755898682
4755898682 8309479142
8309479142 42428464
42428464 8309479143
8309479143 8309479127
8309479127 42428460
42428460 8309479128
8309479128 8786833785
8786833785 8309479040
8309479040 42428458
42428458 8309479041
8309479041 4755898710
4755898710 8309479032
8309479032 42428454
42428454 8309479029
8309479029 8309479025
8309479025 6213204045
6213204045 1692433919
42440553 8309478920
8309478920 3584752204
3584752204 42452396
1692433932 8429031592
8429031592 5829827193
5829827193 42436788
42457319 5829827197
5829827197 5799463409
5799463409 8309479018
8309479018 1692433918
1692433919 8309479026
8309479026 8856405728
42440545 8309478989
8309478989 3957463101
3957463101 42440548
42440548 1692433936
1692433936 1692433937
1692433937 8309478919
8309478919 42440553
42440553 8309478922
8309478922 8309478974
8309478974 42436793
42436793 8309478976
8309478976 8309478969
8309478969 42439537
42439537 8309478972
8309478972 8309478964
8309478964 1692433940
1692433940 8309478967
8309478967 4016646249
4016646249 4320108989
4320108989 42430217
42436796 3584752231
3584752231 3584752208
3584752208 42452396
42452396 3584752205
3584752205 3584752198
3584752198 42433587
1692433940 8309478966
8309478966 8429015951
8429015951 1692433939
1692433939 8429015952
8429015952 8309478939
8309478939 1692433938
42456206 8309478980
8309478980 3584752215
3584752215 42449817
42421877 8265964346
8265964346 8475999052
8475999052 8475999051
8475999051 8309478850
8309478850 42437949
8856405727 4215580881
8856405728 4755898713
4755898713 8856405727
