103706052 1602.68460710652 695.6658736799848 31.2452434 121.4841633 50
103781600 1340.13182312212 706.7310678328226 31.2453432 121.4814071 50
103788397 1238.557179208145 608.1200089184466 31.2444538 121.4803408 50
103788725 1261.686058081338 539.9770397162451 31.2438392 121.4805836 50
103795544 1275.374772636053 503.3221981634034 31.2435086 121.4807273 50
103795676 1279.299442362996 492.2237419039029 31.2434085 121.4807685 50
103795804 1424.617007111985 412.5609964235334 31.24269 121.482294 50
103795840 1304.095353280724 417.1844292510551 31.2427317 121.4810288 50
103795925 1309.53464069232 398.5354747770126 31.2425635 121.4810859 50
103831022 1490.812468105188 414.7008586200073 31.2427093 121.4829889 50
103831557 1447.679204704851 724.6039064849713 31.2455044 121.4825361 50
103831812 1484.715893772968 504.9742161278843 31.2435235 121.4829249 50
103832191 1484.734945569771 572.2745452948666 31.2441305 121.4829251 50
103832206 1292.41660307664 689.8450050126069 31.2451909 121.4809062 50
103832215 1487.687973759138 647.668653751646 31.2448105 121.4829561 50
103832228 1421.149580462261 636.581284860798 31.2447105 121.4822576 50
103832235 1361.403152004564 627.6781276417389 31.2446302 121.4816304 50
103832247 1251.664814022176 569.4694409658446 31.2441052 121.4804784 50
103832615 1530.230631524025 724.8478286002623 31.2455066 121.4834027 50
103849757 1327.738630614275 775.2066581016508 31.2459608 121.481277 50
103849814 1323.347191915347 810.7971122405819 31.2462818 121.4812309 50
103857396 1394.724741088757 716.5766514077941 31.245432 121.4819802 50
105312625 1266.315644214853 792.813399900498 31.2461196 121.4806322 50
105312637 1322.508912943273 820.177026322276 31.2463664 121.4812221 50
105312649 1367.461622748026 833.4264321476082 31.2464859 121.481694 50
105312658 1607.961954261045 824.1130422785341 31.2464019 121.4842187 50
105312670 1580.927457455288 832.5283552670107 31.2464778 121.4839349 50
105312681 1491.136348616906 850.8003391991115 31.2466426 121.4829923 50
105312690 1441.582630370207 848.1948075100654 31.2466191 121.4824721 50
156253588 118.9022512775218 197.898447330658 31.2407539 121.468587 50
156253614 284.471873885431 261.0521005320483 31.2413235 121.4703251 50
156253649 432.3995345225369 292.9061113546973 31.2416108 121.471878 50
156253692 556.2647783400569 334.9272394509973 31.2419898 121.4731783 50
156344071 1153.23371624863 705.6777677882696 31.2453337 121.4794451 50
156344098 1225.468596188492 766.2480640386242 31.24588 121.4802034 50
156344925 311.8683547940868 454.6929982084739 31.24307 121.4706127 50
156344953 355.8970525496359 282.0848393178559 31.2415132 121.4710749 50
156345030 233.3749602625098 434.6913847299143 31.2428896 121.4697887 50
156345052 392.7718013631059 456.9215593555781 31.2430901 121.471462 50
156345074 154.5672111212518 391.4949955317684 31.2425 121.4689614 50
156345148 216.2188190556478 235.6398510340102 31.2410943 121.4696086 50
156345717 185.031030987974 224.0979000192424 31.2409902 121.4692812 50
156347188 1128.094873022381 808.1583184455785 31.246258 121.4791812 50
156347314 1138.363790413321 791.4385661579709 31.2461072 121.479289 50
156347343 1146.737054224752 777.9785003247155 31.2459858 121.4793769 50
156347366 1180.78261151232 730.7573962189758 31.2455599 121.4797343 50
156347379 965.9450475782475 970.7102337518911 31.2477241 121.477479 50
156347476 992.8842854072611 748.9739433064036 31.2457242 121.4777618 50
156347524 1253.703356064375 670.6195073559413 31.2450175 121.4804998 50
156347556 1193.81403914641 626.2589444238965 31.2446174 121.4798711 50
156347579 1225.725795417459 651.959465512541 31.2448492 121.4802061 50
156380673 1130.2286740389 382.9798962233037 31.2424232 121.4792036 50
210642888 867.1233880102334 296.653642040337 31.2416446 121.4764416 50
210643019 991.9126438745329 345.2163177819413 31.2420826 121.4777516 50
265711411 900.6735986318239 1185.095598623518 31.2496577 121.4767938 50
265711412 763.4625725632625 1120.822121164249 31.249078 121.4753534 50
265711415 338.3027200623569 964.9226271911759 31.2476719 121.4708902 50
266076271 1655.75338148889 663.0579217720416 31.2449493 121.4847204 50
267198467 689.5035051933039 235.1076573274075 31.2410895 121.474577 50
267198568 447.7648070214 296.9973504756163 31.2416477 121.4720393 50
267198578 448.250627787764 540.8972913341474 31.2438475 121.4720444 50
267198579 412.890496658948 673.8015822276104 31.2450462 121.4716732 50
267198580 380.3786088528359 844.3364031357851 31.2465843 121.4713319 50
267198581 290.85422514061 1101.940331943568 31.2489077 121.4703921 50
267198716 999.4571546110797 423.8146758476948 31.2427915 121.4778308 50
267198717 1083.085007834491 508.4778246975278 31.2435551 121.4787087 50
267198718 1145.860671663919 567.3739282446858 31.2440863 121.4793677 50
267198727 1108.290532341067 377.5692602045304 31.2423744 121.4789733 50
267198762 719.8339624969479 243.6005818978618 31.2411661 121.4748954 50
267198763 699.0579802804816 322.6424347202932 31.241879 121.4746773 50
267198764 804.3000946924333 315.7460912696468 31.2418168 121.4757821 50
267198765 871.9434920899636 334.1954731044186 31.2419832 121.4764922 50
267198766 972.5274426792556 397.3269515677987 31.2425526 121.4775481 50
415517230 1524.33410103521 952.2830266558349 31.2475579 121.4833408 50
415517232 1510.016677253864 731.6111236235528 31.2455676 121.4831905 50
415517233 1526.991826409276 845.9773337316137 31.2465991 121.4833687 50
415517261 1527.420491792502 863.5508134230929 31.2467576 121.4833732 50
468717436 1661.049780440218 808.0252700189278 31.2462568 121.484776 50
476672959 1687.331731351031 622.1566179343251 31.2445804 121.4850519 50
477628490 968.3836773096813 82.87808245799613 31.2397165 121.4775046 50
477629479 1086.371442435188 128.9904496745098 31.2401324 121.4787432 50
477629492 1200.539322707686 172.3974988812843 31.2405239 121.4799417 50
477638655 951.0941735397413 125.3094432029006 31.2400992 121.4773231 50
477640461 906.9035355271221 237.0035974078849 31.2411066 121.4768592 50
477640833 918.1726721472063 207.8438172256174 31.2408436 121.4769775 50
477642555 672.5474078346946 376.9816296539599 31.2423691 121.474399 50
477643018 297.827182033662 265.74205757219 31.2413658 121.4704653 50
477643369 120.540705628064 366.3488428870316 31.2422732 121.4686042 50
477643992 444.211647292123 448.9053916477587 31.2430178 121.472002 50
477644839 619.5834183214104 353.9309897296768 31.2421612 121.473843 50
477645079 485.6588268535459 435.6116363471114 31.2428979 121.4724371 50
477645082 569.7439231541769 390.6523554958439 31.2424924 121.4733198 50
477645648 91.9249098549019 338.6858575052896 31.2420237 121.4683038 50
479912179 1558.979789860265 714.1152555140512 31.2454098 121.4837045 50
479914786 635.3297267127042 704.4914193163606 31.245323 121.4740083 50
479915009 204.454335774434 423.3822684610801 31.2427876 121.4694851 50
479915143 175.8385400036959 405.4872550716266 31.2426262 121.4691847 50
479915836 854.9683429345513 394.233575647465 31.2425247 121.476314 50
479915845 834.0780499493861 501.8808402075508 31.2434956 121.4760947 50
479915848 799.5657236874094 724.0938875156735 31.2454998 121.4757324 50
479915857 786.3723557986721 941.3730556676578 31.2474595 121.4755939 50
479920138 117.511470256333 449.825643265661 31.2430261 121.4685724 50
479921326 1039.885063151403 578.5167339802067 31.2441868 121.4782552 50
479921328 448.2125241965819 526.6167602029777 31.2437187 121.472044 50
479921360 112.577055407904 446.7100926073172 31.242998 121.4685206 50
479921364 169.856276440175 478.9521613412658 31.2432888 121.4691219 50
479921372 223.306086719823 504.8411677012338 31.2435223 121.469683 50
479921375 265.4867603793869 518.1127482638709 31.243642 121.4701258 50
479921381 340.95091953681 524.4436358998412 31.2436991 121.470918 50
479921389 360.126550993916 525.8406443803786 31.2437117 121.4711193 50
479921390 479.990917904553 510.6398616313066 31.2435746 121.4723776 50
479921393 604.6182335166292 447.4751210605585 31.2430049 121.4736859 50
479921400 751.1551131301231 372.7795168436953 31.2423312 121.4752242 50
479921431 912.6000221676846 447.2866357899403 31.2430032 121.476919 50
479921437 1030.035285246501 565.6221239602168 31.2440705 121.4781518 50
479921442 1125.018008164702 676.0634054813773 31.2450666 121.4791489 50
479922149 278.584869296229 521.1728620775418 31.2436696 121.4702633 50
479924220 1086.50480500069 983.2943974432646 31.2478376 121.4787446 50
479925407 359.8884035569049 902.17920663839 31.247106 121.4711168 50
479926013 769.397206640836 1019.18421054216 31.2481613 121.4754157 50
479926042 942.4351328077749 1048.000282289853 31.2484212 121.4772322 50
479927923 1080.570170923117 1132.463858499005 31.249183 121.4786823 50
479928646 1079.884306310924 1149.616018173227 31.2493377 121.4786751 50
479928665 1097.51674238696 861.5883491299954 31.2467399 121.4788602 50
479928669 1111.18640514972 829.9228235779648 31.2464543 121.4790037 50
479928806 961.3630909306808 986.0551522969715 31.2478625 121.4774309 50
479932425 660.7162432707297 557.040500439132 31.2439931 121.4742748 50
479932851 821.9611084624623 582.774283634439 31.2442252 121.4759675 50
479934019 1093.430132405371 892.777117819391 31.2470212 121.4788173 50
559813227 334.435205718552 984.1037753725265 31.2478449 121.4708496 50
599408884 1090.153223701863 515.7844007967786 31.243621 121.4787829 50
599408887 1139.868882200785 385.0754089437572 31.2424421 121.4793048 50
599408909 1050.049195670833 589.9145492003765 31.2442896 121.4783619 50
599409987 1015.298721976693 351.7689527958979 31.2421417 121.4779971 50
599410298 1067.00529303429 490.0506176007663 31.2433889 121.4785399 50
599410312 1114.930082825212 424.989936950246 31.2428021 121.479043 50
599411746 1411.557001786325 844.6801115710642 31.2465874 121.4821569 50
601145313 0 375.0746022041247 31.2423519 121.4673388 50
621541038 197.8528888814699 1282.753143813329 31.2505385 121.4694158 50
621541448 1003.277039466513 752.4886392446995 31.2457559 121.4778709 50
621541449 976.8045706070603 972.0074559131458 31.2477358 121.477593 50
621541487 972.5941239595827 989.2704892753034 31.2478915 121.4775488 50
621541488 947.9029979133636 1084.08966802943 31.2487467 121.4772896 50
621541489 910.9901455111352 1189.120313531112 31.249694 121.4769021 50
621541490 904.6744755387068 1204.964163675427 31.2498369 121.4768358 50
639309866 25.47224963273197 390.7521418158319 31.2424933 121.4676062 50
850261273 881.8694771772304 302.8182191429942 31.2417002 121.4765964 50
850261330 1175.324272303921 248.2683642006988 31.2412082 121.479677 50
850261339 931.2898328560032 173.8832063131572 31.2405373 121.4771152 50
874282808 684.7500823963246 481.18072248837 31.2433089 121.4745271 50
874282811 658.9634781490652 568.1389566979271 31.2440932 121.4742564 50
874283609 691.2562703149684 398.8791832122918 31.2425666 121.4745954 50
874283856 671.2899893765837 507.8125825635692 31.2435491 121.4743858 50
874286865 683.3688272723252 265.3872617682585 31.2413626 121.4745126 50
874286960 672.8903401407911 305.8007213746873 31.2417271 121.4744026 50
874286961 672.5283560378916 319.9814661865742 31.241855 121.4743988 50
874287211 662.5356896727214 327.0441201691233 31.2419187 121.4742939 50
874287496 663.0881917218364 306.5768371972865 31.2417341 121.4742997 50
874287498 684.2737875247263 233.7439109542379 31.2410772 121.4745221 50
874287741 685.7121980318633 291.8417239414919 31.2416012 121.4745372 50
874287743 684.0165882957599 309.0825825663445 31.2417567 121.4745194 50
874287746 687.4554372539145 323.6181231821631 31.2418878 121.4745555 50
874296162 81.12254221164994 330.8914371747512 31.2419534 121.4681904 50
874298243 1034.874441123034 589.3712681251213 31.2442847 121.4782026 50
874298340 1090.553311393521 484.2075741960834 31.2433362 121.4787871 50
874298388 1099.698172891851 490.383238667393 31.2433919 121.4788831 50
874298434 1043.428696983491 599.2279390680401 31.2443736 121.4782924 50
874298562 1064.328515865845 555.1112982519918 31.2439757 121.4785118 50
874298893 1055.050291804437 545.3765883656608 31.2438879 121.4784144 50
874300005 1056.66016846341 596.7332810683398 31.2443511 121.4784313 50
874300429 1004.944071511047 652.6912318591197 31.2448558 121.4778884 50
874300431 1015.53686941128 618.719533578007 31.2445494 121.4779996 50
874300433 1033.998058562201 570.9773231343172 31.2441188 121.4781934 50
874300749 1076.874122735996 501.8697528388984 31.2434955 121.4786435 50
874300841 1128.504486611228 388.1022606514707 31.2424694 121.4791855 50
874300935 1114.006070778432 404.9550613650238 31.2426214 121.4790333 50
874300953 1137.401674777782 389.8429775665821 31.2424851 121.4792789 50
874301057 1138.535256567581 408.5141067786348 31.2426535 121.4792908 50
874301062 1097.364328029503 522.2594242287574 31.2436794 121.4788586 50
1314685710 998.2283138469612 0 31.238969 121.4778179 50
1315242509 1254.570212728018 560.300186892779 31.2440225 121.4805089 50
1315242552 1283.157430807187 480.3048203457828 31.243301 121.480809 50
1315242557 1405.527108734432 477.0118717861784 31.2432713 121.4820936 50
1315242567 1295.664934086155 443.3395324643245 31.2429676 121.4809403 50
1315242580 1167.322518492579 595.1366999478264 31.2443367 121.479593 50
1315242601 1288.987280013251 463.3522333122417 31.2431481 121.4808702 50
1315678650 1060.222854087453 169.8030545608907 31.2405005 121.4784687 50
1315678678 1008.030462265916 310.7346005308254 31.2417716 121.4779208 50
1315678703 1484.76352326134 532.2491435990321 31.2437695 121.4829254 50
1315678718 1018.394638631175 269.5339377331451 31.2414 121.4780296 50
1315678810 1013.060136088664 287.3180774339582 31.2415604 121.4779736 50
1315678830 1023.86250373434 250.1421295438714 31.2412251 121.478087 50
1315678839 1070.301253532177 153.116564380651 31.24035 121.4785745 50
1315678854 1378.930803211515 571.9862737035551 31.2441279 121.4818144 50
1315678856 1050.954155923234 184.5159930793804 31.2406332 121.4783714 50
1573500262 1296.617523826928 605.4036035400549 31.2444293 121.4809503 50
1573510976 1630.681219545392 681.961885730733 31.2451198 121.4844572 50
1573510992 1666.279498108795 649.9859138500857 31.2448314 121.4848309 50
1573535372 354.1347615307809 457.3096172668776 31.2430936 121.4710564 50
1573535374 383.160170890367 835.0673627427315 31.2465007 121.4713611 50
1573535376 395.553363400636 790.0415576774334 31.2460946 121.4714912 50
1573535387 442.7637108877959 361.0934300329191 31.2422258 121.4719868 50
1573535400 400.259156714091 767.6007230431412 31.2458922 121.4715406 50
1573535406 269.878199078315 447.5416452738839 31.2430055 121.4701719 50
1584371199 1643.54118103007 673.9013685468932 31.2450471 121.4845922 50
1584395314 1485.43033607673 600.3699380639285 31.2443839 121.4829324 50
1584395316 1484.67779018421 678.5913255884456 31.2450894 121.4829245 50
1584395319 1483.925244289266 698.8812106583166 31.2452724 121.4829166 50
1584395323 1513.484103906011 756.0476846590158 31.245788 121.4832269 50
1584395331 1525.810615133529 835.4775953920413 31.2465044 121.4833563 50
1632904379 702.7159248812681 239.0769353903283 31.2411253 121.4747157 50
1632904382 786.3247263103003 263.2584869411423 31.2413434 121.4755934 50
1632904383 678.4534642182755 279.7675792194162 31.2414923 121.474461 50
1632904384 667.0890686262956 284.0916530869738 31.2415313 121.4743417 50
1632904385 674.6812088487902 293.8152756039472 31.241619 121.4744214 50
1632904386 664.5837576121108 295.6446914710993 31.2416355 121.4743154 50
1632904387 684.1690026532171 299.6583190093352 31.2416717 121.474521 50
1632904388 659.3254622495408 421.1980567899963 31.2427679 121.4742602 50
1632904389 662.7357335161266 431.9195425068497 31.2428646 121.474296 50
1632904390 663.5168571050631 438.2947796195457 31.2429221 121.4743042 50
1632904391 664.0026778714272 480.2604708711729 31.2433006 121.4743093 50
1632904392 673.6809896220695 480.2826456084779 31.2433008 121.4744109 50
1632904393 663.0215104390855 491.8245966239508 31.2434049 121.474299 50
1632904394 673.071332189817 494.0088082957399 31.2434246 121.4744045 50
1632904395 683.5879229125334 494.3192546243564 31.2434274 121.4745149 50
1632904396 660.2685260907002 513.9106354536061 31.2436041 121.4742701 50
1632904397 680.2824365174569 516.6603029393658 31.2436289 121.4744802 50
1632904398 668.8704114371052 520.9178525928928 31.2436673 121.4743604 50
1632904399 655.3436371394608 540.2098744628838 31.2438413 121.4742184 50
1632904400 663.916944794297 542.3608240280103 31.2438607 121.4743084 50
1632904401 654.543461758569 556.0648119765567 31.2439843 121.47421 50
1632904402 669.3181286171347 558.4153341816592 31.2440055 121.4743651 50
1632908821 669.9277860493872 274.4789042586411 31.2414446 121.4743715 50
1632908822 689.0081585297502 279.9560644907398 31.241494 121.4745718 50
1632908823 685.0263334196702 315.5797807363335 31.2418153 121.47453 50
1859109410 442.3922008901309 371.8925273324556 31.2423232 121.4719829 50
1859109413 442.2778901214319 384.8093120897506 31.2424397 121.4719817 50
1859109423 443.2114280654018 429.4470592444544 31.2428423 121.4719915 50
1859109424 89.32433986639785 431.1988635289234 31.2428581 121.4682765 50
1859109425 459.1292026109559 445.6235304561014 31.2429882 121.4721586 50
1859109426 430.3228888915789 451.6217970254452 31.2430423 121.4718562 50
1859109429 444.497424215082 454.3603771418472 31.243067 121.472005 50
1859109430 413.5001540936239 454.7816971598094 31.2430708 121.4716796 50
1859109431 403.383651057718 456.1897930089992 31.2430835 121.4715734 50
1859109433 333.101580085349 456.6000256583091 31.2430872 121.4708356 50
1859109436 132.8576909583919 458.8396741733604 31.2431074 121.4687335 50
1859109438 579.9937887507369 460.2255952852454 31.2431199 121.4734274 50
1859109442 561.0753565250209 470.5257609841366 31.2432128 121.4732288 50
1859109446 534.993449460037 486.0924269072032 31.2433532 121.472955 50
1859109447 522.6097828469569 492.4344019125313 31.2434104 121.472825 50
1859109448 196.8717214491289 492.9776829877866 31.2434153 121.4694055 50
1859109449 509.349733673045 498.1111347846061 31.2434616 121.4726858 50
1859109451 495.2228278379139 504.0317897726771 31.243515 121.4725375 50
1859109452 237.575881015222 510.2739784580173 31.2435713 121.4698328 50
1859109453 250.2072209600778 514.1323828315923 31.2436061 121.4699654 50
1859109462 470.665064354773 515.4296049921417 31.2436178 121.4722797 50
1859109463 447.736229327408 516.1281092320578 31.2436241 121.472039 50
1859109466 461.853609265349 520.7182799529169 31.2436655 121.4721872 50
1859109467 286.6628302850879 522.0376768507712 31.2436774 121.4703481 50
1859109469 455.0806962181259 524.0001411445741 31.2436951 121.4721161 50
1859109470 438.2865391117389 528.4018265941095 31.2437348 121.4719398 50
1859109471 387.484928308967 529.1003308347308 31.2437411 121.4714065 50
1859109473 427.550852748815 529.4662140080203 31.2437444 121.4718271 50
1859109475 397.610957239639 529.9207961319398 31.2437485 121.4715128 50
1859109477 406.8796554038579 530.1092814039688 31.2437502 121.4716101 50
1859109478 448.7364485541279 535.5531795286995 31.2437993 121.4720495 50
1859109481 448.5745082970579 538.5689438670553 31.2438265 121.4720478 50
1859109501 416.1674053624558 657.4477131132921 31.2448987 121.4717076 50
1859109502 414.5861063974749 664.4881923592417 31.2449622 121.471691 50
1859109511 410.4518669250899 690.4769850391976 31.2451966 121.4716476 50
1859109540 402.269121064722 754.6395888091206 31.2457753 121.4715617 50
1859109542 398.1539333915639 778.9209266799227 31.2459943 121.4715185 50
1859109543 391.1333470101399 806.9387078670068 31.246247 121.4714448 50
1859109571 373.7390583686908 865.9124229968479 31.2467789 121.4712622 50
1859109573 369.204731209496 878.629635114872 31.2468936 121.4712146 50
1859109579 351.6675541053548 922.6908390862475 31.247291 121.4710305 50
1859109582 342.3035969668169 947.0941380150476 31.2475111 121.4709322 50
1859109583 339.8173377470109 956.518401572057 31.2475961 121.4709061 50
1859109600 329.3960059986139 1001.99878876198 31.2480063 121.4707967 50
1859109613 316.012120158814 1039.152561914762 31.2483414 121.4706562 50
1859109617 296.7507556270009 1088.812887176234 31.2487893 121.470454 50
1859109622 285.357782343453 1113.482282958336 31.2490118 121.4703344 50
1859109624 247.60665096915 1188.366372446523 31.2496872 121.4699381 50
1859109625 244.320216368453 1194.641823238525 31.2497438 121.4699036 50
1859109629 239.1000245970649 1204.631542609505 31.2498339 121.4698488 50
1860413549 734.9801393556027 376.1057275113729 31.2423612 121.4750544 50
1860413553 720.757974546152 381.7935477521001 31.2424125 121.4749051 50
1860413555 31.57834986214198 394.0229156381314 31.2425228 121.4676703 50
1860413560 37.36056958225799 396.694971541208 31.2425469 121.467731 50
1860413562 42.90464186536292 399.5555127149029 31.2425727 121.4677892 50
1860413564 47.78190133065505 402.4271412572503 31.2425986 121.4678404 50
1860413566 703.1922197504425 391.7167429097545 31.242502 121.4747207 50
1860413581 59.26060768890898 410.1106878991482 31.2426679 121.4679609 50
1860413583 868.9999897953627 406.6070793295048 31.2426363 121.4764613 50
1860413586 854.2062711424178 411.0198521476927 31.2426761 121.476306 50
1860413588 77.43601991929495 422.9498610744654 31.2427837 121.4681517 50
1860413598 922.5736367408994 456.0123951070335 31.2430819 121.4770237 50
1860413602 843.3753258051737 458.9172857560436 31.2431081 121.4761923 50
1860413603 931.9375938794378 464.7159796854112 31.2431604 121.477122 50
1860413607 941.1300848661399 473.8408842831617 31.2432427 121.4772185 50
1860413609 949.3414084205004 482.8660025595137 31.2433241 121.4773047 50
1860413623 962.8872345149477 498.210921104594 31.2434625 121.4774469 50
1860413625 969.4886814079113 504.9520413905794 31.2435233 121.4775162 50
1860413627 976.4616383009638 511.5601132492089 31.2435829 121.4775894 50
1860413629 983.7489498085441 518.1016608945131 31.2436419 121.4776659 50
1860413631 990.7409584935521 524.1331895712246 31.2436963 121.4777393 50
1860413633 999.7429315340387 531.6836877857667 31.2437644 121.4778338 50
1860413634 1006.106230989991 537.6265175118481 31.243818 121.4779006 50
1860413636 1012.66004839943 544.24567673913 31.2438777 121.4779694 50
1860413638 1017.775455299309 549.8004485532065 31.2439278 121.4780231 50
1860413640 1022.319308355694 555.4106572119558 31.2439784 121.4780708 50
1860413642 1067.033870725859 607.9426110164808 31.2444522 121.4785402 50
1860413643 1046.391251072471 609.8274637276005 31.2444692 121.4783235 50
1860413645 1009.973745333796 635.3949363895942 31.2446998 121.4779412 50
1860413647 1039.084887770511 630.3834456514783 31.2446546 121.4782468 50
1860413648 1033.416978821518 654.3210750862959 31.2448705 121.4781873 50
1860413735 332.1585162417659 992.9958452222278 31.2479251 121.4708257 50
1860455464 1082.675394248067 741.1795229765704 31.2456539 121.4787044 50
1860455470 1110.757739766493 763.7534060375133 31.2458575 121.4789992 50
1860455471 1115.682628720156 768.5764115057164 31.245901 121.4790509 50
1860455472 1118.911907935292 772.8006990525807 31.2459391 121.4790848 50
1860455473 1121.531529718176 777.5571803074585 31.245982 121.4791123 50
1860455494 1142.602814754791 784.2983005927385 31.2460428 121.4793335 50
1860455496 1123.855848683335 784.3204753300436 31.246043 121.4791367 50
1860455500 1133.781833768178 799.2662485951719 31.2461778 121.4792409 50
1860543429 207.0168021717559 1265.722945197105 31.2503849 121.469512 50
1860543433 194.5759801755389 1288.840109334713 31.2505934 121.4693814 50
1861930027 1130.885960959525 804.1336035379848 31.2462217 121.4792105 50
1861930031 1107.576090034881 835.4443332853785 31.2465041 121.4789658 50
1861930033 1104.851683382912 840.1453776948781 31.2465465 121.4789372 50
1861930035 1103.146547747196 844.0370441758211 31.2465816 121.4789193 50
1861930037 1101.355679036773 848.5606906833548 31.2466224 121.4789005 50
1861930038 1099.707698789041 853.7606666927943 31.2466693 121.4788832 50
1861930167 1083.11358552606 1044.042091595585 31.2483855 121.478709 50
1861930170 1082.36103963354 1062.879531340951 31.2485554 121.4787011 50
1861975366 1044.600382362048 566.8971713827559 31.244082 121.4783047 50
1861975367 1053.840502834698 576.0996875624843 31.244165 121.4784017 50
1861975369 1028.158683458948 606.2573309453371 31.244437 121.4781321 50
1861975370 1038.256134698051 612.5438691059923 31.2444937 121.4782381 50
1861975373 1022.062109126727 623.6312379968404 31.2445937 121.4780681 50
1861975374 1033.10262420699 627.8998750197252 31.2446322 121.478184 50
1861975375 1016.613295817942 640.7501355644 31.2447481 121.4780109 50
1861975376 1028.034846793059 644.1206957066875 31.2447785 121.4781308 50
1861975379 1011.802717632977 658.7449352738416 31.2449104 121.4779604 50
1861975380 1023.262372199277 662.1044080474766 31.2449407 121.4780807 50
1861975382 1002.810270494528 695.2778157693905 31.2452399 121.477866 50
1861975383 1013.86983736917 698.0829200984125 31.2452652 121.4779821 50
1861975386 986.959177229301 729.748445649738 31.2455508 121.4776996 50
1861975387 995.0180864262044 731.7774341568661 31.2455691 121.4777842 50
1861975388 1005.63946202043 735.8575859084274 31.2456059 121.4778957 50
1861975389 1013.536430960263 738.2746323268551 31.2456277 121.4779786 50
1861975390 993.6844607881529 740.4810187366544 31.2456476 121.4777702 50
1861975391 1004.134370230542 744.6166073321832 31.2456849 121.4778799 50
1861975393 1003.238935875331 763.3875228642239 31.2458542 121.4778705 50
1861975394 1003.200832286572 769.5188378609236 31.2459095 121.4778701 50
1861975395 991.4554007997376 773.222019070543 31.2459429 121.4777468 50
1861975397 1002.715011517784 777.0804234448233 31.2459777 121.477865 50
1861975399 977.9286264996695 903.3988172162565 31.247117 121.4776048 50
1861975402 988.0260777387726 905.2060583461036 31.2471333 121.4777108 50
1861975403 974.4135703591506 928.3675719583222 31.2473422 121.4775679 50
1861975406 984.4633921123059 929.6426193815665 31.2473537 121.4776734 50
1861975412 970.1650201229147 951.8506192692201 31.247554 121.4775233 50
1861975414 980.3196267451553 953.9793940963363 31.2475732 121.4776299 50
1861975420 926.1744259561245 1103.437126744094 31.2489212 121.4770615 50
1861975421 940.0441325622891 1112.362458700457 31.2490017 121.4772071 50
1861975423 923.0975610984456 1114.602107216214 31.2490219 121.4770292 50
1861975425 917.5344370185373 1136.909893424561 31.2492231 121.4769708 50
1861975427 926.6221431337302 1152.44329724026 31.2493632 121.4770662 50
1861975428 914.2670542122191 1148.684679185967 31.2493293 121.4769365 50
1861975430 908.1800057771885 1167.222759972075 31.2494965 121.4768726 50
1861975431 916.0007675370808 1179.363428907476 31.249606 121.4769547 50
1861975432 904.7697345106027 1176.203528773111 31.2495775 121.4768368 50
1871436637 1518.647140291837 849.0485349146423 31.2466268 121.4832811 50
1880007876 1633.881921071383 816.1190493087249 31.2463298 121.4844908 50
1880146394 1507.016019573701 742.088687225115 31.2456621 121.483159 50
1880146396 1512.350522116212 750.4374760002663 31.2457374 121.483215 50
1880146399 1525.591519493321 899.0414812427414 31.2470777 121.483354 50
1880146404 1501.643413442433 738.529641811504 31.24563 121.4831026 50
1880146409 1489.421687086423 725.856779168795 31.2455157 121.4829743 50
1880146413 1519.552100544238 728.8060192945308 31.2455423 121.4832906 50
1880146420 1484.639686595452 709.5472595312024 31.2453686 121.4829241 50
1880146445 1492.927217327329 731.3782888769141 31.2455655 121.4830111 50
1880146447 1509.826159305224 745.6588200080837 31.2456943 121.4831885 50
1880146449 1487.935647093339 721.2000842353159 31.2454737 121.4829587 50
1880146450 1491.155400411285 729.1053782544948 31.245545 121.4829925 50
1880146452 1496.013608082197 734.7931984952219 31.2455963 121.4830435 50
1880157381 1333.320806486138 738.3300691708228 31.2456282 121.4813356 50
1880208103 1438.067574234536 847.7845748607557 31.2466154 121.4824352 50
1880214221 1293.283459737859 808.0474447562326 31.246257 121.4809153 50
1880214251 1257.189834510902 787.1588417664335 31.2460686 121.4805364 50
1880214258 1236.013764602778 773.4105043418665 31.2459446 121.4803141 50
1883276467 1325.033275751837 618.6308346273768 31.2445486 121.4812486 50
1883276470 1421.168632256641 425.8436643548229 31.2428098 121.4822578 50
1883276471 1468.598075381585 728.4290487518836 31.2455389 121.4827557 50
1883276474 1247.101909171412 582.8075457411018 31.2442255 121.4804305 50
1883276481 1336.111894423282 622.6555495342652 31.2445849 121.4813649 50
1883276491 1501.1290149845 731.9437446901794 31.2455706 121.4830972 50
1883276508 1346.571329762861 625.1169454280081 31.2446071 121.4814747 50
1883276513 1484.430116852433 730.2917267256984 31.2455557 121.4829219 50
1883276517 1343.342050545301 693.4594872708908 31.2452235 121.4814408 50
1887854441 1032.388181903228 215.9486838840672 31.2409167 121.4781765 50
1887854479 773.1123066247599 313.6616659178458 31.241798 121.4754547 50
1887854488 735.8850996080038 316.5332944608984 31.2418239 121.4750639 50
1887854521 840.3651422278219 323.3409389602091 31.2418853 121.4761607 50
1887854550 924.3359277597535 363.4550396066739 31.2422471 121.4770422 50
1887877323 717.4048586627036 242.9575145026188 31.2411603 121.4748699 50
1887877324 751.0789059526064 252.8363601842529 31.2412494 121.4752234 50
1887877334 737.847434470263 296.9862631069637 31.2416476 121.4750845 50
1887877338 736.8186375519736 301.7094822544736 31.2416902 121.4750737 50
1887877340 736.304239091617 306.5768371972865 31.2417341 121.4750683 50
1887877346 745.9825508471069 315.2582470383593 31.2418124 121.4751699 50
1887877348 724.9684211936296 318.6288071820572 31.2418428 121.4749493 50
1887877350 678.3867829355246 324.2168411027964 31.2418932 121.4744603 50
1887877352 669.6705868204208 325.3810148359898 31.2419037 121.4743688 50
1887913981 325.471336271672 275.4545927212162 31.2414534 121.4707555 50
1887913982 340.5222541535829 279.324084464149 31.2414883 121.4709135 50
1887913983 500.5668562751898 317.0987502748692 31.241829 121.4725936 50
1887913984 651.7809515129941 332.1997467039531 31.2419652 121.474181 50
1887913985 627.8042677705366 347.7442378883042 31.2421054 121.4739293 50
1887913986 610.5528675917789 362.7343606287477 31.2422406 121.4737482 50
1887913987 601.922404551381 369.8191893500124 31.2423045 121.4736576 50
1887913989 541.9378286615199 406.4851182715067 31.2426352 121.4730279 50
1887913990 521.1142169542588 418.3375156163013 31.2427421 121.4728093 50
1887913991 504.6820439507719 427.3293717859906 31.2428232 121.4726368 50
4394577698 802.737847519408 373.8549916262585 31.2423409 121.4757657 50
4394577716 786.8772283594153 371.3492462572005 31.2423183 121.4755992 50
4394577743 770.7975135592145 370.3957325319302 31.2423097 121.4754304 50
4394577754 837.4883212135481 385.2084573704079 31.2424433 121.4761305 50
5075446172 688.1222500717283 441.8094755571364 31.2429538 121.4745625 50
5346265671 1408.003842059472 468.8959177576658 31.2431981 121.4821196 50
5346265672 1381.531373200019 562.7061459418488 31.2440442 121.4818417 50
6965788079 1525.70583026202 896.8240074642897 31.2470577 121.4833552 50
6965788080 1524.276945652073 913.2111386852706 31.2472055 121.4833402 50
6965817498 1523.943539243166 916.8256209435544 31.2472381 121.4833367 50
6965817541 1375.187125533598 835.3999838100635 31.2465037 121.4817751 50
6965839411 1332.920718796904 823.2482275060099 31.2463941 121.4813314 50
6965839421 1515.665534406054 849.2370201852607 31.2466285 121.4832498 50
6965839467 1124.656024064227 812.5932660017766 31.246298 121.4791451 50
6965839470 1113.87270821293 826.4635644843418 31.2464231 121.4790319 50
6965839473 1104.213448256667 841.5978230200884 31.2465596 121.4789305 50
6965871215 1050.458809259681 601.4454128464918 31.2443936 121.4783662 50
6965871216 1032.150034468641 659.6430121537337 31.2449185 121.478174 50
6965871217 1078.779302212694 736.6558764690367 31.2456131 121.4786635 50
6965871218 1076.655027093364 732.4094141841622 31.2455748 121.4786412 50
6965871219 1076.264465301319 728.17403926794 31.2455366 121.4786371 50
6965871220 1077.036062990643 724.7036928049592 31.2455053 121.4786452 50
6965871221 1088.076578068481 709.2922500465535 31.2453663 121.4787611 50
6965871222 1089.429255500912 704.85730248965 31.2453263 121.4787753 50
6965871223 1088.848175757804 700.2338696628336 31.2452846 121.4787692 50
6965871224 1086.723900640898 695.4219515639884 31.2452412 121.4787469 50
6965871225 1075.492867611996 681.5405657127707 31.245116 121.478629 50
6965871226 1071.034747630318 677.6932487078482 31.2450813 121.4785822 50
6965871227 1032.693010620566 657.3701015313144 31.244898 121.4781797 50
6966009941 817.5887215603379 612.0005880300318 31.2444888 121.4759216 50
6966009949 1011.450259429691 543.0260661612637 31.2438667 121.4779567 50
6966009956 839.1648791576961 478.2647444707073 31.2432826 121.4761481 50
6966009957 1011.174008406346 631.8026288693206 31.2446674 121.4779538 50
6967995913 792.1355237219854 854.0489382841059 31.2466719 121.4756544 50
6968024697 820.1130843689018 378.4673370844224 31.2423825 121.4759481 50
6968024744 843.9754573426604 456.2563172223247 31.2430841 121.4761986 50
6968074675 817.855446686494 377.8686191644944 31.2423771 121.4759244 50
6968098587 739.7145103606265 375.1300390487977 31.2423524 121.4751041 50
6968098592 773.0265735476298 1074.720841315683 31.2486622 121.4754538 50
6968098593 770.502210739066 1098.381286529252 31.2488756 121.4754273 50
6968098594 767.4539235729558 1110.655003891304 31.2489863 121.4753953 50
7068383266 762.93864820814 256.3399687538962 31.241281 121.4753479 50
7068466283 902.13106093334 249.5544989925957 31.2412198 121.4768091 50
7068466291 955.9619071078431 333.4858814951448 31.2419768 121.4773742 50
7119012120 930.7087531177432 1140.247191460186 31.2492532 121.4771091 50
7119012131 981.0435949461067 873.3742222607596 31.2468462 121.4776375 50
7119012132 985.5207667221641 922.3582180196208 31.247288 121.4776845 50
8339246446 953.3994407105209 1062.990405029591 31.2485564 121.4773473 50
8339246447 939.2058535902152 1059.010039598018 31.2485205 121.4771983 50
8941505997 1570.877635706981 709.0926774065775 31.2453645 121.4838294 50
