156347579 103788397
103788397 1883276474
1883276474 103832247
103832247 1315242509
1315242509 103788725
103788725 103795544
103795544 103795676
103795676 1315242552
1315242552 1315242601
1315242601 1315242567
1315242567 103795840
103795840 103795925
415517233 1871436637
1871436637 6965839421
6965839421 105312681
105312681 105312690
105312690 1880208103
1880208103 599411746
599411746 6965817541
6965817541 105312649
105312649 6965839411
6965839411 105312637
105312637 1880214221
1880214221 105312625
105312625 1880214251
1880214251 1880214258
1880214258 156344098
156344098 156347366
156347366 156344071
156344071 479921442
479921442 1860413642
1860413642 874300005
874300005 599408909
599408909 479921326
479921326 874300433
874300433 479921437
479921437 1860413640
1860413640 1860413638
1860413638 1860413636
1860413636 6966009949
6966009949 1860413634
1860413634 1860413633
1860413633 1860413631
1860413631 1860413629
1860413629 1860413627
1860413627 1860413625
1860413625 1860413623
1860413623 1860413609
1860413609 1860413607
1860413607 1860413603
1860413603 1860413598
1860413598 479921431
479921431 1860413583
1860413583 479915836
156253588 156345717
156345717 156345148
156345148 156253614
156253614 477643018
477643018 1887913981
1887913981 1887913982
1887913982 156344953
156344953 156253649
156253649 267198568
267198568 1887913983
1887913983 156253692
156253692 477644839
103781600 1880157381
1859109429 477643992
1314685710 477628490
477628490 477638655
477638655 850261339
850261339 477640833
477640833 477640461
477640461 7068466283
7068466283 850261273
850261273 267198765
477629479 1315678839
1315678839 1315678650
1315678650 1315678856
1315678856 1887854441
1887854441 1315678830
1315678830 1315678718
1315678718 1315678810
1315678810 1315678678
1315678678 210643019
210643019 267198766
479915836 1860413586
1860413586 6968024744
6968024744 1860413602
1860413602 6966009956
6966009956 479915845
479915845 479932851
479932851 6966009941
6966009941 479915848
479915848 6967995913
6967995913 479915857
479915857 479926013
479926013 6968098592
6968098592 6968098593
6968098593 6968098594
6968098594 265711412
479921328 1859109463
477643992 1859109423
1859109423 1859109413
1859109413 1859109410
1859109410 1573535387
1573535387 267198568
874283609 5075446172
5075446172 874282808
874282808 1632904395
1632904395 1632904397
1632904397 1632904402
1632904402 874282811
874298340 599410312
599410312 874300841
874300841 156380673
156380673 850261330
850261330 477629492
415517230 6965817498
6965817498 6965788080
6965788080 1880146399
1880146399 6965788079
6965788079 415517261
415517261 415517233
415517233 1584395331
103781600 103857396
103857396 103831557
103831557 1883276471
1883276471 1883276513
1883276513 1880146445
415517233 105312670
105312670 105312658
105312658 1880007876
1880007876 468717436
874298434 1861975370
1861975370 1861975374
1861975374 1861975376
1861975376 1861975380
1861975380 1861975383
1861975383 1861975388
1861975388 1861975391
1861975391 621541448
621541448 1861975393
1861975393 1861975394
1861975394 1861975397
1861975397 1861975402
1861975402 7119012132
7119012132 1861975406
1861975406 1861975414
1861975414 621541449
621541449 621541487
621541487 8339246446
8339246446 621541488
621541488 1861975421
1861975421 7119012120
7119012120 1861975427
1861975427 1861975431
1861975431 621541489
621541489 621541490
874283856 1632904398
1632904398 1632904400
1632904400 479932425
479932425 874282811
477642555 1632904392
1632904392 1632904394
1632904394 874283856
874286865 1632904383
1632904383 1632904385
1632904385 874286960
874286960 874286961
874286961 477642555
874287211 874287496
874287496 1632904386
1632904386 1632904384
1632904384 1632908821
1632908821 874287498
874296162 477645648
477645648 477643369
477643369 156345074
156345074 479915143
479915143 479915009
479915009 156345030
156345030 1573535406
1573535406 156344925
156344925 1859109433
1859109433 1573535372
1573535372 156345052
156345052 1859109431
1859109431 1859109430
1859109430 1859109426
1859109426 477643992
477643992 1859109425
1859109425 477645079
477645079 1887913991
1887913991 1887913990
1887913990 1887913989
1887913989 477645082
477645082 1887913987
1887913987 1887913986
1887913986 477644839
477644839 1887913985
1887913985 1887913984
1887913984 874287211
874287211 1887877352
1887877352 1887877350
1887877350 874287746
874287746 267198763
267198763 1887877348
1887877348 1887854488
1887854488 1887877346
1887877346 1887854479
1887854479 267198764
267198764 1887854521
1887854521 267198765
267198765 1887854550
1887854550 267198766
267198766 267198716
267198716 599410298
599410298 874300749
874300749 267198717
267198717 599408884
599408884 874301062
874301062 267198718
267198718 1315242580
1315242580 156347556
156347556 156347579
156347579 156347524
156347524 103832206
103832206 103781600
874298562 1861975367
1861975367 874298434
874298388 874298562
874298243 1861975366
1861975366 874298893
874298893 874298340
874300005 6965871215
6965871215 1860413643
1860413643 1860413647
1860413647 1860413648
1860413648 6965871227
6965871227 6965871216
6965871216 1861975389
1861975389 621541448
156347476 1861975386
1861975386 874300429
874300429 1860413645
1860413645 6966009957
6966009957 874300431
874300431 874300433
874300749 874300935
874300935 874300841
874300953 874301057
874301057 874301062
265711411 1861975432
1861975432 1861975430
1861975430 1861975428
1861975428 1861975425
1861975425 1861975423
1861975423 1861975420
1861975420 8339246447
8339246447 479926042
479926042 479928806
479928806 156347379
156347379 1861975412
1861975412 1861975403
1861975403 1861975399
1861975399 7119012131
7119012131 1861975395
1861975395 156347476
156347476 1861975390
1861975390 1861975387
1861975387 1861975382
1861975382 1861975379
1861975379 1861975375
1861975375 1861975373
1861975373 1861975369
1861975369 874298243
103832215 103832228
103832228 103832235
103832235 1883276508
1883276508 1883276481
1883276481 1883276467
1883276467 1573500262
1573500262 1883276474
1584395323 1880146396
1880146396 1880146447
1880146447 1880146394
1880146394 1880146404
1880146404 1880146452
1880146452 1880146445
1584395331 1584395323
1632904379 1632908822
1632908822 874287741
874287741 1632904387
1632904387 874287743
874287743 1632908823
1632908823 874287746
874282811 479914786
874282811 1632904401
1632904401 1632904399
1632904399 1632904396
1632904396 1632904393
1632904393 1632904391
1632904391 1632904390
1632904390 1632904389
1632904389 1632904388
103795804 1883276470
1883276470 5346265671
5346265671 1315242557
1315242557 5346265672
5346265672 1315678854
1315678854 103832235
103832235 1883276517
1883276517 103781600
1859109463 1859109429
6965871227 6965871226
6965871226 6965871225
6965871225 6965871224
6965871224 6965871223
6965871223 6965871222
6965871222 6965871221
6965871221 6965871220
6965871220 6965871219
6965871219 6965871218
6965871218 6965871217
6965871217 1860455464
1860455464 1860455470
1860455470 1860455471
1860455471 1860455472
1860455472 1860455473
1860455473 1860455496
1880146445 1880146450
1880146450 1880146409
1880146409 1880146449
1880146449 1880146420
1880146420 1584395319
1584395319 1584395316
1584395316 103832215
103832215 1584395314
1584395314 103832191
103832191 1315678703
1315678703 103831812
103831812 103831022
1880157381 103849757
103849757 103849814
156347366 156347343
156347343 1860455494
1860455494 156347314
156347314 1860455500
1860455500 1861930027
1861930027 156347188
156347188 6965839467
6965839467 6965839470
6965839470 479928669
479928669 1861930031
1861930031 1861930033
1861930033 6965839473
6965839473 1861930035
1861930035 1861930037
1861930037 1861930038
1861930038 479928665
479928665 479934019
479934019 479924220
479924220 1861930167
1861930167 1861930170
1861930170 479927923
479927923 479928646
1887854488 1887877340
1887877340 1887877338
1887877338 1887877334
1887877334 1887877324
479915836 4394577754
4394577754 6968024697
6968024697 6968074675
6968074675 4394577698
4394577698 4394577716
4394577716 4394577743
4394577743 479921400
479921400 6968098587
6968098587 1860413549
1860413549 1860413553
1860413553 1860413566
1860413566 874283609
874283609 1632904388
1632904388 479921393
479921393 1859109438
1859109438 1859109442
1859109442 1859109446
1859109446 1859109447
1859109447 1859109449
1859109449 1859109451
1859109451 479921390
479921390 1859109462
1859109462 1859109466
1859109466 1859109469
1859109469 479921328
479921328 1859109470
1859109470 1859109473
1859109473 1859109477
1859109477 1859109475
1859109475 1859109471
1859109471 479921389
479921389 479921381
479921381 1859109467
1859109467 479922149
479922149 479921375
479921375 1859109453
1859109453 1859109452
1859109452 479921372
479921372 1859109448
1859109448 479921364
479921364 1859109436
1859109436 479920138
479920138 479921360
479921360 1859109424
1859109424 1860413588
1860413588 1860413581
1860413581 1860413564
1860413564 1860413562
1860413562 1860413560
1860413560 1860413555
1860413555 639309866
639309866 601145313
1880146445 1883276491
1883276491 415517232
415517232 1880146413
1880146413 103832615
103832615 479912179
479912179 8941505997
8941505997 103706052
103706052 1573510976
1573510976 1584371199
1584371199 266076271
266076271 1573510992
1573510992 476672959
479921328 1859109478
1859109478 1859109481
1859109481 267198578
267198578 1859109501
1859109501 1859109502
1859109502 267198579
267198579 1859109511
1859109511 1859109540
1859109540 1573535400
1573535400 1859109542
1859109542 1573535376
1573535376 1859109543
1859109543 1573535374
1573535374 267198580
267198580 1859109571
1859109571 1859109573
1859109573 479925407
479925407 1859109579
1859109579 1859109582
1859109582 1859109583
1859109583 265711415
265711415 559813227
559813227 1860413735
1860413735 1859109600
1859109600 1859109613
1859109613 1859109617
1859109617 267198581
267198581 1859109622
1859109622 1859109624
1859109624 1859109625
1859109625 1859109629
1859109629 1860543429
1860543429 621541038
621541038 1860543433
267198467 1632904379
1632904379 1887877323
1887877323 267198762
267198762 1887877324
1887877324 7068383266
7068383266 1632904382
1632904382 210642888
210642888 850261273
850261273 7068466291
7068466291 210643019
210643019 599409987
599409987 267198727
267198727 156380673
156380673 599408887
599408887 874300953
874300953 874298388
