1615521388 452.8656069855478 287.0165536261652 34.3409354 108.9669123 50
2299187106 489.8276555303173 387.1184852923284 34.3418378 108.967314 50
2299187110 515.8492321516312 432.9874444499988 34.3422513 108.9675968 50
2407605238 442.1643716206273 0 34.338348 108.966796 50
2407605239 160.776169836073 339.8629191469833 34.3414118 108.9637379 50
2715499364 463.603647974318 286.2844251360915 34.3409288 108.967029 50
2715499366 477.6910008059919 330.8111487301557 34.3413302 108.9671821 50
2715499368 674.2882448240805 590.9718982165364 34.3436755 108.9693187 50
2715499370 549.599989947616 448.8724141021043 34.3423945 108.9679636 50
2971588531 491.4563044207864 362.3259523498539 34.3416143 108.9673317 50
2971588532 448.3937235929857 348.8370395727495 34.3414927 108.9668637 50
4019423158 448.9274051493423 268.480391412429 34.3407683 108.9668695 50
4019423159 367.9918365630789 363.8456736083227 34.341628 108.9659899 50
4019423900 378.8310930197771 340.7614404748441 34.3414199 108.9661077 50
4019423903 389.4403143227321 331.2215843989082 34.3413339 108.966223 50
4019425307 0.7177096802877259 431.6119303179884 34.3422389 108.9619984 50
4019425309 374.0279590043731 388.5161851356674 34.3418504 108.9660555 50
4028119619 159.359153288593 385.8760854304065 34.3418266 108.9637225 50
4044675854 786.3613718544668 704.1523069903458 34.3446958 108.9705367 50
5206259961 747.2461942688342 719.3162410101588 34.3448325 108.9701116 50
5206259963 943.5765975069885 548.1867529991666 34.3432898 108.9722453 50
5206259964 708.7015038622371 454.441027765543 34.3424447 108.9696927 50
5206259965 757.7449986967281 369.4142872710559 34.3416782 108.9702257 50
5206259966 772.890513237494 341.4381046844794 34.341426 108.9703903 50
5206259975 953.6521372524162 197.0645851115873 34.3401245 108.9723548 50
5206259976 709.2167826090101 219.694011152245 34.3403285 108.9696983 50
5213840189 0 448.0848213330034 34.3423874 108.9619906 50
5213840190 162.8188820053871 423.9467668888355 34.3421698 108.9637601 50
5213840191 951.977481332135 321.6262640425339 34.3412474 108.9723366 50
5213840192 1239.457013993758 315.4919147282199 34.3411921 108.9754609 50
5213840193 1247.038972670689 316.6566645983747 34.3412026 108.9755433 50
5213840194 1230.715678140978 371.7770655783584 34.3416995 108.9753659 50
5213840195 940.7517658156497 371.7992512903926 34.3416997 108.9722146 50
6558572309 697.8622474055389 370.6123157089092 34.341689 108.9695749 50
6558572310 673.3773056127285 377.7117434857755 34.341753 108.9693088 50
6558572311 648.5611132005881 395.9927700135877 34.3419178 108.9690391 50
6558572312 630.2043079110374 430.8465232609218 34.342232 108.9688396 50
6558572313 625.4379795194831 469.0946904135078 34.3425768 108.9687878 50
6558572314 641.7612740468528 517.1489421836181 34.34301 108.9689652 50
6558572315 680.5175967940976 564.5265297440931 34.3434371 108.9693864 50
6558572321 756.0335371502558 323.0239638858729 34.34126 108.9702071 50
6558572322 652.2048700401427 323.2458210040985 34.341262 108.9690787 50
6558572323 625.0055134298839 323.5896995374539 34.3412651 108.9687831 50
6558572324 592.7085778087408 314.7930648065504 34.3411858 108.9684321 50
6558572325 569.5210342835574 301.0933877661791 34.3410623 108.9681801 50
6558572326 519.9162536748227 266.039963114065 34.3407463 108.967641 50
6558572327 505.1203925688234 251.6636218640585 34.3406167 108.9674802 50
6558572328 487.7941447704775 227.1927817429051 34.3403961 108.9672919 50
6558572329 474.2128692761023 197.3529993637987 34.3401271 108.9671443 50
6558572330 466.7137232551747 169.8427167257075 34.3398791 108.9670628 50
6558572331 458.7637083338936 153.4918471258223 34.3397317 108.9669764 50
6558572335 1036.299167383981 372.620122627192 34.3417071 108.973253 50
6561657263 534.6108993117232 294.6817170546124 34.3410045 108.9678007 50
6561657264 550.1060672860854 309.7347225142542 34.3411402 108.9679691 50
6561657265 436.2754716782439 394.7281844417485 34.3419064 108.966732 50
6561657266 560.3288295304238 328.7256918201059 34.3413114 108.9680802 50
6561657267 564.3498440214618 349.9130465947673 34.3415024 108.9681239 50
6561657268 557.7524358059237 382.1599787031279 34.3417931 108.9680522 50
6561657269 536.6352086679418 408.4167686250442 34.3420298 108.9678227 50
6561657270 516.9534008905355 419.0659102921077 34.3421258 108.9676088 50
6561657271 494.9252345435428 423.1037098400019 34.3421622 108.9673694 50
6561657272 472.7314428857147 420.1197316027969 34.3421353 108.9671282 50
6561657273 425.7582644384252 374.7388581042347 34.3417262 108.9666177 50
6561657274 422.086903378642 352.4754963082611 34.3415255 108.9665778 50
6561657275 435.4749493431236 310.9549366641418 34.3411512 108.9667233 50
6561657276 450.6756723196642 295.5469598154803 34.3410123 108.9668885 50
6561657277 469.8237985383727 285.4191823766349 34.340921 108.9670966 50
6561657278 492.0543958212212 281.492311386795 34.3408856 108.9673382 50
6561657279 514.3954099791308 284.6759610308969 34.3409143 108.967581 50
6561657280 465.4807348316259 337.6110693984407 34.3413915 108.9670494 50
6561657281 476.0531505083898 347.1065540510137 34.3414771 108.9671643 50
6561657282 442.2471842778011 143.5526482367983 34.3396421 108.9667969 50
6561657283 444.1334725387301 225.9281961703603 34.3403847 108.9668174 50
6561657284 457.1258580386328 185.250693574369 34.340018 108.9669586 50
6561714685 552.0107583601098 392.2101061509119 34.3418837 108.9679898 50
6561714686 558.0560822097077 424.8120096489978 34.3421776 108.9680555 50
6561714687 572.6679151917757 447.3637857000053 34.3423809 108.9682143 50
6561714688 591.3007626648819 457.1809631731939 34.3424694 108.9684168 50
6561714689 609.1974976481166 462.2725840331886 34.3425153 108.9686113 50
6561714690 623.4504757882848 474.6300255085424 34.3426267 108.9687662 50
6561714691 634.3449406819283 495.31820176702 34.3428132 108.9688846 50
6561714692 520.7903872611541 468.6287904643169 34.3425726 108.9676505 50
6561714693 519.6954199258712 458.2680630515817 34.3424792 108.9676386 50
6561714694 538.1442392773874 438.2676438598149 34.3422989 108.9678391 50
6561714695 551.4770768037532 430.8132446932232 34.3422317 108.967984 50
6561714696 563.9357807461286 433.8970586335239 34.3422595 108.9681194 50
6561714697 774.4455508767518 671.894282026321 34.344405 108.9704072 50
6561714698 684.2717705075427 652.2710199341968 34.3442281 108.9694272 50
6561714699 609.1974976481166 568.6308864280901 34.3434741 108.9686113 50
6561714700 528.4643599977093 481.7294532861143 34.3426907 108.9677339 50
6561714701 500.7037176120359 452.6328922534515 34.3424284 108.9674322 50
6561714702 464.3765660927216 428.1731449872568 34.3422079 108.9670374 50
6561714703 423.0714538376934 403.9019762730003 34.3419891 108.9665885 50
6561714704 382.8889131370062 388.4496280002703 34.3418498 108.9661518 50
6561714705 333.2105212794012 390.8124063075729 34.3418711 108.9656119 50
6561714706 239.3193728194262 407.1743687645336 34.3420186 108.9645915 50
6561714708 48.62943155564591 445.3559787810169 34.3423628 108.9625191 50
6561714709 15.56877922206161 446.6316572106373 34.3423743 108.9621598 50
6561714738 452.5711619888969 410.4134826876627 34.3420478 108.9669091 50
6561714742 427.5985456707126 284.7314253099241 34.3409148 108.9666377 50
6561714743 433.3954315511305 265.7848274288465 34.340744 108.9667007 50
6561714744 434.4259890411646 182.2001582017669 34.3399905 108.9667119 50
6561714745 433.3954315511305 85.84761183128651 34.3391219 108.9667007 50
6561714746 434.6284199770206 36.22926737722761 34.3386746 108.9667141 50
6561714747 464.1465309389783 148.7551976548473 34.339689 108.9670349 50
6561714766 459.7114531702659 314.4713719852292 34.3411829 108.9669867 50
6561714767 554.3479155249042 477.91351085574 34.3426563 108.9680152 50
6561714768 583.9120335190153 490.3042308987923 34.342768 108.9683365 50
6561714780 505.8196994383569 346.540818400844 34.341472 108.9674878 50
6561714805 669.9175768971052 367.3621089294102 34.3416597 108.9692712 50
6561714806 634.694594116695 373.6850367935455 34.3417167 108.9688884 50
6561714807 597.1528569845862 373.3078796931972 34.3417133 108.9684804 50
6561714808 561.7734502969618 371.3111656305787 34.3416953 108.9680959 50
6561714809 14.95228500970182 420.5079815595152 34.3421388 108.9621531 50
6561714810 52.65964745498752 409.659168486966 34.342041 108.9625629 50
6561714811 301.3552531526491 357.8000671414401 34.3415735 108.9652657 50
6561714812 404.8894752649408 335.0264339729126 34.3413682 108.9663909 50
6561714813 425.6478475645347 330.2010416552119 34.3413247 108.9666165 50
6561714814 313.4366994400293 360.8173239470493 34.3416007 108.965397 50
6561714815 322.371264822703 377.5231649359541 34.3417513 108.9654941 50
6561714816 317.3196928404602 393.5856202829223 34.3418961 108.9654392 50
6561714817 726.8190725932528 649.453434534779 34.3442027 108.9698896 50
6561714818 717.2128045612741 659.1929620176118 34.3442905 108.9697852 50
6561714819 442.2011772468183 52.3582798602985 34.33882 108.9667964 50
6561714820 460.1255164455991 51.1380657111165 34.338809 108.9669912 50
6561714821 953.9925892812205 339.0864192335467 34.3414048 108.9723585 50
6561714827 1046.255088848385 319.6295499806211 34.3412294 108.9733612 50
6561714832 40.84504194520042 424.6899882345735 34.3421765 108.9624345 50
6561714835 657.4128659260881 536.2841186152226 34.3431825 108.9691353 50
8087656072 1038.691532985721 185.1064864479105 34.3400167 108.973279 50
8087656073 1147.415348174374 231.0309098853137 34.3404307 108.9744606 50
8087656074 1251.630474345445 282.2466255881973 34.3408924 108.9755932 50
8087656075 977.6862101437025 193.6812640605884 34.340094 108.972616 50
