6561657280 6561714766
6561714766 1615521388
1615521388 4019423158
4019423158 6561657283
6561657283 6561657282
6561657282 6561714819
5213840195 5206259963
5206259963 5206259964
8087656074 8087656073
8087656073 8087656072
8087656072 8087656075
8087656075 5206259975
5206259975 5206259976
6561714747 6558572330
6558572330 6558572329
6558572329 6558572328
6558572328 6558572327
6558572327 6558572326
6558572326 6561657263
6561714685 6561714686
6561714686 6561714696
6561714696 6561714687
6561714687 6561714688
6561714688 6561714689
6561714689 6561714690
6561714690 6561714691
6561714692 6561714693
6561714693 6561714694
6561714694 6561714695
6561714695 6561714696
5206259961 6561714698
6561714698 6561714699
6561714699 6561714700
6561714700 6561714692
6561714692 6561714701
6561714701 6561714702
6561714702 6561714738
6561714738 6561714703
6561714703 6561714704
6561714704 4019425309
4019425309 6561714705
6561714705 6561714816
6561714816 6561714706
6561714706 5213840190
5213840190 6561714708
6561714708 6561714709
6561714709 5213840189
6558572309 6558572310
6558572310 6558572311
6558572311 6558572312
6558572312 6558572313
6558572313 6561714691
6561714691 6558572314
6558572314 6561714835
6561714835 6558572315
6558572315 6561714697
6561714697 4044675854
6561714738 6561657265
6561657265 6561657273
6561657273 6561657274
6561657274 6561714813
6561714813 6561657275
6561657275 6561657276
6561657276 6561657277
6561657277 6561657278
6561657278 6561657279
6561657279 6561657263
6561657263 6561657264
6561657264 6561657266
6561657266 6561657267
6561657267 6561714808
6561714808 6561657268
6561657268 6561714685
6561714685 6561657269
6561657269 6561657270
6561657270 6561657271
6561657271 6561657272
6561657272 6561714738
6561657263 6558572325
6558572325 6558572324
6558572324 6558572323
6558572323 6558572322
6558572322 6558572321
6558572321 5213840191
5213840191 6561714827
6561714827 5213840192
5213840192 5213840193
5213840193 5213840194
5213840194 6558572335
6558572335 5213840195
5213840195 5206259965
5206259965 6558572309
6558572309 6561714805
6561714805 6561714806
6561714806 6561714807
6561714807 6561714808
4019425307 6561714809
6561714809 6561714810
6561714810 4028119619
4028119619 6561714811
6561714811 4019423900
4019423900 6561714812
6561714812 6561714813
6561714811 6561714814
6561714814 6561714815
6561714815 6561714816
2407605239 4019423900
4019423900 4019423903
4019423903 6561714742
6561714742 6561714743
6561714743 6561714744
6561714744 6561714745
6561714745 6561714746
6561714746 2407605238
6561714818 6561714767
6561714767 2299187110
2299187110 2299187106
2299187106 6561657280
6561714820 6558572331
6558572331 6561657284
6561657284 2715499364
2715499364 2715499366
2715499366 2971588531
2971588531 2715499370
2715499370 6561714768
6561714768 2715499368
2715499368 6561714817
6561714832 4019423159
4019423159 2971588532
2971588532 6561657281
6561657281 6561714780
6561714780 5206259966
5206259966 6561714821
6561714835 5206259964
5206259964 5206259965
