303536925 1206.848359091795 1193.427805908639 31.5726724 74.2992642 50
303536926 1223.536835756141 1216.313305629445 31.5728788 74.29944 50
303536927 1250.961755599865 1252.193866237279 31.5732024 74.29972890000001 50
303536957 1054.81994397335 1015.621665639489 31.5710688 74.2976627 50
303536958 1009.757259830233 1013.60366130403 31.5710506 74.29718800000001 50
303536959 965.8337208503806 1001.440195609383 31.5709409 74.29672530000001 50
303536960 930.7005853917171 974.9622046544412 31.5707021 74.29635519999999 50
303536961 895.3016493966898 933.7816106807853 31.5703307 74.29598230000001 50
303536962 795.6644189822833 864.1161093516957 31.5697024 74.2949327 50
303536963 517.7224916475582 679.7126472155085 31.5680393 74.2920048 50
303537002 452.3165734351993 651.1944760523514 31.5677821 74.29131580000001 50
303537003 444.4944433038115 645.6061563541018 31.5677317 74.2912334 50
303537004 415.6266062521598 576.79442609015 31.5671111 74.2909293 50
303537005 396.2896170798117 498.025729377679 31.5664007 74.2907256 50
303537006 393.5271900541554 473.1665770662205 31.5661765 74.2906965 50
303537231 649.6924589890867 256.6857163397588 31.5642241 74.293395 50
303537440 12.39769654161387 748.291530825396 31.5686578 74.28668159999999 50
303537768 72.29774645862199 752.3164515613473 31.5686941 74.28731260000001 50
303537770 135.036166409433 768.5381017989637 31.5688404 74.28797350000001 50
303537771 182.2917049959699 810.7055220686514 31.5692207 74.2884713 50
303537772 270.4710336276401 913.3021930531531 31.570146 74.2894002 50
303537774 481.4976754076846 1144.252810142854 31.5722289 74.2916232 50
303537775 651.7239345327979 1332.182235899141 31.5739238 74.2934164 50
303537931 1226.91629974488 477.3023771603098 31.5662138 74.29947559999999 50
303537932 1166.010004933394 478.455522495664 31.5662242 74.298834 50
303537934 745.2762311910326 597.1851402302844 31.567295 74.2944019 50
303537935 597.7759181031757 634.9728258154404 31.5676358 74.2928481 50
303538117 966.0995213879523 451.3233433212204 31.5659795 74.2967281 50
303538118 581.3817206061163 573.0356158159864 31.5670772 74.29267539999999 50
303538119 524.3295336039116 357.563757257607 31.5651339 74.2920744 50
303538121 622.3529750345108 148.0239444110898 31.5632441 74.29310700000001 50
303539298 1387.706639757214 0 31.5619091 74.30116940000001 50
303571153 613.1353920748331 121.8009759815579 31.5630076 74.2930099 50
303571376 570.550348665047 528.0407718890979 31.5666714 74.2925613 50
303571377 316.4924982855966 602.9065151608386 31.5673466 74.289885 50
303571378 92.42264436993082 675.8873093266031 31.5680048 74.2875246 50
303571379 94.87180647475384 682.3737518347973 31.5680633 74.2875504 50
303571380 0 716.5356823766836 31.5683714 74.286551 50
303571406 663.2577793273045 305.406106732382 31.5646635 74.2935379 50
303571408 844.8090399663688 900.3182201017974 31.5700289 74.29545039999999 50
303571501 999.1916884255277 841.297137247042 31.5694966 74.29707670000001 50
303571522 692.03068761364 408.7013176790769 31.5655951 74.293841 50
303571696 737.1218503864725 1074.498605327678 31.5715998 74.29431599999999 50
303571697 711.8233348529845 1120.657682524183 31.5720161 74.2940495 50
303571753 1098.677032817602 1168.058608544245 31.5724436 74.2981247 50
303571754 982.1614682118394 1151.848046243007 31.5722974 74.2968973 50
303571755 941.4275356949241 1138.864073290945 31.5721803 74.29646820000001 50
303571756 900.6841102994241 1137.245234647462 31.5721657 74.29603899999999 50
303571757 824.0955837204848 1153.466884885784 31.572312 74.2952322 50
303571758 729.4326205250784 1171.185406470957 31.5724718 74.294235 50
303571759 689.7144257788109 1170.841680458049 31.5724687 74.2938166 50
303571763 597.3297529135561 739.7205563662953 31.5685805 74.2928434 50
303571764 498.983553685954 900.6508581790322 31.5700319 74.2918074 50
303571765 485.9688201788414 914.6660091698157 31.5701583 74.29167030000001 50
303571766 409.968851933269 949.0164346223701 31.5704681 74.2908697 50
626537972 1351.700159672858 129.2742447857838 31.563075 74.3007901 50
626537987 776.0711221473251 225.8834303786491 31.5639463 74.29472629999999 50
626537988 786.7790866969857 738.0684539157942 31.5685656 74.2948391 50
626537990 791.0603739399253 269.0709407520918 31.5643358 74.2948842 50
626537991 1062.917367519686 502.2391450242985 31.5664387 74.297748 50
626537992 1008.067527834656 425.1558145707576 31.5657435 74.2971702 50
626537994 986.9268921514911 394.2204733794593 31.5654645 74.2969475 50
626537995 832.2689502773835 386.913523613851 31.5653986 74.29531830000001 50
626537997 853.2102355561618 448.1854574588355 31.5659512 74.2955389 50
626537999 864.9814022585244 482.1145413459519 31.5662572 74.2956629 50
626538001 1271.21006090379 374.7167941114807 31.5652886 74.2999422 50
626538004 889.5015019316361 552.7668689703678 31.5668944 74.2959212 50
626538006 939.8612110931711 694.8476797346282 31.5681758 74.29645170000001 50
626538007 715.4211349972411 1171.285197894833 31.5724727 74.2940874 50
626538009 752.5098029890532 1358.837633829078 31.5741642 74.29447810000001 50
626538010 751.1997860487027 1353.304753809897 31.5741143 74.2944643 50
626538012 1217.898067192005 928.0491478145584 31.570279 74.29938060000001 50
626538015 1207.465396056085 1052.74407506947 31.5714036 74.29927069999999 50
626538025 1334.650953706831 202.5544132217652 31.5637359 74.3006105 50
626538044 1576.358571924306 855.6671021878165 31.5696262 74.3031567 50
1886594367 639.2502949782055 212.8551056831919 31.5638288 74.293285 50
1886594383 548.6692686249753 449.4827459593457 31.5659629 74.2923308 50
1886594385 713.9212605310886 489.8428326762928 31.5663269 74.2940716 50
1886594399 725.0658973929917 527.0317697210155 31.5666623 74.294189 50
1886594406 1149.606314561373 663.1361830286065 31.5678898 74.2986612 50
1886594408 619.8658414238031 718.3762797371476 31.568388 74.2930808 50
1886594415 985.6928182229105 877.2774892780468 31.5698211 74.29693450000001 50
1886594419 1396.43059314401 919.522525098854 31.5702021 74.30126129999999 50
1886594421 1143.236594515291 927.893916712319 31.5702776 74.2985941 50
2564376260 759.8288106725979 1168.435598364876 31.572447 74.2945552 50
2564378892 712.5068219516678 1163.279708167031 31.5724005 74.2940567 50
2564378893 708.7096714018173 1136.46907913415 31.5721587 74.2940167 50
2564378894 833.0758447686833 881.0030357444871 31.5698547 74.2953268 50
2564386905 1280.152350446104 570.4632146841952 31.567054 74.3000364 50
2564386907 1177.790664513134 570.4410388128498 31.5670538 74.29895809999999 50
2564386909 1166.740956415339 575.4638737812109 31.5670991 74.2988417 50
2564386911 1120.244847938048 599.8795086565915 31.5673193 74.2983519 50
2953636355 1189.970024899231 567.0924821677459 31.5670236 74.29908639999999 50
2953636356 1225.330989390789 571.1617546470935 31.5670603 74.2994589 50
2953636357 1295.23653100402 567.9573411692617 31.5670314 74.3001953 50
2953636358 1332.087877085561 557.7675280666781 31.5669395 74.3005835 50
2953636359 1357.823064932499 548.1653755681498 31.5668529 74.30085459999999 50
2953636360 1385.90299324519 532.154396112547 31.5667085 74.3011504 50
2953636361 1403.16104249298 522.5522436140187 31.5666219 74.3013322 50
2953636362 1422.460060159443 520.2237770719646 31.5666009 74.3015355 50
2953636363 1444.986655793521 518.471883198293 31.5665851 74.30177279999999 50
2953636364 1460.194243744054 523.1288162809905 31.5666271 74.30193300000001 50
2953636365 1510.49699564495 561.2602278783486 31.566971 74.30246289999999 50
2953636366 1531.552195441383 578.4354406049785 31.5671259 74.3026847 50
2953636367 1548.231179229561 576.1069740636297 31.5671049 74.3028604 50
2953636368 1562.555929677024 568.8332881064501 31.5670393 74.30301129999999 50
2953636369 1576.652851091593 554.2415644472842 31.5669077 74.3031598 50
2953636373 1538.871203124928 579.0120132726556 31.5671311 74.3027618 50
2994969506 395.5396798467356 492.260002704434 31.5663487 74.2907177 50
2994969941 442.3775318721612 935.6332959776273 31.5703474 74.2912111 50
2994969971 488.8356688435679 664.4556474025783 31.5679017 74.2917005 50
2994969981 1329.258999925512 922.7269385773914 31.570231 74.30055369999999 50
2994969993 533.5850880670588 1196.964857465116 31.5727043 74.2921719 50
2994970298 732.8595488958715 824.3880349829054 31.5693441 74.2942711 50
2994970307 785.8392919356925 734.8529525015842 31.5685366 74.2948292 50
3228917452 908.5631976890354 619.305572372745 31.5674945 74.296122 50
3228917453 918.8249970490765 650.5735516419834 31.5677765 74.2962301 50
3228917454 924.5871730070376 621.6118630420431 31.5675153 74.29629079999999 50
3228917457 828.8515147827596 888.9309099204634 31.5699262 74.2952823 50
3228917458 1130.829405095092 1030.446235952719 31.5712025 74.2984634 50
3228951566 373.8484573324656 962.6656837289005 31.5705912 74.2904892 50
3228951567 340.5189683858265 989.8422146467404 31.5708363 74.29013809999999 50
3250134561 983.4904709045286 681.3203979233188 31.5680538 74.2969113 50
3588560813 630.934535275144 180.9551140665019 31.5635411 74.2931974 50
3588560816 623.2453054137497 151.4501166080188 31.563275 74.2931164 50
3588560822 811.8782518272949 329.0677619665007 31.5648769 74.2951035 50
3588560823 680.2595209112773 366.4451939225968 31.565214 74.293717 50
3588560824 382.0503025202877 413.3471628253964 31.565637 74.2905756 50
3588560828 531.7814415574499 385.7160265358058 31.5653878 74.2921529 50
3588560830 671.8583253202764 336.2749203082333 31.5649419 74.2936285 50
3588560831 801.2462302894041 298.4207071083357 31.5646005 74.29499149999999 50
3588560833 378.2151804645522 396.2606535869695 31.5654829 74.29053519999999 50
3588560836 582.9575380852463 579.0009253362775 31.567131 74.292692 50
3588560837 489.2723411570181 605.6230594584911 31.5673711 74.2917051 50
3588560838 475.5551347964681 557.6455607721623 31.5669384 74.2915606 50
3588560839 535.7589567569328 592.4505915964672 31.5672523 74.2921948 50
3588560840 523.0290095397304 542.4772644453192 31.5668016 74.29206069999999 50
3588560841 661.2927539167787 503.2370592567082 31.5664477 74.2935172 50
3588560843 561.0859509201363 495.4755041186439 31.5663777 74.2924616 50
3588560845 704.2385266306605 454.7495155174439 31.5660104 74.2939696 50
3588560850 817.0993338327354 344.1251789330901 31.5650127 74.2951585 50
3588560852 1029.635342955102 455.6698141980286 31.5660187 74.29739739999999 50
3588560853 990.8284643416196 483.1013676419835 31.5662661 74.29698860000001 50
3588560854 934.1939638969034 499.6778318288855 31.5664156 74.296392 50
3588560855 876.8854692320886 516.4206150544047 31.5665666 74.2957883 50
3588560856 734.8530529349052 560.9941174165608 31.5669686 74.29429210000001 50
3588560857 588.7292069193766 600.7887194015034 31.5673275 74.2927528 50
3588560858 606.5188572435181 746.5839886951205 31.5686424 74.2929402 50
3588560860 537.2398454719541 652.325445515655 31.5677923 74.2922104 50
3588560862 253.6306709421689 893.4436998365942 31.5699669 74.2892228 50
3588560863 293.0450936425643 863.5617125560693 31.5696974 74.289638 50
3588560864 388.3630653081461 823.2016258405329 31.5693334 74.2906421 50
3588560865 416.9556089436413 807.9778898346208 31.5691961 74.2909433 50
3588560866 443.9913208559684 773.7826954850111 31.5688877 74.2912281 50
3588560867 449.2788529958019 770.1791163137922 31.5688552 74.2912838 50
3588560868 460.3570397221044 775.7009083980055 31.568905 74.29140049999999 50
3588560869 470.3720242969124 758.3482886970855 31.5687485 74.291506 50
3588560870 96.21030204361296 715.5488560806518 31.5683625 74.2875645 50
3588560871 163.8185675731459 690.4014174339441 31.5681357 74.2882767 50
3588560872 246.2736917527393 664.1562731323617 31.567899 74.2891453 50
3588560873 433.0650201495827 624.1842641738342 31.5675385 74.291113 50
3588612204 764.0816192882373 660.6081336409169 31.567867 74.2946 50
3588612205 897.5419682197488 618.1524270380961 31.5674841 74.2960059 50
3588612206 735.4700898991957 825.9957856900103 31.5693586 74.2942986 50
3588612207 707.3616829579972 878.8852399851519 31.5698356 74.2940025 50
3588612208 691.8218443342919 902.4360158604272 31.570048 74.2938388 50
3588612209 672.560798172506 926.0976710945458 31.5702614 74.2936359 50
3588612210 641.9747504967692 962.9317941906883 31.5705936 74.2933137 50
3588612211 621.1948441177001 982.357857906842 31.5707688 74.29309480000001 50
3588612212 606.7277005228661 990.7292495196016 31.5708443 74.2929424 50
3588612213 550.42545075253 1013.004912765007 31.5710452 74.2923493 50
3588612214 479.4946784924815 1039.250057065884 31.5712819 74.29160210000001 50
3588612215 453.1234679264991 1049.839035861149 31.5713774 74.2913243 50
3588612216 516.7352325030029 1110.05761579395 31.5719205 74.29199439999999 50
3588612217 555.5231253653541 1099.468636998685 31.571825 74.29240299999999 50
3588612218 592.3270070648407 1091.52967488633 31.5717534 74.2927907 50
3588612219 506.3690115038916 1120.136549536985 31.5720114 74.2918852 50
3588612220 485.7030196400619 1095.277397224116 31.5717872 74.2916675 50
3588612221 463.3188171521472 1063.521548775404 31.5715008 74.2914317 50
3588612222 649.2842653053522 1177.560969620308 31.5725293 74.2933907 50
3588612223 577.4706555410263 1190.356447661701 31.5726447 74.29263419999999 50
3588612224 573.7019836220992 1239.099013926375 31.5730843 74.29259450000001 50
3588612225 724.6861823377651 1211.711812225816 31.5728373 74.294185 50
3588612226 729.8028427029279 1087.37169892019 31.5717159 74.2942389 50
3588612227 695.8373310396598 1061.758566965354 31.5714849 74.29388109999999 50
3588612228 660.5902810657568 1028.228648770214 31.5711825 74.2935098 50
3588612229 614.3599731272445 987.4915722340462 31.5708151 74.2930228 50
3588612230 583.8973328453319 958.7405544168248 31.5705558 74.2927019 50
3588612231 589.6310301759927 963.8742687433238 31.5706021 74.29276230000001 50
3588612232 628.8935668552635 918.8128972009883 31.5701957 74.29317589999999 50
3588612233 653.7174385718317 889.9177362164951 31.5699351 74.2934374 50
3588612234 671.8962968261613 865.2138150065705 31.5697123 74.2936289 50
3588612235 704.6562131905646 807.0243273463127 31.5691875 74.29397400000001 50
3588612236 676.0067122968455 789.3723333758815 31.5690283 74.2936722 50
3588612239 584.3434980361592 917.4934328277219 31.5701838 74.2927066 50
3588612240 684.5408081554245 996.0292828847179 31.5708921 74.2937621 50
3588612241 610.4678938157008 939.9686789194681 31.5703865 74.29298180000001 50
3588612242 558.5893244332593 894.8518676973583 31.5699796 74.29243529999999 50
3588612243 558.627295940352 888.3765131248369 31.5699212 74.2924357 50
3588612244 579.2458234221274 866.5332793805421 31.5697242 74.29265289999999 50
3588612245 607.8383670588303 833.0033611854021 31.5694218 74.2929541 50
3588612246 624.6882226216785 806.0929407293499 31.5691791 74.2931316 50
3588612247 644.6802202642019 770.0793248913271 31.5688543 74.2933422 50
3588612248 536.5753441256095 838.8688792825229 31.5694747 74.29220340000001 50
3588612249 576.568832285618 869.3717909734157 31.5697498 74.2926247 50
3588612250 604.5728175865386 892.0909716556043 31.5699547 74.2929197 50
3588612251 633.5830477843531 913.357632732222 31.5701465 74.2932253 50
3588612252 664.6437392770097 935.6332959776273 31.5703474 74.2935525 50
3588612253 658.5208340161607 1026.332611729975 31.5711654 74.293488 50
3588612254 724.2115385196375 948.8168517760291 31.5704663 74.29418 50
3588612255 762.5722519447079 889.0528772156845 31.5699273 74.29458409999999 50
3588612256 783.3806369547004 855.5007831491989 31.5696247 74.2948033 50
3588612257 810.9099784374937 875.4036281091539 31.5698042 74.2950933 50
3588612258 775.4161136771498 930.2889108691148 31.5702992 74.29471940000001 50
3588612259 740.8335650495915 985.6509748721716 31.5707985 74.2943551 50
3588612260 717.1203598689874 1022.928615405803 31.5711347 74.2941053 50
3588612261 681.5695378516278 999.6993896720892 31.5709252 74.29373080000001 50
3588612262 754.0761275895986 1046.667886191041 31.5713488 74.29449459999999 50
3588612263 787.0543801119344 1066.814665741438 31.5715305 74.294842 50
3588612264 830.6076969127296 997.5594180407032 31.5709059 74.29530080000001 50
3588612265 717.5475393062684 1110.068703729623 31.5719206 74.2941098 50
3588612266 750.8105781173068 1125.946627954331 31.5720638 74.2944602 50
3588612272 362.0298262480486 1013.404078457689 31.5710488 74.2903647 50
4170377237 1159.02324792423 707.0333213006203 31.5682857 74.29876040000001 50
4170377238 1103.518399769024 713.3756206422478 31.5683429 74.2981757 50
4170377239 993.5529198589755 733.4226087687694 31.5685237 74.29701729999999 50
4170377240 1059.461960520385 735.6734597582931 31.568544 74.2977116 50
4170377241 956.4547589934092 739.1328957629455 31.5685752 74.2966265 50
4170377242 1109.964062826876 741.7385607024602 31.5685987 74.29824360000001 50
4170377244 987.4015359708263 750.1099523152197 31.5686742 74.2969525 50
4170377245 968.1689684375484 767.1299339381997 31.5688277 74.29674989999999 50
4170377246 1120.32079094861 787.3654169760948 31.5690102 74.2983527 50
4170377247 1068.888386758203 789.8934663637845 31.569033 74.2978109 50
4170377248 1121.080221059063 798.2537700408714 31.5691084 74.2983607 50
4170377249 1120.064483287207 801.3029524157587 31.5691359 74.29835 50
4170377250 1060.734005953643 826.3838634470193 31.5693621 74.297725 50
4170377251 1112.603082458708 837.7157339478738 31.5694643 74.2982714 50
4170377252 1106.821920745993 865.9123549694689 31.5697186 74.2982105 50
4170377253 1046.238383731509 902.391664117031 31.5700476 74.2975723 50
4170377254 1099.540884568333 915.0208231198064 31.5701615 74.2981338 50
4170377255 1041.767238960352 924.5675359385606 31.5702476 74.2975252 50
4170377256 1037.827695265547 943.0843889098023 31.5704146 74.2974837 50
4170377257 1092.183905378903 950.158492020641 31.5704784 74.2980563 50
4170377258 1091.291574999664 954.0947092698 31.5705139 74.2980469 50
4170377259 1033.366043369351 964.0960274610101 31.5706041 74.29743670000001 50
4170377262 1031.068767286861 978.0335629013792 31.5707298 74.29741249999999 50
4170377263 1083.327051722114 989.8976543258094 31.5708368 74.297963 50
4170377264 1026.740015661867 997.5483301050306 31.5709058 74.2973669 50
4170377265 1130.117439365485 1001.35149212259 31.5709401 74.29845589999999 50
4170377266 1184.103427300992 1012.494867713482 31.5710406 74.2990246 50
4170377267 1012.832951774308 1013.736716534923 31.5710518 74.2972204 50
4170377268 1020.569646017756 1014.091530484209 31.571055 74.29730189999999 50
4170377269 1210.446159238467 1017.129624924129 31.5710824 74.29930210000001 50
4170377270 1076.644066755198 1019.879433029505 31.5711072 74.2978926 50
4170377271 1118.336779786953 1028.006890052527 31.5711805 74.2983318 50
4170377272 1010.962855129098 1031.499589864198 31.571212 74.2972007 50
4170377273 1072.827930453009 1041.378940761597 31.5713011 74.2978524 50
4170377274 1113.609327353186 1063.665691942675 31.5715021 74.298282 50
4170377275 1136.354259143989 1069.886023987671 31.5715582 74.2985216 50
4170377276 1112.299310412836 1073.556130775042 31.5715913 74.2982682 50
4170377277 1171.240579816212 1075.463255751659 31.5716085 74.2988891 50
4170377278 1072.571622791607 1078.623317486094 31.571637 74.2978497 50
4170377279 1207.341988663469 1080.286507872973 31.571652 74.2992694 50
4170377280 1011.209669915539 1080.397387231817 31.571653 74.29720330000001 50
4170377281 1111.141179496025 1093.924669043126 31.571775 74.29825599999999 50
4170377282 1139.410965334517 1096.497070174917 31.5717982 74.29855379999999 50
4170377283 1180.657513179068 1099.535164614132 31.5718256 74.2989883 50
4170377284 1208.414683693548 1102.063214001821 31.5718484 74.2992807 50
4170377285 1110.514649655565 1104.97934114652 31.5718747 74.2982494 50
4170377286 1038.710532768616 1125.758133043663 31.5720621 74.297493 50
4170377287 1056.538154596228 1127.787225315501 31.5720804 74.29768079999999 50
4170377288 1015.775743449597 1129.029074137648 31.5720916 74.29725139999999 50
4170377289 1069.201651679037 1129.339536342831 31.5720944 74.2978142 50
4170377290 1081.22912604401 1130.825319755421 31.5721078 74.2979409 50
4170377291 1106.328291175527 1134.318019567091 31.5721393 74.29820530000001 50
4170377292 1104.913852594898 1144.252810142854 31.5722289 74.2981904 50
4170377293 971.3016176410543 1148.388610238354 31.5722662 74.2967829 50
4170377294 1018.386284451713 1156.893057082008 31.5723429 74.29727889999999 50
4170377295 1038.311831959843 1159.665041059435 31.5723679 74.2974888 50
4170377296 1065.034278951337 1163.379499590202 31.5724014 74.2977703 50
4170388897 851.7483325946866 719.2189628666125 31.5683956 74.2955235 50
4170388898 851.18825288862 731.1052301637988 31.5685028 74.2955176 50
4170388899 902.8200074834131 749.3337968012017 31.5686672 74.29606149999999 50
4170388900 962.4542568616417 770.3786991601331 31.568857 74.2966897 50
4170388901 972.108512132354 776.5546794624379 31.5689127 74.2967914 50
4170388902 1165.51637536172 776.5990312065394 31.5689131 74.2988288 50
4170388904 1118.412722797515 781.8325369562087 31.5689603 74.29833259999999 50
4170388906 964.3243535068514 795.2711152807258 31.5690815 74.2967094 50
4170388907 989.1956896054737 817.4026353588591 31.5692811 74.2969714 50
4170388908 813.4920408111021 820.795543747359 31.5693117 74.2951205 50
4170388914 961.3910547065241 879.3398453576078 31.5698397 74.2966785 50
4170388915 926.9983636071829 885.0390444161112 31.5698911 74.29631620000001 50
4170388916 911.2781603326375 887.9551715608097 31.5699174 74.2961506 50
4170388917 897.2856605583465 888.7978546902747 31.569925 74.2960032 50
4170388918 870.4303132980674 894.696636595119 31.5699782 74.2957203 50
4170388919 850.5332444184447 897.1470704309837 31.5700003 74.29551069999999 50
4170388923 1072.770973195993 1050.11623425861 31.5713799 74.2978518 50
4170388924 1114.786444023543 1054.762079405635 31.5714218 74.2982944 50
4170388925 1072.590608545153 1075.208233225543 31.5716062 74.2978499 50
4170388926 1111.986045494417 1079.100098730601 31.5716413 74.29826490000001 50
4170388927 654.6192618272401 1091.806873284496 31.5717559 74.29344690000001 50
4170388928 1012.405772337027 1093.093073850039 31.5717675 74.2972159 50
4170388930 659.1473638578281 1105.334155095805 31.5718779 74.2934946 50
4170388931 552.7701912170747 1116.122716737412 31.5719752 74.292374 50
4170388932 502.7807042345969 1123.618161412983 31.5720428 74.29184739999999 50
4170388933 669.893299912166 1137.41155368608 31.5721672 74.2936078 50
4170388934 525.7819436880096 1145.771857363167 31.5722426 74.29208970000001 50
4170388935 573.1419039148248 1147.800949635004 31.5722609 74.2925886 50
4170388936 532.3984785205324 1148.055972161119 31.5722632 74.2921594 50
4170388937 679.2247973858754 1172.582486396049 31.5724844 74.29370609999999 50
4170388939 731.9007683834473 1250.231301580889 31.5731847 74.29426100000001 50
4170388941 735.0144318321991 1266.852117511187 31.5733346 74.29429380000001 50
4170388942 602.4084417740416 1273.338560019381 31.5733931 74.2928969 50
4170397631 605.1423901687746 662.7591932079756 31.5678864 74.2929257 50
4170397633 562.1016886919919 713.4532361926621 31.5683436 74.2924723 50
4170397636 405.6021288023902 739.9755788924106 31.5685828 74.2908237 50
4170397638 349.5846653219643 759.7453686214716 31.5687611 74.29023359999999 50
4170397639 114.398653172904 763.2048046254188 31.5687923 74.2877561 50
4170397643 273.7081044702162 789.1394867211118 31.5690262 74.2894343 50
4170397646 169.552264903806 799.3403877593681 31.5691182 74.28833710000001 50
4170397647 241.6411680818734 803.5205395982641 31.5691559 74.2890965 50
4170397649 501.0814793652657 811.1823033124526 31.569225 74.29182950000001 50
4170397652 194.3856294953359 824.7317609958129 31.5693472 74.28859869999999 50
4170397653 464.163683149332 822.3367668390172 31.5693256 74.2914406 50
4170397654 198.2302444272409 829.1891112321696 31.5693874 74.28863920000001 50
4170397656 756.667682840584 839.057374193191 31.5694764 74.29452190000001 50
4170397658 223.5477457142752 858.5610534604643 31.5696523 74.2889059 50
4170397659 420.3635515620959 860.8451682577115 31.5696729 74.2909792 50
4170397670 680.743657605574 950.6796250092492 31.5704831 74.2937221 50
4170397671 311.7935244803377 958.4522680829862 31.5705532 74.2898355 50
4170397672 648.2970061620047 1016.985481756857 31.5710811 74.2933803 50
4170397673 628.6467520700305 1037.830801269447 31.5712691 74.29317330000001 50
4170397674 537.8189109291518 1065.838927381079 31.5715217 74.29221649999999 50
4170397675 645.4491432508245 1081.916434452129 31.5716667 74.2933503 50
4170397676 895.5959285639769 1138.320764430992 31.5721754 74.29598540000001 50
4170397677 806.8090558441864 1157.49180562103 31.5723483 74.2950501 50
4170397678 901.0828111069893 1183.648246435115 31.5725842 74.2960432 50
4170397679 814.8210435037913 1200.601700443353 31.5727371 74.2951345 50
4170409261 238.2996755990193 666.6954104564293 31.5679219 74.2890613 50
4184098863 1287.974480578699 329.2119051330674 31.5648782 74.30011880000001 50
4189747267 275.2839219493461 918.5578746748731 31.5701934 74.28945090000001 50
5270912075 1062.594609722684 750.2540954817865 31.5686755 74.2977446 50
5270912076 1056.0635107781 722.4233763451497 31.5684245 74.29767579999999 50
5270912077 1046.001061822445 674.4791414658391 31.5679921 74.29756980000001 50
5270912078 1165.487896733212 746.3954937844524 31.5686407 74.2988285 50
5742345912 734.5682666425796 1151.692815140062 31.572296 74.2942891 50
5742345913 745.3142026981252 1134.661745579999 31.5721424 74.2944023 50
5742345915 784.2824602101089 1162.736399307078 31.5723956 74.2948128 50
5742345916 771.3341768361813 1092.583028798514 31.5717629 74.2946764 50
5742345917 800.1260708772706 1124.693691196512 31.5720525 74.2949797 50
5742345919 830.2754462383498 1151.8036944982 31.572297 74.2952973 50
5742345920 823.2317319697537 1120.191989216759 31.5720119 74.2952231 50
5742345921 804.473808255811 1039.261145001557 31.571282 74.29502549999999 50
5742345922 771.0873620509483 1019.236332746381 31.5711014 74.2946738 50
5742345923 735.4985685277036 994.044542356982 31.5708742 74.2942989 50
5742345924 705.0549139981297 971.8132308556782 31.5706737 74.2939782 50
5742345926 859.9311920289625 1145.871648786337 31.5722435 74.2956097 50
5742345928 827.6554123600639 1002.27179080247 31.5709484 74.29526970000001 50
5742345930 795.5599973407977 1102.894809194908 31.5718559 74.2949316 50
5742345931 818.6466726809419 1098.260051984967 31.5718141 74.2951748 50
5742345933 790.3294224603956 1080.718937373379 31.5716559 74.2948765 50
5742345934 813.3686334184855 1076.305938880418 31.5716161 74.2951192 50
5742345936 807.5779788308089 1052.2118541466 31.5713988 74.2950582 50
5742345938 881.5749501611781 924.6895032337818 31.5702487 74.29583770000001 50
5742345939 904.2819104460958 944.2264463087785 31.5704249 74.2960769 50
5742345940 922.9449053959299 965.9366248228847 31.5706207 74.2962735 50
5742345941 949.5344521162222 913.7900622333325 31.5701504 74.2965536 50
5742345943 939.1302596112259 935.6887356581068 31.5703479 74.29644399999999 50
5742345945 946.1834667571989 922.4940919233269 31.5702289 74.2965183 50
5742345947 956.18895845463 896.3154752378966 31.5699928 74.2966237 50
5742345948 712.9434942639103 867.8638316901865 31.5697362 74.2940613 50
5742345949 730.7711160939368 878.3308431895255 31.5698306 74.2942491 50
5742345950 758.7940871471961 895.7167266981688 31.5699874 74.2945443 50
5742345951 787.1398159998737 912.1601356541769 31.5701357 74.29484290000001 50
5742345952 822.8520169145271 935.7330874007978 31.5703483 74.2952191 50
5742345953 874.3223926108186 971.5360324582177 31.5706712 74.2957613 50
5742345954 890.2419462885427 975.3724582827957 31.5707058 74.295929 50
5742345955 884.0810695230166 998.8788824139696 31.5709178 74.2958641 50
5742345956 898.9753925515082 938.0615539421465 31.5703693 74.296021 50
5742345958 894.3998261412813 957.620672889194 31.5705457 74.2959728 50
5742345959 855.8777338189172 958.7072906091014 31.5705555 74.29556700000001 50
5742345960 839.1702714010241 984.3980381143521 31.5707872 74.295391 50
5742345961 805.7363608141073 963.3420478197481 31.5705973 74.2950388 50
5742345962 769.6064733371345 939.5916890981318 31.5703831 74.2946582 50
5742345963 742.8080833362867 921.1635396136825 31.5702169 74.29437590000001 50
5742345964 746.6906697716611 915.3867250047647 31.5701648 74.29441679999999 50
5742345966 787.2157590092282 993.212947163895 31.5708667 74.2948437 50
5742345967 820.5167693261517 1013.659100983804 31.5710511 74.29519449999999 50
5742345968 753.8767771864198 964.7723915518577 31.5706102 74.2944925 50
5742345969 790.7566018964687 987.5026601690136 31.5708152 74.294881 50
5742345971 832.5062721864472 994.6432908967099 31.5708796 74.2953208 50
5742345972 928.8304887465076 972.7889692160371 31.5706825 74.2963355 50
5742345974 934.6781005924079 1049.93882728432 31.5713783 74.29639709999999 50
5742345976 932.1814741067385 1016.974393820479 31.571081 74.29637080000001 50
5742345979 936.7855191466811 1077.747370548906 31.5716291 74.2964193 50
5742345981 937.0418268092913 1081.084839258337 31.5716592 74.29642200000001 50
5742345982 911.2971460861838 1137.6665762129 31.5721695 74.29615080000001 50
5742345983 887.906698701375 1139.950691010148 31.5721901 74.2959044 50
5742345987 842.103570198936 979.8852481989265 31.5707465 74.29542189999999 50
5742345988 974.7380388880168 1003.901717381625 31.5709631 74.29681909999999 50
5742345992 933.3870694068112 1032.91884566134 31.5712248 74.2963835 50
5742345994 949.961631553503 989.4763127617822 31.570833 74.2965581 50
5742345998 954.6131409767077 899.7638233061709 31.5700239 74.2966071 50
5742346002 1028.391776150352 990.0861492371828 31.5708385 74.2973843 50
5742966201 205.9479529183509 1208.795685081823 31.572811 74.2887205 50
5742966202 387.4992135586227 1041.301325209772 31.5713004 74.290633 50
5742966219 304.9681463684669 951.0011751508113 31.570486 74.2897636 50
5742966567 335.8389803353217 984.7306761915869 31.5707902 74.29008880000001 50
5754730334 539.9643009905178 1077.21514962533 31.5716243 74.2922391 50
5754730335 529.3512652049658 1020.799731710089 31.5711155 74.2921273 50
5754730337 579.7109743652932 1052.965833787862 31.5714056 74.2926578 50
5754730340 616.5243489409492 1041.578523607233 31.5713029 74.2930456 50
5754730342 743.7193994666566 1313.343832786337 31.5737539 74.2943855 50
5754730354 538.2365974902633 1104.192097696829 31.5718676 74.2922209 50
5754730357 508.1916437694623 1028.627814463601 31.5711861 74.29190440000001 50
5754730358 482.2760912692687 978.5990476333836 31.5707349 74.2916314 50
5754730359 470.3435456684045 922.1836297174376 31.5702261 74.2915057 50
5754730360 369.1589764045838 1021.209985339149 31.5711192 74.2904398 50
5754730361 399.1469728683689 998.1914303874494 31.5709116 74.29075570000001 50
5754730362 422.4804629937463 986.5823614891343 31.5708069 74.29100149999999 50
5754730363 435.248381715626 976.4258121949796 31.5707153 74.29113599999999 50
5754730364 414.0697745265762 947.3199804277673 31.5704528 74.2909129 50
5754730365 439.2543755460323 1031.943107300981 31.571216 74.2911782 50
5754730366 418.835198466228 988.4007829782528 31.5708233 74.2909631 50
5754730367 402.9536162931811 951.6664513052808 31.570492 74.2907958 50
5754730369 462.5878656714096 882.8103692979328 31.569871 74.29142400000001 50
5754730370 387.8314642305874 957.3878262358348 31.5705436 74.29063650000001 50
5754730372 359.4762425041557 915.8302424408428 31.5701688 74.2903378 50
5754730374 325.197465920054 849.9457272579675 31.5695746 74.2899767 50
5754730375 476.2196361428126 919.3562060602367 31.5702006 74.29156759999999 50
5754730376 465.8724008960401 896.60376157103 31.5699954 74.2914586 50
5754730377 448.9181236929139 825.7185872918445 31.5693561 74.29128 50
5754730378 443.8109562051283 806.0375010502811 31.5691786 74.2912262 50
5754730379 427.4927017186311 794.6501908696524 31.5690759 74.2910543 50
5754730382 354.1887103643222 837.6713822037723 31.5694639 74.2902821 50
5754730383 314.8882021791663 773.1839469452833 31.5688823 74.28986810000001 50
5754730387 202.8722609730689 677.9718412775096 31.5680236 74.2886881 50
5754730389 167.786589897667 689.137392740452 31.5681243 74.2883185 50
5754730391 317.1285210022255 649.0545044216708 31.5677628 74.2898917 50
5754730392 434.9446096709617 785.2365332810868 31.568991 74.2911328 50
5754730393 398.4065285114621 742.514716215773 31.5686057 74.2907479 50
5754730394 379.0030892035134 749.3670606089254 31.5686675 74.2905435 50
5754730395 344.5819194732487 643.2000742616334 31.56771 74.2901809 50
5754730397 392.910153089865 632.8993817995014 31.5676171 74.29069 50
5754730400 1043.998064907242 475.7611540693571 31.5661999 74.29754869999999 50
5754730404 1243.291511489601 439.3816363449653 31.5658718 74.2996481 50
5754730458 914.9139319839865 545.3601277822943 31.5668276 74.2961889 50
5754730460 944.9114213227333 536.6228342845764 31.5667488 74.2965049 50
5754730462 1018.243891306758 515.256381784083 31.5665561 74.2972774 50
5754730464 833.2277307910153 530.147479712055 31.5666904 74.2953284 50
5754730488 607.7814098006068 517.5515845177083 31.5665768 74.2929535 50
5754730490 631.5325864883034 589.1352987583815 31.5672224 74.29320370000001 50
5754730491 623.7484278603852 559.3863667101612 31.5669541 74.2931217 50
5754730492 683.7718851700097 574.9094769848791 31.5670941 74.29375400000001 50
5754730493 673.7284219666938 543.9408719858575 31.5668148 74.29364820000001 50
5754730494 643.6834682446851 623.1974378770973 31.5675296 74.2933317 50
5754730495 772.9479658199884 690.8560228064001 31.5681398 74.2946934 50
5754730496 832.21199301916 724.8848981173924 31.5684467 74.2953177 50
5754730497 797.3161794707678 650.0302427820296 31.5677716 74.29495009999999 50
5754730498 803.761842527412 669.2567236518424 31.567945 74.295018 50
5754730499 870.1834985128341 690.4125053696168 31.5681358 74.2957177 50
5754730500 874.8824723168855 713.5086758731418 31.5683441 74.2957672 50
5754730502 1096.493671252766 794.3175527917124 31.5690729 74.2981017 50
5754730503 1070.929355179291 671.7515092325139 31.5679675 74.2978324 50
5754730505 1120.776449015606 666.2962447637476 31.5679183 74.29835749999999 50
5754730506 1093.493922318046 669.2788995238932 31.5679452 74.2980701 50
5754730507 1013.098752313087 803.2433412008036 31.5691534 74.2972232 50
5754730508 1010.659083084434 701.3673860505457 31.5682346 74.2971975 50
5754730509 1008.902900955671 691.1997488200129 31.5681429 74.297179 50
5754730510 1012.643094247298 678.1270723804543 31.568025 74.29721840000001 50
5754730513 980.5381863530705 796.712546948508 31.5690945 74.2968802 50
5754730514 1063.638826124255 813.3998904949584 31.569245 74.2977556 50
5754730516 1037.98907416284 808.2440002964088 31.5691985 74.2974854 50
5754730517 1065.736751802359 672.3169939631077 31.5679726 74.2977777 50
5754730518 1048.61160282577 642.5458860421312 31.5677041 74.29759730000001 50
5754730519 1018.462227464691 660.4972542820738 31.567866 74.2972797 50
5754730520 1040.63758667205 605.8337302405047 31.567373 74.29751330000001 50
5754730521 1102.512154873338 569.6648832995371 31.5670468 74.29816510000001 50
5754730522 1082.064499165025 622.6208652101254 31.5675244 74.2979497 50
5754730524 1087.124202270757 543.4751786770235 31.5668106 74.29800299999999 50
5754730525 1037.827695265547 612.7636901847767 31.5674355 74.2974837 50
5754730526 1054.117471122328 639.2527690768015 31.5676744 74.2976553 50
5754730527 1103.02477019735 492.9807185386777 31.5663552 74.2981705 50
5754730529 1092.411734411798 552.4785826372345 31.5668918 74.2980587 50
5754730531 1076.682038261083 525.6790415400255 31.5666501 74.297893 50
5754730556 1306.884290314974 277.8969377373074 31.5644154 74.300318 50
5754730558 1317.29797569614 249.6337890995601 31.5641605 74.3004277 50
5754730581 1367.429855823573 72.79229925509594 31.5625656 74.3009558 50
5754735794 1208.196347538031 1114.72563681232 31.5719626 74.29927840000001 50
5758209183 1356.009925546721 113.7954862544618 31.5629354 74.30083550000001 50
5758216829 1408.201759847581 915.3534611970413 31.5701645 74.30138530000001 50
5758216850 1107.249100183273 1127.86484086662 31.5720811 74.298215 50
5758216851 1207.788153854296 1138.287500623268 31.5721751 74.29927410000001 50
5758216853 1146.245836324973 1096.996027290769 31.5718027 74.2986258 50
5758216855 1208.091925897753 1120.713122204662 31.5720166 74.2992773 50
5758217793 1099.873135240298 1163.479291012667 31.5724023 74.29813729999999 50
5758217796 1206.905316351226 1189.846402609471 31.5726401 74.2992648 50
5783025778 306.5344709702199 606.1552803820667 31.5673759 74.2897801 50
5783025796 360.0553079625611 591.4305014920068 31.5672431 74.2903439 50
5783025799 393.0430533598586 470.7272311653232 31.5661545 74.2906914 50
5783025811 406.1242370025719 542.9429577541531 31.5668058 74.2908292 50
5783025817 462.0467717176816 508.9140824431609 31.5664989 74.2914183 50
5783025818 509.8623900102855 495.7748783881552 31.5663804 74.291922 50
5783025819 483.5006723216801 502.5717831015334 31.5664417 74.2916443 50
5783025820 550.0172570687954 849.1252200005533 31.5695672 74.292345 50
5783025823 615.1099103615284 751.8729341245642 31.5686901 74.2930307 50
5783025824 570.5788272935548 782.9856822915631 31.5689707 74.2925616 50
5783025826 555.8174045326414 807.2349981283263 31.5691894 74.29240609999999 50
5783025828 781.6434405782768 720.538427239879 31.5684075 74.294785 50
5783025829 921.3216235359534 641.5701476817724 31.5676953 74.2962564 50
5783025838 994.7775009113868 522.0976382408573 31.5666178 74.29703019999999 50
5783025849 790.5097871112356 583.2586927262934 31.5671694 74.2948784 50
5783025850 781.1877825124878 546.4689213735471 31.5668376 74.29478020000001 50
5783025851 748.7031595630334 519.4587094943246 31.566594 74.294438 50
5783025852 737.890773373095 483.9440507714486 31.5662737 74.2943241 50
5783025854 840.9644250344639 412.9036453893184 31.565633 74.2954099 50
5784964194 95.27050728231893 674.9559227103458 31.5679964 74.28755460000001 50
5784974568 134.8558017585929 662.0606532457825 31.5678801 74.28797160000001 50
5784974574 189.3449121419429 644.3199557878536 31.5677201 74.28854560000001 50
5784974576 216.9407037579217 635.3387277003986 31.5676391 74.2888363 50
5784974584 245.6756405419953 625.980509790902 31.5675547 74.28913900000001 50
5784974586 276.8122750452142 615.83504843242 31.5674632 74.289467 50
5793036527 1237.339478002215 453.1750286180624 31.5659962 74.2995854 50
5793036532 1278.804362002284 354.1043212536599 31.5651027 74.3000222 50
5793036535 1310.861805514457 267.1083760957013 31.5643181 74.3003599 50
5805496821 1123.643297680333 999.7659172868308 31.5709258 74.29838770000001 50
5805496823 1173.272055359923 1010.255104658926 31.5710204 74.29891050000001 50
5805496824 1182.423188184 927.9715322634387 31.5702783 74.29900689999999 50
5805496826 1213.578808440765 979.7078412246365 31.5707449 74.29933509999999 50
5805496836 1211.784654807325 1001.129733404199 31.5709381 74.29931620000001 50
5805496838 1214.822375245515 964.8610950393554 31.570611 74.2993482 50
5805496840 1298.283744319587 924.2127219892751 31.5702444 74.3002274 50
5805496841 1216.445657105491 945.357415772082 31.5704351 74.29936530000001 50
5805496843 1213.161121880861 984.6419727040892 31.5707894 74.2993307 50
5805496845 1320.535046538716 923.1482801421238 31.5702348 74.30046179999999 50
5805525153 1398.272211160712 918.8683368807625 31.5701962 74.30128070000001 50
5805564215 1312.760380789382 261.9635738328243 31.5642717 74.3003799 50
5805564216 1239.722189972645 570.9732597364255 31.5670586 74.2996105 50
5805564218 1097.737238056309 561.5374262765145 31.5669735 74.29811479999999 50
5844922382 631.8648371602679 1308.487316857299 31.5737101 74.2932072 50
5847466302 794.0126584925911 759.8562479803147 31.5687621 74.2949153 50
5847466303 779.1468140926074 852.8951182096844 31.5696012 74.2947587 50
5847466304 819.1308093752389 838.2590428071222 31.5694692 74.29517989999999 50
5847466307 802.4897970941541 786.7112287572979 31.5690043 74.2950046 50
5847466308 870.7056067130161 692.3861579623854 31.5681536 74.2957232 50
5847466310 873.5344838730653 625.7920148802339 31.567553 74.295753 50
5847466311 856.3523776370447 686.0105948137398 31.5680961 74.29557200000001 50
5847466314 958.3058698850725 743.5680701272514 31.5686152 74.296646 50
5847466315 836.1040723319112 766.9968787073058 31.5688265 74.29535869999999 50
5847466317 827.2662044274603 788.0196051948916 31.5690161 74.29526559999999 50
5847466322 875.0913155974411 739.5431493920053 31.5685789 74.2957694 50
5847466330 930.9189215484422 759.2464115056193 31.5687566 74.2963575 50
5847466337 957.546439775827 811.5703810694617 31.5692285 74.296638 50
5847466338 986.2149264243001 824.0443089692926 31.569341 74.29694000000001 50
5847466341 1034.770989072603 957.4765297226274 31.5705444 74.29745149999999 50
5847466345 1038.150453061342 941.5653416901951 31.5704009 74.2974871 50
5847466348 1121.165656947002 999.1560808121355 31.5709203 74.29836160000001 50
5847466350 1125.522887201712 1000.23161059496 31.57093 74.2984075 50
5847466351 1207.588803449909 1149.730250483671 31.5722783 74.299272 50
5847466353 1071.071748324247 1101.165091193287 31.5718403 74.2978339 50
5847466354 1048.924867745395 1126.922366313985 31.5720726 74.2976006 50
5847466357 1011.200177038162 1078.712020973592 31.5716378 74.2972032 50
5847466363 885.9796447967342 991.6384602645136 31.5708525 74.29588409999999 50
5847466365 709.7443949272192 1150.051800624528 31.5722812 74.29402760000001 50
5847466370 649.0469433950808 829.7656838998466 31.5693926 74.2933882 50
5847466371 671.7823823097142 786.7777563727449 31.5690049 74.2936277 50
5847466381 1281.709182172895 924.9999654389658 31.5702515 74.3000528 50
5847466383 1238.269779887339 927.0734094541995 31.5702702 74.2995952 50
5847466485 1204.0384676865 928.0158840068349 31.5702787 74.29923460000001 50
5847466496 1315.257007275052 923.4033026682389 31.5702371 74.3004062 50
5847466501 1161.083202096449 777.0869003867188 31.5689175 74.2987821 50
5847466502 1024.091503152658 782.8193632522405 31.5689692 74.29733899999999 50
5847466503 1017.123731895832 787.5760877581084 31.5690121 74.2972656 50
5847466504 967.6088887314818 765.7882936928825 31.5688156 74.296744 50
5847466506 1062.290837679227 748.8348396853496 31.5686627 74.29774140000001 50
5847466507 1086.098971623939 744.4661929364906 31.5686233 74.2979922 50
5847466508 1109.641305028665 740.2971290332673 31.5685857 74.2982402 50
5847466509 999.0018308973106 718.6202143275899 31.5683902 74.2970747 50
5847466512 744.165564656276 1315.727739006755 31.5737754 74.2943902 50
5847466517 738.2704884283216 1284.215825147779 31.5734912 74.2943281 50
5847466519 606.0252276718443 1185.267085078598 31.5725988 74.292935 50
5847466523 500.5688640412534 898.0451932395176 31.5700084 74.2918241 50
5864353006 1332.201791602008 209.2071747678714 31.5637959 74.3005847 50
5864353008 1350.304706845776 550.9706233533 31.5668782 74.30077540000001 50
5864353015 1466.8012856992 528.5619048770008 31.5666761 74.30200259999999 50
5864353018 1513.003115009204 563.3004080865641 31.5669894 74.3024893 50
5866326918 1208.205840412992 1043.840462533135 31.5713233 74.2992785 50
5866326920 1207.68373221281 1087.29408336907 31.5717152 74.299273 50
5866580282 956.3598302293008 418.1371511396931 31.5656802 74.2966255 50
6265795930 1064.407749110877 591.940546544237 31.5672477 74.2977637 50
6265795931 1129.206123235115 710.8586591895256 31.5683202 74.29844629999999 50
6265795932 1080.602596202343 718.110169276065 31.5683856 74.29793429999999 50
6265795933 1015.310592507638 729.5972708791588 31.5684892 74.2972465 50
6265795934 1017.69330447686 744.0448513717582 31.5686195 74.2972716 50
6265795935 1019.743765774118 756.4300757840913 31.5687312 74.2972932 50
6265795937 680.999965268184 848.8147577953694 31.5695644 74.29372480000001 50
6265795938 620.5113570178091 812.7567902118342 31.5692392 74.29308760000001 50
6265795939 588.4254348747122 793.6190128295192 31.5690666 74.29274959999999 50
6265795940 532.6737719354811 760.8763380847752 31.5687713 74.2921623 50
6265795941 517.3902409731782 785.2032694733634 31.5689907 74.2920013 50
6265795951 994.606629136716 480.4291750877273 31.566242 74.2970284 50
6265795952 952.9993519941081 419.112889500052 31.565689 74.2965901 50
6265795953 972.2509052785169 447.4869174959371 31.5659449 74.2967929 50
6265795954 882.1255369910755 439.7586261663015 31.5658752 74.2958435 50
6265795955 914.116530368856 430.4447600002012 31.5657912 74.29618050000001 50
6265795956 923.9036859083543 464.1742610416821 31.5660954 74.2962836 50
6265795957 892.6626297636499 473.6877100534181 31.5661812 74.29595449999999 50
6265795958 903.5129874594734 508.636884044995 31.5664964 74.2960688 50
6265795959 821.779321884448 495.9855491708742 31.5663823 74.2952078 50
6265795960 810.2169984614334 461.5131564230986 31.5660714 74.295086 50
7129618820 483.8708944995296 735.9173943487356 31.5685462 74.2916482 50
7129618824 525.5256360253996 1188.80413663437 31.5726307 74.292087 50
7129618832 580.8596124071423 1247.636724577752 31.5731613 74.29266990000001 50
7129618833 214.6624134289776 1200.756931546298 31.5727385 74.2888123 50
7346550947 557.9058373345761 891.5920145390469 31.5699502 74.2924281 50
7346550948 447.4562207326467 770.3343474167368 31.5688566 74.29126460000001 50
7346550949 451.0635137530722 770.8111286612436 31.5688609 74.29130259999999 50
7346550950 458.6862934812813 776.6877346933318 31.5689139 74.2913829 50
7346550951 456.759239577848 776.6766467576591 31.5689138 74.2913626 50
7737357200 506.4924188977159 496.2516596326619 31.5663847 74.2918865 50
7737357201 510.9445779165339 499.0679953534848 31.5664101 74.2919334 50
7737357202 465.0655064047403 507.5170025180695 31.5664863 74.29145010000001 50
7737357203 462.8441733340197 511.9410889467026 31.5665262 74.2914267 50
8398804205 1207.446410303747 1056.203511074122 31.5714348 74.29927050000001 50
8407680115 1141.974041955787 588.470022603912 31.5672164 74.2985808 50
8407680116 1137.521882938177 485.0306684906506 31.5662835 74.2985339 50
8407704617 1180.087940596832 569.8090264661037 31.5670481 74.29898230000001 50
8407704624 1325.708664162102 922.8932576160087 31.5702325 74.3005163 50
8407704631 1381.365398338432 920.2432409338032 31.5702086 74.30110259999999 50
8407704632 1053.851670583549 862.48618277254 31.5696877 74.2976525 50
8407704633 1105.844154480022 872.5096768365061 31.5697781 74.2982002 50
8407704641 1131.351513295273 924.3901289642705 31.570246 74.2984689 50
8407704642 1213.455401048148 981.1936246365202 31.5707583 74.2993338 50
8407704645 667.5390665702441 617.0879851909448 31.5674745 74.293583 50
8407704646 658.6822129146623 581.7396455066861 31.5671557 74.29348969999999 50
