1886594406 5754730505
5754730505 5754730506
5754730506 5754730503
5754730503 5754730517
5754730517 5270912077
5270912077 5754730510
5754730510 3250134561
3250134561 626538006
626538006 5754730500
5754730500 4170388897
4170388897 5754730496
5754730496 626537988
2953636356 303537931
303537931 5793036527
5793036527 5754730404
5754730404 626538001
626538001 5793036532
5793036532 4184098863
4184098863 5754730556
5754730556 5793036535
5793036535 5805564215
5805564215 5754730558
5754730558 5864353006
5864353006 626538025
626538025 626537972
626537972 5758209183
5758209183 5754730581
5754730581 303539298
1886594406 2564386911
626538012 5805496841
5805496841 5805496838
5805496838 5805496826
5805496826 8407704642
8407704642 5805496843
5805496843 5805496836
5805496836 4170377269
4170377269 5866326918
5866326918 626538015
626538015 8398804205
8398804205 4170377279
4170377279 5866326920
5866326920 4170377284
4170377284 5754735794
5754735794 5758216855
5758216855 5758216851
5758216851 5847466351
5847466351 5758217796
5758217796 303536925
303536925 303536926
303536926 303536927
626538015 3228917458
3228917458 4170377271
4170377271 4170377270
4170377270 303536957
303536957 4170377268
4170377268 4170377267
4170377267 303536958
303536958 5742345988
5742345988 303536959
303536959 5742345994
5742345994 303536960
303536960 5742345972
5742345972 5742345940
5742345940 5742345939
5742345939 5742345956
5742345956 303536961
303536961 5742345938
5742345938 303571408
303537931 303537932
303537932 8407680116
8407680116 5754730527
5754730527 626537991
626537991 5754730462
5754730462 5783025838
5783025838 5754730460
5754730460 5754730458
5754730458 626538004
626538004 5783025849
5783025849 303537934
303537934 8407704645
8407704645 5754730494
5754730494 303537935
303537935 3588560860
3588560860 2994969971
626537994 5866580282
5866580282 6265795952
6265795952 6265795955
6265795955 6265795954
6265795954 626537997
626537997 6265795960
6265795960 5783025852
5783025852 1886594385
1886594385 3588560841
3588560841 5754730488
5754730488 303571376
303571376 3588560840
3588560840 3588560838
3588560838 303537004
3228917457 2564378894
2564378894 5847466304
5847466304 4170388908
4170388908 5847466307
5847466307 5847466302
5847466302 626537988
626537988 2994970307
2994970307 5783025828
5783025828 5754730495
5754730495 3588612204
3588612204 303537934
303537934 3588560856
3588560856 1886594399
1886594399 1886594385
1886594385 3588560845
3588560845 303571522
303571522 3588560823
3588560823 3588560830
3588560830 303571406
303571406 303537231
303537231 1886594367
1886594367 3588560813
3588560813 3588560816
3588560816 303538121
303538121 303571153
626537987 626537990
626537990 3588560831
3588560831 3588560822
3588560822 3588560850
3588560850 626537995
626537995 5783025854
5783025854 626537997
626537997 626537999
626537999 3588560855
3588560855 626538004
303571408 5742345952
5742345952 5742345961
5742345961 5742345969
5742345969 5742345966
5742345966 5742345922
5742345922 3588612262
3588612262 303571696
303571696 3588612226
3588612226 3588612265
3588612265 303571697
303571697 2564378893
2564378893 5847466365
5847466365 2564378892
2564378892 626538007
626538007 3588612225
3588612225 4170388939
4170388939 4170388941
4170388941 5847466517
5847466517 5754730342
5754730342 5847466512
5847466512 626538010
626538010 626538009
303571763 5783025824
5783025824 5783025826
5783025826 3588612248
3588612248 5847466523
5847466523 303571764
303571764 303571765
303571765 5754730375
5754730375 5754730359
5754730359 2994969941
2994969941 5754730364
5754730364 303571766
303571766 5754730367
5754730367 5754730370
5754730370 3228951566
3228951566 3228951567
1886594408 4170397631
4170397631 303537935
303537935 3588560857
3588560857 3588560836
3588560836 303538118
303538118 303571376
303571376 3588560843
3588560843 1886594383
1886594383 3588560828
3588560828 303538119
626538004 3228917452
3228917452 3228917454
3228917454 5783025829
5783025829 3228917453
3228917453 626538006
626538006 4170377241
4170377241 5847466314
5847466314 5847466504
5847466504 4170377245
4170377245 4170388901
4170388901 5754730513
5754730513 4170388907
4170388907 303571501
303571501 1886594415
3250134561 5754730519
5754730519 5754730518
5754730518 5754730526
5754730526 5754730522
5754730522 2564386911
2953636369 2953636368
2953636368 2953636367
2953636367 2953636373
2953636373 2953636366
2953636366 5864353018
5864353018 2953636365
2953636365 5864353015
5864353015 2953636364
2953636364 2953636363
2953636363 2953636362
2953636362 2953636361
2953636361 2953636360
2953636360 2953636359
2953636359 5864353008
5864353008 2953636358
2953636358 2953636357
2953636357 2564386905
2564386905 5805564216
5805564216 2953636356
3588560836 3588560839
3588560839 3588560837
3588560838 3588560837
3588560839 3588560840
3588560852 6265795951
6265795951 3588560853
3588560853 3588560854
3588560854 6265795958
6265795958 3588560855
3588560855 5754730464
5754730464 5783025850
5783025850 3588560856
3588560856 5754730492
5754730492 8407704646
8407704646 5754730490
5754730490 3588560857
3588560862 3588560863
3588560863 5754730374
5754730374 5754730382
5754730382 3588560864
3588560864 3588560865
3588560865 5754730379
5754730379 5754730392
5754730392 3588560866
3588560866 7346550948
7346550948 3588560867
3588560867 7346550949
7346550949 7346550951
7346550951 7346550950
7346550950 3588560868
3588560868 3588560869
3588560869 7129618820
7129618820 303536963
3588560870 3588560871
3588560871 5754730389
5754730389 5754730387
5754730387 4170409261
4170409261 3588560872
3588560872 5754730391
5754730391 5754730395
5754730395 5754730397
5754730397 3588560873
3588612204 5754730497
5754730497 5847466310
5847466310 3588612205
3588612205 3228917452
3588612206 5742345948
5742345948 3588612207
3588612207 3588612208
3588612208 3588612209
3588612209 3588612252
3588612252 3588612210
3588612210 3588612211
3588612211 3588612229
3588612229 3588612212
3588612212 3588612213
3588612213 5754730335
5754730335 5754730357
5754730357 3588612214
3588612214 3588612215
303537774 4170388932
4170388932 3588612219
3588612219 3588612216
3588612216 5754730354
5754730354 3588612217
3588612217 3588612218
3588612218 4170397675
3588612219 3588612220
3588612220 3588612221
3588612221 3588612215
3588612226 3588612227
3588612227 3588612228
3588612228 3588612253
3588612253 4170397672
4170397672 3588612229
3588612229 3588612231
3588612231 3588612230
3588612231 3588612241
3588612241 3588612232
3588612232 3588612251
3588612251 3588612233
3588612233 3588612234
3588612234 6265795937
6265795937 3588612235
3588612240 3588612210
3588612210 3588612241
3588612241 3588612239
3588612239 3588612242
3588612248 5783025820
5783025820 3588612249
3588612249 3588612250
3588612250 3588612251
3588612251 3588612252
3588612253 3588612261
3588612261 3588612240
3588612240 5742345924
5742345924 3588612254
3588612254 5742345963
5742345963 5742345964
5742345964 5742345950
5742345950 3588612255
3588612255 3588612256
3588612257 5742345951
5742345951 3588612258
3588612258 5742345962
5742345962 5742345968
5742345968 3588612259
3588612259 5742345923
5742345923 3588612260
3588612261 3588612260
3588612260 3588612262
3588612262 3588612263
3588612266 5742345916
5742345916 3588612263
3588612263 5742345921
5742345921 5742345967
5742345967 5742345928
5742345928 3588612264
3588612265 3588612266
4170377248 5754730502
5754730502 4170377247
4170377251 4170377250
4170377250 5754730514
5754730514 4170377247
4170377244 4170377239
4170377239 5847466509
5847466509 5754730509
4170377239 6265795933
6265795933 5270912076
5270912076 6265795932
6265795932 4170377238
4170377238 6265795931
6265795931 4170377237
4170377281 4170377282
4170377282 5758216853
5758216853 4170377283
4170377283 4170377284
4170377274 4170377275
4170377275 4170377277
4170377277 4170377279
4170377262 4170377263
4170377263 5847466348
5847466348 5805496821
5805496821 5847466350
5847466350 4170377265
4170377265 5805496823
5805496823 4170377266
4170377266 4170377269
4170377294 4170377288
4170377288 4170388928
4170388928 4170377280
4170377280 5847466357
5847466357 4170377272
4170377272 4170377267
4170377242 4170388904
4170388904 4170377246
4170377246 4170377248
4170377248 4170377249
4170377249 4170377251
4170377251 4170377252
4170377252 8407704633
8407704633 4170377254
4170377288 4170377286
4170377286 5847466354
5847466354 4170377287
4170377287 4170377289
4170377289 4170377290
4170377290 4170377291
4170377268 4170377264
4170377264 5742346002
5742346002 4170377262
4170377262 4170377259
4170377259 5847466341
5847466341 4170377256
4170377256 5847466345
5847466345 4170377255
4170377255 4170377253
303571753 5758217793
5758217793 4170377292
4170377292 4170377291
4170377291 5758216850
5758216850 4170377285
4170377285 4170377281
4170377281 4170388926
4170388926 4170377276
4170377276 4170377274
4170377274 4170388924
4170388924 4170377271
4170377296 4170377289
4170377289 5847466353
5847466353 4170377278
4170377278 4170388925
4170388925 4170388923
4170388923 4170377273
4170377273 4170377270
4170377270 4170377263
4170377263 4170377258
4170377258 4170377257
4170377257 4170377254
4170388931 4170388930
4170388904 5847466501
5847466501 4170388902
4170388914 5847466338
5847466338 4170388907
4170388933 4170388937
4170388915 5847466337
5847466337 4170388906
4170388906 4170388901
4170388908 5847466317
5847466317 5847466315
5847466315 4170388898
4170388898 4170388897
4170388898 5847466322
5847466322 4170388899
4170388899 5847466330
5847466330 4170388900
4170388900 4170388901
4170388932 4170388934
4170388934 4170388936
4170388936 4170388935
4170388935 4170388933
4170388933 4170388930
4170388930 4170388927
4170397671 5754730372
5754730372 4170397659
4170397659 5754730377
5754730377 4170397653
3588612248 4170397649
4170397649 6265795941
6265795941 6265795940
6265795940 4170397633
4170397672 4170397673
4170397673 5754730340
5754730340 5754730337
5754730337 4170397674
4170397679 4170397678
4170397678 4170397676
4170397652 4170397647
4170397647 4170397643
4170397643 5754730383
5754730383 4170397638
4170397638 5754730394
5754730394 5754730393
5754730393 4170397636
4170377250 8407704632
8407704632 4170377253
5270912077 5270912076
5270912076 4170377240
4170377240 5847466506
5847466506 5270912075
5270912075 4170377247
1886594406 4170377237
4170377237 5270912078
5270912078 4170388902
626537992 6265795953
6265795953 303538117
303538117 6265795956
6265795956 6265795957
6265795957 626537999
626537999 6265795959
6265795959 5783025851
5783025851 1886594399
1886594399 5754730493
5754730493 5754730491
5754730491 303538118
5742345912 5742345913
5742345913 3588612266
3588612263 5742345933
5742345933 5742345930
5742345930 5742345917
5742345917 4170397677
5742345919 5742345920
5742345920 5742345931
5742345931 5742345934
5742345934 5742345936
5742345936 5742345921
5742345921 5742345922
5742345922 5742345923
5742345923 5742345924
5742345924 4170397670
4170397670 3588612252
5742345939 4170388915
5742345940 5742345943
5742345943 5742345945
5742345945 5742345941
5742345941 5742345998
5742345998 5742345947
5742345947 4170388914
5742345948 5742345949
5742345949 5742345950
5742345950 5742345951
5742345951 5742345952
5742345952 5742345959
5742345959 5742345953
5742345953 5742345954
5742345955 5847466363
5847466363 5742345954
5742345954 5742345958
5742345958 5742345956
3588612264 5742345971
5742345971 5742345960
5742345960 5742345987
5742345987 5742345959
5742345959 5742345938
5742345966 5742345967
5742345972 5742345976
5742345976 5742345992
5742345992 5742345974
5742345974 5742345979
5742345979 5742345981
5742345981 303571755
5742966201 7129618833
7129618833 5742966202
303571408 3228917457
3228917457 3588612257
3588612257 303536962
303536962 3588612256
3588612256 5847466303
5847466303 4170397656
4170397656 3588612206
3588612206 2994970298
2994970298 3588612235
3588612235 3588612236
3588612236 5847466371
5847466371 3588612247
3588612247 5783025823
5783025823 3588560858
3588560858 303571763
303571763 4170397633
4170397633 303536963
303536963 2994969971
2994969971 303537002
303537002 303537003
303537003 3588560873
3588560873 303537004
5754730334 4170397674
4170397674 5754730335
5754730357 5754730358
5754730358 5754730359
5754730360 5754730361
5754730361 5754730366
5754730366 5754730362
5754730362 5754730363
5754730363 5754730364
3588612215 5754730365
5754730365 5754730366
5754730375 5754730376
5754730376 5754730369
5754730369 5754730377
5754730377 5754730378
5754730378 5754730379
5754730392 5754730393
5754730394 5754730395
5754730492 5754730493
5754730493 3588560841
5754730497 5754730498
5754730498 5847466311
5847466311 5754730499
5754730499 5847466308
5847466308 5754730500
5754730502 5847466507
5847466507 6265795932
6265795932 5754730503
4170377242 5847466508
5847466508 4170377238
4170377238 5754730506
5754730507 5847466503
5847466503 5847466502
5847466502 6265795935
6265795935 6265795934
6265795934 6265795933
6265795933 5754730508
5754730508 5754730509
5754730509 5754730510
5754730513 5754730507
5754730507 5754730516
5754730516 5754730514
5754730510 5754730519
5754730519 5754730525
5754730525 5754730520
5754730520 6265795930
6265795930 5754730521
626538044 5758216829
5758216829 5805525153
5805525153 1886594419
1886594419 8407704631
8407704631 2994969981
2994969981 8407704624
8407704624 5805496845
5805496845 5847466496
5847466496 5805496840
5805496840 5847466381
5847466381 5847466383
5847466383 626538012
626538012 5847466485
5847466485 5805496824
5805496824 1886594421
1886594421 8407704641
8407704641 4170377254
4170377254 4170377253
4170377253 1886594415
1886594415 4170388914
4170388914 4170388915
4170388915 4170388916
4170388916 4170388917
4170388917 4170388918
4170388918 4170388919
4170388919 303571408
3588560838 7737357203
7737357203 5783025817
5783025817 7737357202
7737357202 5783025819
5783025819 7737357200
7737357200 5783025818
5783025818 7737357201
7737357201 3588560840
5783025824 6265795939
6265795939 6265795938
6265795938 5847466370
5847466370 6265795937
6265795937 5742345948
303537440 303537768
303537768 4170397639
4170397639 303537770
303537770 4170397646
4170397646 303537771
303537771 4170397652
4170397652 4170397654
4170397654 4170397658
4170397658 3588560862
3588560862 303537772
303537772 4189747267
4189747267 5742966219
5742966219 4170397671
4170397671 5742966567
5742966567 3228951567
3228951567 3588612272
3588612272 5754730360
5754730360 5742966202
5742966202 303537774
303537774 7129618824
7129618824 2994969993
2994969993 3588612224
3588612224 7129618832
7129618832 4170388942
4170388942 5844922382
5844922382 303537775
2953636356 2953636355
2953636355 8407704617
8407704617 2564386907
2564386907 2564386909
2564386909 8407680115
8407680115 2564386911
2564386911 5754730521
5754730521 5805564218
5805564218 5754730529
5754730529 5754730524
5754730524 5754730531
5754730531 626537991
626537991 5754730400
5754730400 3588560852
3588560852 626537992
303571753 4170377296
4170377296 4170377295
4170377295 4170377294
4170377294 303571754
303571754 4170377293
4170377293 303571755
303571755 5742345982
5742345982 303571756
303571756 4170397676
4170397676 5742345983
5742345983 5742345926
5742345926 5742345919
5742345919 303571757
303571757 4170397677
4170397677 5742345915
5742345915 2564376260
2564376260 303571758
303571758 626538007
626538007 303571759
303571759 4170388937
4170388937 3588612222
3588612222 5847466519
5847466519 3588612223
3588612242 7346550947
7346550947 3588612243
3588612243 3588612249
3588612249 3588612244
3588612244 3588612245
3588612245 6265795938
6265795938 3588612246
3588612246 3588612247
303537004 5783025811
5783025811 303537005
303537005 2994969506
2994969506 303537006
303537006 5783025799
5783025799 3588560824
3588560824 3588560833
303537004 5783025796
5783025796 303571377
303571377 5783025778
5783025778 5784974586
5784974586 5784974584
5784974584 5784974576
5784974576 5784974574
5784974574 5784974568
5784974568 5784964194
5784964194 303571378
303571378 303571379
303571379 303571380
