303295850 1871.814068310977 1290.286439871289 30.5481666 114.3322972 50
303296886 1791.694488702114 1323.134771053769 30.5484629 114.3314622 50
597420846 2279.416432592449 784.6239080127547 30.5436054 114.3365452 50
597420847 2310.869364563543 814.135301062741 30.5438716 114.336873 50
597420848 2339.702818063754 851.983496357482 30.544213 114.3371735 50
597420850 2379.887344936164 938.3336993880372 30.5449919 114.3375923 50
597420857 2446.698438687106 1106.023155164633 30.5465045 114.3382886 50
597420859 2450.354194356241 1141.720632858846 30.5468265 114.3383267 50
597420860 2440.1161594533 1248.402877532848 30.5477888 114.33822 50
597420913 1789.81383749106 1105.701656142484 30.5465016 114.3314426 50
597420919 1866.047377610447 1074.992956386868 30.5462246 114.3322371 50
597420921 1931.428792634431 1050.193186945165 30.5460009 114.3329185 50
597420987 1959.302730209838 1255.110012317417 30.5478493 114.333209 50
597420994 2006.184678229277 1239.157009087146 30.5477054 114.3336976 50
597420999 2087.484462424258 1223.248350549416 30.5475619 114.3345449 50
617564331 2429.465532701155 1408.975010116942 30.5492372 114.338109 50
617564335 2497.715900336862 1645.720238738318 30.5513727 114.3388203 50
617564345 1597.152635220848 1175.633236667926 30.5471324 114.3294347 50
617564346 1366.149176651946 1154.935351309791 30.5469457 114.3270272 50
617564347 1134.378105342469 1137.585490256403 30.5467892 114.3246117 50
617564348 884.798418493133 1117.962963697826 30.5466122 114.3220106 50
617564349 714.9161242456491 1102.165166892503 30.5464697 114.3202401 50
617564350 498.075120702837 1084.782047319534 30.5463129 114.3179802 50
617564351 305.471489390457 1069.327921882982 30.5461735 114.3159729 50
617564352 170.7170731000381 1058.507816843297 30.5460759 114.3145685 50
694064394 137.450656034749 1055.60323946536 30.5460497 114.3142218 50
1146760328 2447.734715884138 1667.637603148001 30.5515704 114.3382994 50
1146760353 2225.472447376801 1765.096151722218 30.5524495 114.335983 50
1146761213 2409.747480474378 1415.294128839494 30.5492942 114.3379035 50
1146761237 1975.259480018168 1611.486135905679 30.5510639 114.3333753 50
1146762323 1456.478005685445 1597.140627788973 30.5509345 114.3279686 50
1146762325 1419.421500720964 1512.120765541667 30.5501676 114.3275824 50
1146762329 1425.591188109229 1721.072957957619 30.5520524 114.3276467 50
1146762336 1565.60375165825 1784.58564420247 30.5526253 114.3291059 50
1146762343 1421.733934096837 1689.32215792132 30.551766 114.3276065 50
1146762344 1450.298723138152 1510.069823499884 30.5501491 114.3279042 50
1146762345 1522.051323893658 1806.491922439899 30.5528229 114.328652 50
1146762353 1784.872330486496 2377.063998365697 30.5579696 114.3313911 50
1146763173 1924.664205372983 1085.12571868901 30.546316 114.332848 50
1146763177 1642.470572286933 1169.923857472205 30.5470809 114.329907 50
1146763179 1730.573324379476 1348.278211864243 30.5486897 114.3308252 50
1146763186 1630.016055599622 1207.838569805403 30.5474229 114.3297772 50
1146763187 1681.388538141971 1328.578082093545 30.548512 114.3303126 50
1146763189 1973.129354666274 1199.368733483029 30.5473465 114.3333531 50
1150257032 1719.346988073424 1105.657311449239 30.5465012 114.3307082 50
1150257033 1832.329988061062 1346.615285884475 30.5486747 114.3318857 50
1150257036 547.3654536920951 1088.739811151112 30.5463486 114.3184939 50
1150257038 1731.264175842942 1099.759467308989 30.546448 114.3308324 50
1150257041 565.461924006464 1042.909571154757 30.5459352 114.3186825 50
1150257043 828.4940241052491 936.3714467320383 30.5449742 114.3214238 50
1150257044 1756.297946286153 1094.626569118403 30.5464017 114.3310933 50
1150257048 1741.866826796284 1096.566649427779 30.5464192 114.3309429 50
1150257050 1514.768598034915 639.8606584076482 30.5422996 114.3285761 50
1150257051 1866.565516210183 1331.515917990359 30.5485385 114.3322425 50
1150257054 1857.402139140386 1338.688672049065 30.5486032 114.332147 50
1150257057 1706.758139159717 979.9955382623681 30.5453677 114.330577 50
1150257059 1958.918923841381 1568.904144656033 30.5506798 114.333205 50
1150257063 1934.595195180915 1576.742069106363 30.5507505 114.3329515 50
1150257065 1666.746325151038 999.6291509939033 30.5455448 114.33016 50
1150257067 1919.722698368419 1463.042276798603 30.5497249 114.3327965 50
1150257069 1847.490339651731 1342.613177361062 30.5486386 114.3320437 50
1150257071 1641.204011265899 926.3495461623038 30.5448838 114.3298938 50
1150257073 1673.357389861929 922.2587482524002 30.5448469 114.3302289 50
1150257075 1707.995914700005 1139.891414281878 30.54681 114.3305899 50
1150257080 1884.700367161886 1471.467768428438 30.5498009 114.3324315 50
1150257082 1540.33010223567 625.7368737543462 30.5421722 114.3288425 50
1205094857 730.7289466624511 743.272481988319 30.5432324 114.3204049 50
1205094859 1032.870915799281 607.5333773648044 30.542008 114.3235538 50
1205094860 1145.921081901337 556.5148083130691 30.5415478 114.324732 50
1205094862 1269.737016661438 745.7557847846589 30.5432548 114.3260224 50
1205094865 1144.251524192568 798.1268669669718 30.5437272 114.3247146 50
1205094867 1420.486563397521 436.6954484002439 30.540467 114.3275935 50
1205094871 1233.102698705189 517.391703101282 30.5411949 114.3256406 50
1218886895 104.1938341272692 1052.731920607709 30.5460238 114.3138752 50
1224846313 3324.895387625935 127.8790078265611 30.5376814 114.3474411 50
1330929815 1280.905782010878 70.60783709143607 30.5371648 114.3261388 50
1330929860 1256.332579212013 69.88723583431306 30.5371583 114.3258827 50
1406781203 3118.167681918696 223.840923019623 30.538547 114.3452866 50
1406781216 2410.764567353353 396.5413290814382 30.5401048 114.3379141 50
1406781218 2339.990672840707 462.8699033184416 30.5407031 114.3371765 50
1406781220 2211.05092304596 680.3030182297265 30.5426644 114.3358327 50
1406781225 2615.007126819767 342.939681673914 30.5396213 114.3400427 50
1406781230 2364.957277168278 428.0371471340458 30.5403889 114.3374367 50
1406781233 2957.918927543162 265.4140725081691 30.538922 114.3436165 50
1406781235 2719.85343177561 326.1108707608672 30.5394695 114.3411354 50
1406781237 2544.847322495921 346.3431368455703 30.539652 114.3393115 50
1406781238 2275.136991573046 558.643353566974 30.541567 114.3365006 50
1406781239 2777.251674315915 311.0004166937916 30.5393332 114.3417336 50
1406781240 1995.121459634031 972.2352170241581 30.5452977 114.3335823 50
1406781241 2423.890745186073 374.7680849230392 30.5399084 114.3380509 50
1406781242 2196.648589035618 702.6083987014255 30.5428656 114.3356826 50
1406781243 2441.651384928348 365.5443888225494 30.5398252 114.338236 50
1406781246 2829.238247049504 297.4198545274535 30.5392107 114.3422754 50
1406781247 1972.476883838921 1028.320167228022 30.5458036 114.3333463 50
1406781248 3287.339934382215 149.907233968652 30.5378801 114.3470497 50
1406781249 2505.986927596274 348.3829927136901 30.5396704 114.3389065 50
1406781250 2077.227237204481 875.9518028089485 30.5444292 114.334438 50
1406781251 1968.878699125177 1009.62887921772 30.545635 114.3333088 50
1406781253 2119.68581681543 786.3200925121034 30.5436207 114.3348805 50
1406781254 2438.820812956401 377.3289909315004 30.5399315 114.3382065 50
1406781256 1955.493451993809 1044.716617385808 30.5459515 114.3331693 50
1406781261 2237.044209413975 617.8102599189355 30.5421007 114.3361036 50
1406781262 2051.742494275954 916.4163349776493 30.5447942 114.3341724 50
1406781266 2032.43703389594 943.0453229970258 30.5450344 114.3339712 50
1406781267 3215.28028853292 188.065842113288 30.5382243 114.3462987 50
1406781272 2389.914286338041 415.4875990747261 30.5402757 114.3376968 50
1406781273 2156.492847639072 732.7960483174056 30.5431379 114.3352641 50
1406781274 2182.745203304513 695.6573681082399 30.5428029 114.3355377 50
1406781277 3172.562639619661 206.036528865056 30.5383864 114.3458535 50
1406781282 3073.732499502747 235.4481463562981 30.5386517 114.3448235 50
1406781284 2373.708062391313 438.025789184199 30.540479 114.3375279 50
1406781286 2168.333274135143 744.3145822690014 30.5432418 114.3353875 50
1406781289 2340.249742138134 487.2040534853019 30.5409226 114.3371792 50
1406781292 1943.653025498959 1041.900729393655 30.5459261 114.3330459 50
1406781302 2468.930422634234 355.5557467723961 30.5397351 114.3385203 50
1406781304 2492.860749764774 356.8417428624008 30.5397467 114.3387697 50
1406781308 2319.140391822955 492.5697613129568 30.540971 114.3369592 50
1406781309 2380.136819077004 409.0797909670939 30.5402179 114.3375949 50
1406781313 2118.40006547756 816.0199505059134 30.5438886 114.3348671 50
1406781316 3006.297720403978 252.864524449554 30.5388088 114.3441207 50
1406781320 2404.58528480728 389.3685750227322 30.5400401 114.3378497 50
1406781325 3189.958663311536 199.52894519868 30.5383277 114.3460348 50
1406781333 2258.921172467289 607.8216178687821 30.5420106 114.3363316 50
1406781337 2048.652853001696 894.6430908192503 30.5445978 114.3341402 50
1406781340 2019.473973770362 937.0920479905724 30.5449807 114.3338361 50
1406781343 1988.433633647251 1007.067973209259 30.5456119 114.3335126 50
1406781353 2001.041672881457 988.8866491663402 30.5454479 114.333644 50
1406781354 2873.759785897928 284.3603425014561 30.5390929 114.3427394 50
1406781364 2293.665244055897 556.603497698149 30.5415486 114.3366937 50
1406781370 3248.997678081084 170.904446003723 30.5380695 114.3466501 50
1406781379 2591.172751280731 343.7822308371091 30.5396289 114.3397943 50
1406781383 2683.315065409644 334.3035527536332 30.5395434 114.3407546 50
1406781385 2656.544571146908 338.9154008038781 30.539585 114.3404756 50
1406781387 2080.978944463899 844.899431684561 30.5441491 114.3344771 50
1406781389 2474.332497281923 363.2495509707383 30.5398045 114.3385766 50
1406781391 3159.839458474675 210.7924971665841 30.5384293 114.3457209 50
1406781393 1959.091636707553 1024.484351301105 30.545769 114.3332068 50
1446233424 1953.3441363263 1622.295154772405 30.5511614 114.3331469 50
1446233425 2078.369061150824 1836.391331551902 30.5530926 114.3344499 50
1446233440 2136.323822928199 1955.323797608287 30.5541654 114.3350539 50
1446233444 2057.230925357338 1846.579524719542 30.5531845 114.3342296 50
1446233458 2176.306851457352 2048.835668524589 30.5550089 114.3354706 50
1446233465 2226.364797184744 2168.544166705007 30.5560887 114.3359923 50
1835360721 1628.279331780097 2039.412421306612 30.5549239 114.3297591 50
2401101537 436.157558163758 1079.804355553895 30.546268 114.3173349 50
2401160888 1904.754249961978 1455.58128223733 30.5496576 114.3326405 50
2401160889 1894.055647414691 1459.782941878936 30.5496955 114.332529 50
2401160890 2109.054380383783 1909.90374602057 30.5537557 114.3347697 50
2401160891 2089.576207137598 1917.664067258075 30.5538257 114.3345667 50
2401160892 2128.810813247894 1958.937890070389 30.554198 114.3349756 50
2482878636 607.469531136979 1093.55121031814 30.546392 114.3191203 50
4052824491 1387.402454356213 1690.164707084515 30.5517736 114.3272487 50
4052824492 1345.442823023281 1655.598019056064 30.5514618 114.3268114 50
4052824493 1301.180353473504 1648.935228964741 30.5514017 114.3263501 50
4052824494 421.5441306486891 2060.365288649144 30.5551129 114.3171826 50
4052824495 1316.618964682098 1646.884286923662 30.5513832 114.326511 50
4052824496 1332.057575889471 1647.405337064003 30.5513879 114.3266719 50
4061038686 1693.622366166747 990.2724208157938 30.5454604 114.3304401 50
4061038687 1684.52615521259 993.5650142550423 30.5454901 114.3303453 50
4516243255 884.0499960718344 1126.643437311352 30.5466905 114.3220028 50
4516243256 1488.593003642921 1623.636581729319 30.5511735 114.3283033 50
4516243257 103.4358165481631 1061.41239422053 30.5461021 114.3138673 50
4516243267 1133.706444194617 1146.265963869929 30.5468675 114.3246047 50
4516243285 136.6926384532021 1064.272626905222 30.5461279 114.3142139 50
4516243300 1983.021963838093 1210.510337545567 30.547447 114.3334562 50
4516243308 1365.429539707733 1163.615824923317 30.547024 114.3270197 50
4516243314 435.466706700292 1088.085726932446 30.5463427 114.3173277 50
4516243336 0 1051.689820327026 30.5460144 114.3127893 50
4516243337 2441.353934993588 1241.063830876941 30.5477226 114.3382329 50
4516243339 1701.528777374538 1363.37757975836 30.5488259 114.3305225 50
4516243388 1432.845128490887 1719.022015915835 30.5520339 114.3277223 50
4516243414 2027.946499374251 1226.164014100312 30.5475882 114.3339244 50
4516243423 606.721108716901 1101.610858232581 30.5464647 114.3191125 50
4516243424 304.7710427655211 1078.008395496508 30.5462518 114.3159656 50
4516243428 714.1581066665431 1110.845640506029 30.546548 114.3202322 50
4516243433 59.92176942090509 1058.164145473821 30.5460728 114.3134138 50
4516243455 1687.040086930499 1377.246382427265 30.548951 114.3303715 50
4516243487 2051.435449180944 1220.365945518101 30.5475359 114.3341692 50
4516243515 1429.50601307579 1690.076017698025 30.5517728 114.3276875 50
4516243529 546.6650070671581 1097.420284763933 30.5464269 114.3184866 50
4516243531 169.978245838988 1067.188290456118 30.5461542 114.3145608 50
4516243542 35.36775693765503 1056.379271589392 30.5460567 114.3131579 50
4516243543 1596.365832163436 1184.302624108493 30.5472106 114.3294265 50
4516243586 1775.565026027612 1329.564751508024 30.5485209 114.3312941 50
4516243597 117.0897281396481 1062.587528578832 30.5461127 114.3140096 50
4516243602 497.3746740803422 1093.462520932354 30.5463912 114.3179729 50
4517322331 1629.824152416615 826.895486413212 30.5439867 114.3297752 50
4517322332 1989.834526894683 655.7804031183376 30.5424432 114.3335272 50
4517322333 1740.197269091177 510.8286885687023 30.5411357 114.3309255 50
4517322334 1685.639193683068 545.6614447530983 30.5414499 114.3303569 50
4517322335 1785.496015836764 743.3722575470626 30.5432333 114.3313976 50
4517322336 1736.080945778917 497.5141945590141 30.5410156 114.3308826 50
4517322337 1677.396951899521 365.3670100509793 30.5398236 114.330271 50
4517322341 1547.823921597918 302.4862356788772 30.5392564 114.3289206 50
4517322350 1404.596979704831 319.0046337413237 30.5394054 114.3274279 50
4517322351 1487.978913451681 285.712855631329 30.5391051 114.3282969 50
4517322352 1489.523734088199 283.1519496228681 30.539082 114.328313 50
4517322353 1575.227696372393 311.5768976996316 30.5393384 114.3292062 50
4517322354 1659.645907316274 336.9309758012569 30.5395671 114.330086 50
4539343771 1232.680511699398 14.46745602207397 30.5366584 114.3256362 50
4539343781 2274.858731955121 1082.64241589267 30.5462936 114.3364977 50
4539344290 2185.34549145734 719.2487446706486 30.5430157 114.3355648 50
4539344294 1931.457578112737 1070.857813784424 30.5461873 114.3329188 50
4539344301 1978.665761545243 1217.295075542257 30.5475082 114.3334108 50
4539344303 1267.462963924119 1323.367580690838 30.548465 114.3259987 50
4539344313 1150.785827631233 1147.54087378768 30.546879 114.3247827 50
4539344316 1148.626916805917 1138.649762883708 30.5467988 114.3247602 50
4539344322 1974.108060910356 1238.757906852171 30.5477018 114.3333633 50
4539344323 1647.047463241097 1426.901352176875 30.5493989 114.3299547 50
4539344341 1116.655846235086 1362.291134785137 30.5488161 114.324427 50
4539344344 2413.652710283132 1023.076407305734 30.5457563 114.3379442 50
4539344347 2166.692501904679 1525.047243489339 30.5502842 114.3353704 50
4539344361 2440.17373040747 1089.64887735347 30.5463568 114.3382206 50
4539344374 2348.184938826672 870.2202512666051 30.5443775 114.3372619 50
4539344375 2192.944857571341 723.6056107364971 30.543055 114.335644 50
4539344389 2172.142552351172 710.6569604429078 30.5429382 114.3354272 50
4539344395 1329.236599075331 1315.174898698072 30.5483911 114.3266425 50
4539344401 2141.994562036005 1226.374651390758 30.5475901 114.335113 50
4539344405 2531.701954346364 774.3137669397477 30.5435124 114.3391745 50
4539344408 1884.498868818629 1073.219168675398 30.5462086 114.3324294 50
4539344427 1168.642418967454 1345.894684626647 30.5486682 114.3249688 50
4539344428 2250.774882278908 1234.522988690279 30.5476636 114.3362467 50
4539344454 1225.1770971769 0 30.5365279 114.325558 50
4539344455 2355.592401755224 1043.71886179837 30.5459425 114.3373391 50
4539344457 551.4146108887151 1097.797214652991 30.5464303 114.3185361 50
4540479147 582.8483525405311 1035.016215838927 30.545864 114.3188637 50
4540479148 558.140817512829 1049.361723954929 30.5459934 114.3186062 50
4540479149 551.961534965536 1062.16625399794 30.5461089 114.3185418 50
4540479150 1433.823834731306 1728.367659920281 30.5521182 114.3277325 50
4687022349 1787.357476728541 1191.841221882593 30.5472786 114.331417 50
4900768379 1919.799459643087 1081.289902762798 30.5462814 114.3327973 50
4900768380 1900.896995949587 1074.815577615298 30.546223 114.3326003 50
4900768381 1911.825882318436 1077.664724127031 30.5462487 114.3327142 50
4900768382 1937.723217092506 1061.667376204221 30.5461044 114.3329841 50
4900768383 1945.188250976449 1053.962485832215 30.5460349 114.3330619 50
4900768384 1951.37712868277 1033.829995306961 30.5458533 114.3331264 50
4900768385 1753.131543739669 1105.302553907509 30.546498 114.3310603 50
4900768386 1734.113938136608 1113.484149726611 30.5465718 114.3308621 50
4900768387 1715.691232406731 1129.825169018193 30.5467192 114.3306701 50
4900768388 1719.941887945387 1122.175709512391 30.5466502 114.3307144 50
4900768389 1720.930189348497 1114.171492464859 30.546578 114.3307247 50
4900768390 1725.056107818564 1111.621672629356 30.546555 114.3307677 50
4900768391 1730.179922849549 1113.140478357135 30.5465687 114.3308211 50
4900768392 1755.482357750435 1100.735050549804 30.5464568 114.3310848 50
4900768393 1761.488927432777 1099.925759906896 30.5464495 114.3311474 50
4900768394 1767.860113164299 1103.6507141007 30.5464831 114.3312138 50
4900768395 1774.979721315898 1105.446674158793 30.5464993 114.331288 50
4900768396 1607.361884647925 1176.26514854138 30.5471381 114.3295411 50
4900768397 1619.835591652072 1175.943649517821 30.5471352 114.3296711 50
4900768398 1631.416948848274 1174.214206499596 30.5471196 114.3297918 50
4900768402 1632.376464770637 1181.874752178357 30.5471887 114.3298018 50
4900768403 1629.05653967848 1191.519722859739 30.5472757 114.3297672 50
4900768404 1628.903017129144 1198.880941862974 30.5473421 114.3297656 50
4900768405 1636.521573561203 1176.675336948609 30.5471418 114.329845 50
4900768406 1607.054839552915 1186.697237519048 30.5472322 114.3295379 50
4900768407 1615.488984520691 1190.921069507277 30.5472703 114.3296258 50
4900768408 1621.514744517428 1195.532917556817 30.5473119 114.3296886 50
4900768409 1626.149206428203 1200.654729574444 30.5473581 114.3297369 50
4900768413 1707.41060998585 1349.409001530005 30.5486999 114.3305838 50
4900768414 1688.949523618638 1339.287325401527 30.5486086 114.3303914 50
4900768415 1720.795857118439 1349.608552647493 30.5487017 114.3307233 50
4900768416 1688.421789859874 1345.983374012432 30.548669 114.3303859 50
4900768417 1689.237378395591 1351.992079885794 30.5487232 114.3303944 50
4900768418 1688.412194700845 1367.545980880385 30.5488635 114.3303858 50
4900768419 1689.467662217154 1360.40648534126 30.5487991 114.3303968 50
4900768420 1693.986982217148 1369.641267614708 30.5488824 114.3304439 50
4900768521 1709.118548329511 1357.756889947719 30.5487752 114.3306016 50
4900768522 1805.329209973101 1324.343163932358 30.5484738 114.3316043 50
4900768523 1811.431731248168 1325.507212117701 30.5484843 114.3316679 50
4900768524 1822.264666023072 1331.449400951196 30.5485379 114.3317808 50
4900768525 1863.14004436139 1319.188093395149 30.5484273 114.3322068 50
4900768526 1863.101663726497 1307.547611538892 30.5483223 114.3322064 50
4900768527 1865.145432642253 1299.166464601597 30.5482467 114.3322277 50
4900768528 1836.446311372101 1334.198771904186 30.5485627 114.3319286 50
4900768529 1855.272013790933 1326.449536838935 30.5484928 114.3321248 50
4900768530 1828.069737359715 1337.757433500085 30.5485948 114.3318413 50
4900768531 1833.231933028034 1338.356086853252 30.5486002 114.3318951 50
4900768532 1861.691175317596 1327.447292427783 30.5485018 114.3321917 50
4900768533 2067.555316693976 1223.381384627741 30.5475631 114.3343372 50
4900768534 2058.219226758007 1225.044310606803 30.5475781 114.3342399 50
4900768535 2078.157967648538 1222.926851526562 30.547559 114.3344477 50
4900768536 2101.109588537438 1217.838298029221 30.5475131 114.3346869 50
4900768537 2089.537826500264 1217.062265905188 30.5475061 114.3345663 50
4900768538 2068.179002045465 1217.184213810554 30.5475072 114.3343437 50
4900768539 2077.054524337088 1216.74076688304 30.5475032 114.3344362 50
4900768540 2058.094489690639 1218.813881270741 30.5475219 114.3342386 50
4900768541 1992.636313393207 1218.869312136239 30.5475224 114.3335564 50
4900768542 1999.784707021892 1222.505576945669 30.5475552 114.3336309 50
4900768543 2018.01550956632 1226.452254602879 30.5475908 114.3338209 50
4900768544 2007.480024726176 1225.121913819629 30.5475788 114.3337111 50
4900768545 1970.308377852135 1244.367510489148 30.5477524 114.3333237 50
4900768546 1978.31074065387 1227.77150921317 30.5476027 114.3334071 50
4900768547 1977.830982692689 1210.887267434625 30.5474504 114.3334021 50
5758615073 2073.97447822308 1223.104230297427 30.5475606 114.3344041 50
5758615074 2126.469594394935 1350.872376392285 30.5487131 114.3349512 50
5758615075 2125.836313884418 1360.838846095816 30.548803 114.3349446 50
5758615076 2121.508897071094 1374.618959379642 30.5489273 114.3348995 50
5758615077 2117.613262420148 1393.565229373635 30.5490982 114.3348589 50
5758615078 2120.501405351148 1406.148035952536 30.5492117 114.334889 50
5758615079 2169.494288403204 1523.783419744547 30.5502728 114.3353996 50
5758615080 2266.722036925768 1747.014603238043 30.5522864 114.3364129 50
5867428983 1470.477343006833 544.430879527887 30.5414388 114.3281145 50
5867429985 1465.152029632591 532.9456040965777 30.5413352 114.328059 50
5923327641 2238.752147756416 1759.27591079409 30.552397 114.3361214 50
5935566176 1698.554278011062 1346.304873035285 30.5486719 114.3304915 50
5950064911 2038.270890709668 934.9967612555436 30.5449618 114.334032 50
5950064915 2091.974996945946 1217.228558503095 30.5475076 114.3345917 50
5950065030 2274.119904694071 1236.230259362586 30.547679 114.33649 50
5960295348 1752.01850526675 2306.223351637192 30.5573306 114.3310487 50
5960527575 1893.4511523837 1920.202800919913 30.5538486 114.3325227 50
5980435359 1672.6185626021 2135.019578957238 30.5557863 114.3302212 50
5980435361 1733.307944759919 1992.196409661508 30.554498 114.3308537 50
5980435370 1678.721083874725 2148.178866541979 30.555905 114.3302848 50
5980435381 1748.132465776053 2297.842204700603 30.557255 114.3310082 50
6868774166 649.3811866735491 1951.465809335452 30.5541306 114.3195571 50
7154206557 2004.601476957867 141.836499881957 30.5378073 114.3336811 50
7154206563 2003.095036957462 641.689876985322 30.5423161 114.3336654 50
7154206564 1957.796290210654 549.0094690585506 30.5414801 114.3331933 50
7154206565 1950.590325625358 531.5930909660001 30.541323 114.3331182 50
7154206566 1948.527366390325 518.7996470973583 30.5412076 114.3330967 50
7154206567 1948.527366390325 496.2614569871802 30.5410043 114.3330967 50
7154206568 1951.108464223874 483.4680131185384 30.5408889 114.3331236 50
7154206569 1955.73333097562 471.6834110095874 30.5407826 114.3331718 50
7154206570 1972.208219380025 445.5754731312574 30.5405471 114.3333435 50
7154206571 1982.503825238357 425.0882250635683 30.5403623 114.3334508 50
7154206572 1991.254610461391 400.000215118593 30.540136 114.333542 50
7154206573 1995.370933773651 379.5129670509039 30.5399512 114.3335849 50
7154206574 1994.852795173915 261.2234990395211 30.5388842 114.3335795 50
7979796968 1541.462331025425 1557.995350230563 30.5505814 114.3288543 50
7985304177 1713.599487692171 1062.321460422887 30.5461103 114.3306483 50
7986874535 1482.384935618543 1630.620870844202 30.5512365 114.3282386 50
8479338493 1636.780642861071 823.170532218702 30.5439531 114.3298477 50
