1146761237 1446233425
4539344389 4539344290
4539344290 4539344375
4539344375 597420846
597420846 597420847
597420847 597420848
597420848 4539344374
4539344374 597420850
597420850 4539344344
4539344344 4539344361
4539344361 597420857
597420857 597420859
597420859 4516243337
4516243337 597420860
1146763189 4516243300
4516243300 4900768541
4900768541 4900768542
4900768542 4900768544
4900768544 4900768543
4900768543 4516243414
617564335 1146760328
1146760328 5758615080
5758615080 5923327641
5923327641 1146760353
1146760353 1446233425
1146762325 1146762344
1146762344 1146762323
1446233424 1146762336
1146762336 1146762345
1146763186 4900768409
4900768409 4900768408
4900768408 4900768407
4900768407 4900768406
4900768406 4516243543
303296886 4516243586
4516243586 1146763179
1146763179 4900768415
4900768415 4900768413
4900768413 5935566176
5935566176 4900768414
4900768414 1146763187
1146763187 1146763186
1150257063 2401160889
2401160889 1150257069
1150257069 1150257038
1150257038 7985304177
7985304177 4061038687
1150257036 4540479149
4540479149 4540479148
4540479148 1150257041
1150257041 4540479147
4540479147 1150257043
1150257043 1205094865
1205094865 1205094862
1205094862 1150257050
1150257050 1150257082
303295850 4900768527
4900768527 4900768526
4900768526 4900768525
4900768525 1150257051
1150257051 1150257067
1150257067 1150257059
1150257073 4061038686
1150257075 4900768387
4900768387 4900768388
4900768388 4900768389
4900768389 1150257032
1150257032 1150257065
1150257065 1150257071
1150257033 4900768531
4900768531 4900768528
4900768528 4900768529
4900768529 4900768532
4900768532 1150257051
1150257044 4900768392
4900768392 4900768385
4900768385 4900768386
4900768386 4900768391
4900768391 4900768390
4900768390 1150257032
4061038686 1150257048
1150257048 4687022349
4687022349 1150257054
1150257054 2401160888
597420919 597420921
1146762353 5960295348
5960295348 5980435381
5980435381 5980435370
5980435370 5980435359
5980435359 1835360721
1835360721 1146762345
1146762345 4540479150
4540479150 1146762329
597420860 5950065030
5950065030 4539344428
4539344428 4539344401
4539344401 597420999
597420999 4900768535
4900768535 5758615073
5758615073 4900768533
4900768533 4900768534
4900768534 597420994
1146763179 4900768521
4900768521 4516243339
4516243339 4900768420
4900768420 4516243455
1218886895 694064394
694064394 617564352
617564352 617564351
617564351 2401101537
2401101537 617564350
617564350 1150257036
1150257036 2482878636
2482878636 617564349
617564349 617564348
617564348 617564347
617564347 4539344316
4539344316 617564346
617564346 617564345
1205094857 1205094859
1205094859 1205094860
1205094860 1205094871
1205094871 1205094867
597420921 1406781292
1406781292 4900768384
4900768384 1406781393
1406781393 1406781251
1406781251 1406781240
1406781240 1406781340
1406781340 1406781337
1406781337 1406781387
1406781387 1406781253
1406781253 1406781273
1406781273 4539344389
4539344389 1406781274
1406781274 1406781261
1406781261 1406781238
1406781238 1406781308
1406781308 1406781218
1406781218 1406781230
1406781230 1406781309
1406781309 1406781320
1406781320 1406781241
1406781241 1406781243
1406781243 1406781302
1406781302 1406781249
1406781249 1406781237
1406781237 1406781379
1406781379 1406781225
1406781225 1406781385
1406781385 1406781383
1406781383 1406781235
1406781235 1406781239
1406781239 1406781246
1406781246 1406781354
1406781354 1406781233
1406781233 1406781316
1406781316 1406781282
1406781282 1406781203
1406781203 1406781391
1406781391 1406781277
1406781277 1406781325
1406781325 1406781267
1406781267 1406781370
1406781370 1406781248
1406781248 1224846313
1406781304 1406781389
1406781389 1406781254
1406781254 1406781216
1406781216 1406781272
1406781272 1406781284
1406781284 1406781289
1406781289 1406781364
1406781364 1406781333
1406781333 1406781220
1406781220 1406781242
1406781242 4539344290
4539344290 1406781286
1406781286 1406781313
1406781313 1406781250
1406781250 1406781262
1406781262 5950064911
5950064911 1406781266
1406781266 1406781353
1406781353 1406781343
1406781343 1406781247
1406781247 1406781256
1406781256 4900768383
4900768383 4900768382
4900768382 4539344294
1446233444 5960527575
5960527575 5980435361
5980435361 1835360721
1446233425 1446233444
1446233444 1446233424
1446233424 1150257063
1446233425 2401160890
617564345 4900768396
4900768396 4900768397
4900768397 4900768398
4900768398 1146763177
1146763186 4900768404
4900768404 4900768403
4900768403 4900768402
4900768402 4900768405
4900768405 1146763177
303295850 303296886
1146763177 1150257075
2401160890 2401160892
1330929815 1150257082
1150257082 4517322331
4517322331 1150257073
1150257075 597420913
597420913 597420919
4539344294 1146763173
597420919 4539344408
4539344408 4900768380
4900768380 4900768381
4900768381 4900768379
4900768379 1146763173
1146763173 1146763189
1146763189 4900768547
4900768547 4539344301
4539344301 4900768546
4900768546 4539344322
4539344322 4900768545
4900768545 597420987
597420987 303295850
597420994 597420987
4516243515 1146762343
1146762343 4052824491
4052824491 4052824492
4052824492 4052824496
4052824496 4052824495
4052824495 4052824493
4052824493 6868774166
6868774166 4052824494
2401160888 1150257059
4061038687 1150257071
1150257059 1146761237
1150257063 1150257080
1150257080 1150257033
1150257033 4900768530
4900768530 4900768524
4900768524 4900768523
4900768523 4900768522
4900768522 303296886
1150257071 1150257050
1150257050 5867428983
5867428983 5867429985
5867429985 1205094867
1205094867 1330929860
1330929860 4539343771
4539343771 4539344454
1150257073 1150257057
1150257057 1150257044
1150257044 4900768393
4900768393 4900768394
4900768394 4900768395
4900768395 597420913
4516243543 4516243308
4516243308 4539344313
4539344313 4516243267
4516243267 4516243255
4516243255 4516243428
4516243428 4516243423
4516243423 4539344457
4539344457 4516243529
4516243529 4516243602
4516243602 4516243314
4516243314 4516243424
4516243424 4516243531
4516243531 4516243285
4516243285 4516243597
4516243597 4516243257
4516243257 4516243433
4516243433 4516243542
4516243542 4516243336
4516243455 4900768418
4900768418 4900768419
4900768419 4900768417
4900768417 4900768416
4900768416 1146763187
4516243414 4516243487
4516243487 4900768540
4900768540 4900768538
4900768538 4900768539
4900768539 4900768537
4900768537 5950064915
5950064915 4900768536
4900768536 4516243337
2401160890 1446233440
1446233440 1446233458
1446233458 1446233465
2401160891 1446233444
4516243515 7986874535
7986874535 4516243256
4516243256 7979796968
7979796968 4539344323
4539344323 4516243455
4517322332 4517322335
4517322335 8479338493
8479338493 4517322331
4517322335 4517322334
1150257082 4517322334
4517322334 4517322333
4517322333 4517322336
4517322336 4517322337
4517322337 4517322354
4517322354 4517322353
4517322353 4517322341
4517322341 4517322352
4517322352 4517322351
4517322351 4517322350
4539343781 4539344455
4539344455 4539344344
4539344341 4539344427
4539344427 4539344303
4539344303 4539344395
4539344405 4539344374
4052824491 1146762329
4540479150 4516243388
4516243388 4516243515
617564331 1146761213
1146761213 5758615079
5758615079 4539344347
4539344347 1146761237
5758615073 5758615074
5758615074 5758615075
5758615075 5758615076
5758615076 5758615077
5758615077 5758615078
5758615078 5758615079
5758615079 5758615080
7154206563 7154206564
7154206564 7154206565
7154206565 7154206566
7154206566 7154206567
7154206567 7154206568
7154206568 7154206569
7154206569 7154206570
7154206570 7154206571
7154206571 7154206572
7154206572 7154206573
7154206573 7154206574
7154206574 7154206557
