142764156 142764157
142764157 4017951689
4017951689 142764159
142764159 1239933804
142764159 1264984093
1239933804 142788274
1239933804 4017951690
142788274 142778362
142788274 142878838
142788274 142879477
142778362 144849104
142778362 4017951691
144849104 142778728
142778728 142841507
142778728 4017951692
142778727 4017951692
142778364 2283566001
763699047 1239933805
1239933805 1239940009
1239933805 4017951690
1239940009 4017951691
1239940009 2283566001
142878838 146145256
142878838 3861275695
146145256 146145845
146145256 146145255
146145845 142879477
146145845 146145846
146145846 146145255
146145846 146145847
146145847 3435152295
146145847 3435152294
3435152294 3435152293
3435152293 5274523429
3861275695 181358847
1264984093 2371414037
1264984093 4017950888
418044504 4017950888
