142764156 1265.109622611496 491.82332142738 -22.9538221 -43.1859437 50
142764157 1297.287065429779 450.9218968010329 -22.954192 -43.1856298 50
4017951689 1416.248270878325 391.0790987258704 -22.9547332 -43.1844693 50
142764159 1429.62564038314 384.2234936252457 -22.9547952 -43.1843388 50
1239933804 1384.337350363853 290.2574740315422 -22.955645 -43.1847806 50
1264984093 1458.020516652055 460.3538825285036 -22.9541067 -43.1840618 50
142788274 1355.204412330639 250.8709169841048 -22.9560012 -43.1850648 50
4017951690 1374.301760520833 300.5740539659196 -22.9555517 -43.1848785 50
142778362 1255.566073945545 220.4408762781239 -22.9562764 -43.1860368 50
142878838 1442.715985868867 78.66253981931902 -22.9575586 -43.1842111 50
142879477 1368.694541272082 248.2281917921364 -22.9560251 -43.1849332 50
144849104 1207.827828897901 203.0586001190036 -22.9564336 -43.1865025 50
4017951691 1254.243713282173 224.0455976701692 -22.9562438 -43.1860497 50
142778728 1130.208333193802 174.8068726466728 -22.9566891 -43.1872597 50
142841507 1041.343646417983 138.9808072801442 -22.9570131 -43.1881266 50
4017951692 1129.357511990918 177.5933443976372 -22.9566639 -43.187268 50
142778727 1069.051715209486 375.5212981183411 -22.9548739 -43.1878563 50
142778364 1179.197182900046 429.0834773256976 -22.9543895 -43.1867818 50
2283566001 1205.049846418599 357.7962417038026 -22.9550342 -43.1865296 50
763699047 1207.756072893129 443.2259272039348 -22.9542616 -43.1865032 50
1239933805 1298.742687246361 350.697373195971 -22.9550984 -43.1856156 50
1239940009 1223.942177452116 306.9431322535369 -22.9554941 -43.1863453 50
146145256 1532.698016150729 119.1880119082144 -22.9571921 -43.1833333 50
3861275695 1379.191419719909 53.03142268391593 -22.9577904 -43.1848308 50
146145845 1455.56031076606 287.8358973913882 -22.9556669 -43.1840858 50
146145255 1629.66088063486 164.5124075676879 -22.9567822 -43.1823874 50
146145846 1553.56876275081 330.5286252862378 -22.9552808 -43.1831297 50
146145847 1632.982158580726 367.3940888453102 -22.9549474 -43.182355 50
3435152295 1635.903653070875 361.666341357744 -22.9549992 -43.1823265 50
3435152294 1589.94905729141 451.5079404626028 -22.9541867 -43.1827748 50
3435152293 1564.10664462919 500.5255169346364 -22.9537434 -43.1830269 50
5274523429 1568.832290102142 503.4999649539751 -22.9537165 -43.1829808 50
181358847 1327.065807508548 32.00019542231701 -22.9579806 -43.1853393 50
2371414037 1512.380815875502 565.9965456491539 -22.9531513 -43.1835315 50
4017950888 1451.97251051508 464.3677287407377 -22.9540704 -43.1841208 50
418044504 1322.176148310124 550.482974750651 -22.9532916 -43.185387 50
