3507507666 298279060
298279060 3507507684
3507507684 3507507623
3507507684 3507507672
3507507623 3507507012
3507507012 3507507482
3507507482 3507494181
3507507482 3507507473
3507494181 3507507039
3507507039 3507507409
3507507473 3507507442
3507507442 3507494129
3507494129 3507507474
3507507474 417928534
417928534 3507507232
3507507232 3507507687
3507507687 3507507692
3507507672 3507507439
3507507439 3507494119
3507494119 3507507234
3507494119 3507507092
3507494119 3507507264
3507507234 3507507449
3507507264 3507494144
3507494144 3507507646
415263728 3468005782
3468005782 3636018629
3636018629 3468038888
3468038888 415263948
1289339010 1289339106
3468004148 3468004177
3468004148 3468005774
3468004177 3468005722
3468005722 3468004172
3468004172 3468005750
