3507507666 279.367390867319 425.1268081306763 40.8377687 14.2428016 50
298279060 224.5349599264055 437.1657578558229 40.8378765 14.2421527 50
3507507684 207.5587919867551 441.1415149068196 40.8379121 14.2419518 50
3507507623 182.0734149306335 405.7170728605653 40.8375949 14.2416502 50
3507507672 184.5070318376982 487.1307495695117 40.8383239 14.241679 50
3507507012 129.8182518949185 377.5852413620335 40.837343 14.2410318 50
3507507482 75.94067758778215 367.8133665846075 40.8372555 14.2403942 50
3507494181 62.95293735708162 436.7190435806934 40.8378725 14.2402405 50
3507507473 32.21162378598967 365.5239559235921 40.837235 14.2398767 50
3507507039 28.95835118421996 489.4089923753006 40.8383443 14.2398382 50
3507507409 9.354214987286014 489.4089923753006 40.8383443 14.2396062 50
3507507442 101.9415082248898 363.5249095403808 40.8372171 14.2407019 50
3507494129 150.3603446083129 336.5098637300279 40.8369752 14.2412749 50
3507507474 155.2698287161377 279.4309471785264 40.8364641 14.241333 50
417928534 91.69158701483866 319.2220212683803 40.8368204 14.2405806 50
3507507232 61.53332749453762 351.8656669497691 40.8371127 14.2402237 50
3507507687 15.87766030800799 347.1416634870604 40.8370704 14.2396834 50
3507507692 0 346.1923956521438 40.8370619 14.2394955 50
3507507439 164.0409896527671 528.7310164760199 40.8386964 14.2414368 50
3507494119 139.3161178800696 555.1429980146285 40.8389329 14.2411442 50
3507507234 215.0370939412544 590.7126222008503 40.8392514 14.2420403 50
3507507092 9.430265515615019 537.9556662649383 40.838779 14.2396071 50
3507507264 106.8087420392881 589.0151079542217 40.8392362 14.2407595 50
3507507449 197.7651739469466 632.8489462363773 40.8396287 14.2418359 50
3507494144 66.24001019375385 606.6826575496938 40.8393944 14.2402794 50
3507507646 27.82604331780942 603.7008397594927 40.8393677 14.2398248 50
415263728 57.65475054868489 290.8556647745708 40.8365664 14.2401778 50
3468005782 198.5510294064803 173.6601745988403 40.835517 14.2418452 50
3636018629 240.33656970595 153.0331429278826 40.8353323 14.2423397 50
3468038888 222.2618941346572 78.26434106690385 40.8346628 14.2421258 50
415263948 229.8500468522535 5.706774868988134 40.8340131 14.2422156 50
1289339010 198.9566322243692 663.9849312391152 40.8399075 14.24185 50
1289339106 196.717366667389 687.3815914175806 40.840117 14.2418235 50
3468004148 154.9994268375898 4.522982038793941 40.8340025 14.2413298 50
3468004177 203.959066978243 69.43056626987823 40.8345837 14.2419092 50
3468005774 148.9153845695248 0.9492678363373557 40.8339705 14.2412578 50
3468005722 139.3668182322889 91.9561336113793 40.8347854 14.2411448 50
3468004172 84.7456387589109 109.277479642969 40.8349405 14.2404984 50
3468005750 30.88496456922587 120.3559936758413 40.8350397 14.239861 50
