352695135 864.6075863591018 162.4771598882168 35.1746404 136.906166 50
352695144 416.5810052417714 518.3404156429579 35.177848 136.9012477 50
392771655 522.5230815374578 526.2285181132714 35.1779191 136.9024107 50
392771656 535.5586027051634 385.4075832934177 35.1766498 136.9025538 50
392772328 556.5283928700185 136.7271094889639 35.1744083 136.902784 50
410573691 212.9863874275532 360.3342899277717 35.1764238 136.8990127 50
410573693 7.925159616154247 342.5832857745211 35.1762638 136.8967616 50
431188996 841.3695608526011 411.6679750616858 35.1768865 136.9059109 50
431189018 644.7253991198388 395.5367500378666 35.1767411 136.9037522 50
431189100 633.2293629810501 534.6935282195661 35.1779954 136.903626 50
431196549 750.8223348530394 404.3345914712274 35.1768204 136.9049169 50
431196565 738.4062514516164 542.9255563950089 35.1780696 136.9047806 50
431196741 457.6643039595886 26.4711849436998 35.1734145 136.9016987 50
431196833 108.5655774057473 351.9025629542543 35.1763478 136.8978664 50
431196834 95.93086890911502 491.0926242687311 35.1776024 136.8977277 50
552969398 333.1573135231705 221.6434756049529 35.1751737 136.9003319 50
552969417 565.8928343519572 35.72389585787859 35.1734979 136.9028868 50
552969419 440.6297654667786 230.4413170376081 35.175253 136.9015117 50
552969426 674.5495055491133 44.82128548693998 35.1735799 136.9040796 50
552969430 781.9490824633028 53.6413156743094 35.1736594 136.9052586 50
552969432 771.0087184354201 154.333886732337 35.174567 136.9051385 50
552969454 664.6567200946187 146.0241979139828 35.1744921 136.903971 50
552969471 655.7568569344947 248.2034155689215 35.1754131 136.9038733 50
552969505 762.3092616131507 257.1565782881055 35.1754938 136.905043 50
552969515 855.7350513350099 264.3679237248122 35.1755588 136.9060686 50
573399012 30.3069035107618 95.04553286114356 35.1740326 136.8970073 50
573399013 20.86958699476895 196.536899105824 35.1749474 136.8969037 50
573399014 242.2274936122078 8.476104482945999 35.1732523 136.8993337 50
573399016 139.2186373155187 0 35.1731759 136.8982029 50
573399017 351.1483367979598 17.7953816640906 35.1733363 136.9005294 50
573399019 225.2840489061711 213.2894092757585 35.1750984 136.8991477 50
573399020 234.2203495810041 110.9881534663624 35.1741763 136.8992458 50
573399021 121.4189109975888 205.4678730709994 35.1750279 136.8980075 50
573399022 130.2823366406855 103.4883542113124 35.1741087 136.8981048 50
573399023 341.5197233297432 119.0204828458477 35.1742487 136.9004237 50
573399024 320.1309017341421 369.1099426057125 35.1765029 136.9001889 50
573399025 200.7980384976988 500.5339396022158 35.1776875 136.8988789 50
573399026 307.9607715593246 510.3302750195985 35.1777758 136.9000553 50
573399027 448.6095813596325 127.496587328088 35.1743251 136.9015993 50
573399028 548.111326791382 239.0616484304315 35.1753307 136.9026916 50
573399029 428.3047758521289 377.9410671718506 35.1765825 136.9013764 50
573406662 0 195.2166681713874 35.1749355 136.8966746 50
576051281 115.1880958478661 279.2122009483835 35.1756926 136.8979391 50
576051282 219.4722651871944 288.3428737095163 35.1757749 136.8990839 50
576051283 326.2159668227097 295.8537673419235 35.1758426 136.9002557 50
576051304 433.8797157231773 304.5517593769528 35.175921 136.9014376 50
576051305 541.3521676667854 313.8488478019717 35.1760048 136.9026174 50
576051306 650.5918391131972 322.9351430522644 35.1760867 136.9038166 50
576051307 756.7980873951614 331.6664182207766 35.1761654 136.9049825 50
936296479 871.7402300141042 265.7547209248031 35.1755713 136.9062443 50
936296505 857.3383020169861 412.910545352505 35.1768977 136.9060862 50
936296513 881.0409058453015 163.6642582901331 35.1746511 136.9063464 50
1666896776 241.6171652269202 16.3309238204823 35.1733231 136.899327 50
1666896794 350.6473209591179 25.0289158555116 35.1734015 136.9005239 50
1666896812 457.0813037126508 32.95030145930809 35.1734729 136.9016923 50
2389485631 314.5832899991256 433.5238989253005 35.1770835 136.900128 50
2389485632 422.9757892123216 441.7781158561633 35.1771579 136.9013179 50
3737666930 41.75739275152819 96.01074371238808 35.1740413 136.897133 50
6253452857 868.3606504552827 162.7434249497287 35.1746428 136.9062072 50
6253452861 862.8039293415889 264.9781144928647 35.1755643 136.9061462 50
6253452867 865.4001023202536 265.2000020449479 35.1755663 136.9061747 50
7147918945 20.90602451179609 343.7814785545003 35.1762746 136.8969041 50
7147918991 35.84540586478317 197.8682244176177 35.1749594 136.8970681 50
7147918995 43.65214355813214 96.16606499891692 35.1740427 136.8971538 50
7147919044 138.0708555766799 13.27996998233709 35.1732956 136.8981903 50
7147919052 138.5354338984946 7.943574359216484 35.1732475 136.8981954 50
7148016647 241.1434775264281 22.3995483654071 35.1733778 136.8993218 50
7148019697 565.2733965903101 42.41380554821299 35.1735582 136.90288 50
7148019698 673.9391771638258 51.10070320588508 35.1736365 136.9040729 50
7148019699 781.247660291242 60.12043219062339 35.1737178 136.9052509 50
7148019703 350.1280863629214 30.34312272462358 35.1734494 136.9005182 50
7148019749 456.525631601745 39.19643604547599 35.1735292 136.9016862 50
7148019840 564.7632713727909 47.93880559134529 35.173608 136.9028744 50
7148019842 780.6373319059545 65.75637600944457 35.1737686 136.9052442 50
7148019889 673.4017238125924 56.53694822733729 35.1736855 136.904067 50
