352695135 352695144
352695135 392771655
352695135 392771656
352695135 392772328
352695135 410573691
352695135 410573693
352695135 431188996
352695135 431189018
352695135 431189100
352695135 431196549
352695135 431196565
352695135 431196741
352695135 431196833
352695135 431196834
352695135 552969398
352695135 552969417
352695135 552969419
352695135 552969426
352695135 552969430
352695135 552969432
352695135 552969454
352695135 552969471
352695135 552969505
352695135 552969515
352695135 573399012
352695135 573399013
352695135 573399014
352695135 573399016
352695135 573399017
352695135 573399019
352695135 573399020
352695135 573399021
352695135 573399022
352695135 573399023
352695135 573399024
352695135 573399025
352695135 573399026
352695135 573399027
352695135 573399028
352695135 573399029
352695135 573406662
352695135 576051281
352695135 576051282
352695135 576051283
352695135 576051304
352695135 576051305
352695135 576051306
352695135 576051307
352695135 936296479
352695135 936296505
352695135 936296513
352695135 1666896776
352695135 1666896794
352695135 1666896812
352695135 2389485631
352695135 2389485632
352695135 3737666930
352695135 6253452857
352695135 6253452861
352695135 6253452867
352695135 7147918945
352695135 7147918991
352695135 7147918995
352695135 7147919044
352695135 7147919052
352695135 7148016647
352695135 7148019697
352695135 7148019698
352695135 7148019699
352695135 7148019703
352695135 7148019749
352695135 7148019840
352695135 7148019842
352695135 7148019889
352695144 392771655
352695144 392771656
352695144 392772328
352695144 410573691
352695144 410573693
352695144 431188996
352695144 431189018
352695144 431189100
352695144 431196549
352695144 431196565
352695144 431196741
352695144 431196833
352695144 431196834
352695144 552969398
352695144 552969417
352695144 552969419
352695144 552969426
352695144 552969430
352695144 552969432
352695144 552969454
352695144 552969471
352695144 552969505
352695144 552969515
352695144 573399012
352695144 573399013
352695144 573399014
352695144 573399016
352695144 573399017
352695144 573399019
352695144 573399020
352695144 573399021
352695144 573399022
352695144 573399023
352695144 573399024
352695144 573399025
352695144 573399026
352695144 573399027
352695144 573399028
352695144 573399029
352695144 573406662
352695144 576051281
352695144 576051282
352695144 576051283
352695144 576051304
352695144 576051305
352695144 576051306
352695144 576051307
352695144 936296479
352695144 936296505
352695144 936296513
352695144 1666896776
352695144 1666896794
352695144 1666896812
352695144 2389485631
352695144 2389485632
352695144 3737666930
352695144 6253452857
352695144 6253452861
352695144 6253452867
352695144 7147918945
352695144 7147918991
352695144 7147918995
352695144 7147919044
352695144 7147919052
352695144 7148016647
352695144 7148019697
352695144 7148019698
352695144 7148019699
352695144 7148019703
352695144 7148019749
352695144 7148019840
352695144 7148019842
352695144 7148019889
392771655 392771656
392771655 392772328
392771655 410573691
392771655 410573693
392771655 431188996
392771655 431189018
392771655 431189100
392771655 431196549
392771655 431196565
392771655 431196741
392771655 431196833
392771655 431196834
392771655 552969398
392771655 552969417
392771655 552969419
392771655 552969426
392771655 552969430
392771655 552969432
392771655 552969454
392771655 552969471
392771655 552969505
392771655 552969515
392771655 573399012
392771655 573399013
392771655 573399014
392771655 573399016
392771655 573399017
392771655 573399019
392771655 573399020
392771655 573399021
392771655 573399022
392771655 573399023
392771655 573399024
392771655 573399025
392771655 573399026
392771655 573399027
392771655 573399028
392771655 573399029
392771655 573406662
392771655 576051281
392771655 576051282
392771655 576051283
392771655 576051304
392771655 576051305
392771655 576051306
392771655 576051307
392771655 936296479
392771655 936296505
392771655 936296513
392771655 1666896776
392771655 1666896794
392771655 1666896812
392771655 2389485631
392771655 2389485632
392771655 3737666930
392771655 6253452857
392771655 6253452861
392771655 6253452867
392771655 7147918945
392771655 7147918991
392771655 7147918995
392771655 7147919044
392771655 7147919052
392771655 7148016647
392771655 7148019697
392771655 7148019698
392771655 7148019699
392771655 7148019703
392771655 7148019749
392771655 7148019840
392771655 7148019842
392771655 7148019889
392771656 392772328
392771656 410573691
392771656 410573693
392771656 431188996
392771656 431189018
392771656 431189100
392771656 431196549
392771656 431196565
392771656 431196741
392771656 431196833
392771656 431196834
392771656 552969398
392771656 552969417
392771656 552969419
392771656 552969426
392771656 552969430
392771656 552969432
392771656 552969454
392771656 552969471
392771656 552969505
392771656 552969515
392771656 573399012
392771656 573399013
392771656 573399014
392771656 573399016
392771656 573399017
392771656 573399019
392771656 573399020
392771656 573399021
392771656 573399022
392771656 573399023
392771656 573399024
392771656 573399025
392771656 573399026
392771656 573399027
392771656 573399028
392771656 573399029
392771656 573406662
392771656 576051281
392771656 576051282
392771656 576051283
392771656 576051304
392771656 576051305
392771656 576051306
392771656 576051307
392771656 936296479
392771656 936296505
392771656 936296513
392771656 1666896776
392771656 1666896794
392771656 1666896812
392771656 2389485631
392771656 2389485632
392771656 3737666930
392771656 6253452857
392771656 6253452861
392771656 6253452867
392771656 7147918945
392771656 7147918991
392771656 7147918995
392771656 7147919044
392771656 7147919052
392771656 7148016647
392771656 7148019697
392771656 7148019698
392771656 7148019699
392771656 7148019703
392771656 7148019749
392771656 7148019840
392771656 7148019842
392771656 7148019889
392772328 410573691
392772328 410573693
392772328 431188996
392772328 431189018
392772328 431189100
392772328 431196549
392772328 431196565
392772328 431196741
392772328 431196833
392772328 431196834
392772328 552969398
392772328 552969417
392772328 552969419
392772328 552969426
392772328 552969430
392772328 552969432
392772328 552969454
392772328 552969471
392772328 552969505
392772328 552969515
392772328 573399012
392772328 573399013
392772328 573399014
392772328 573399016
392772328 573399017
392772328 573399019
392772328 573399020
392772328 573399021
392772328 573399022
392772328 573399023
392772328 573399024
392772328 573399025
392772328 573399026
392772328 573399027
392772328 573399028
392772328 573399029
392772328 573406662
392772328 576051281
392772328 576051282
392772328 576051283
392772328 576051304
392772328 576051305
392772328 576051306
392772328 576051307
392772328 936296479
392772328 936296505
392772328 936296513
392772328 1666896776
392772328 1666896794
392772328 1666896812
392772328 2389485631
392772328 2389485632
392772328 3737666930
392772328 6253452857
392772328 6253452861
392772328 6253452867
392772328 7147918945
392772328 7147918991
392772328 7147918995
392772328 7147919044
392772328 7147919052
392772328 7148016647
392772328 7148019697
392772328 7148019698
392772328 7148019699
392772328 7148019703
392772328 7148019749
392772328 7148019840
392772328 7148019842
392772328 7148019889
410573691 410573693
410573691 431188996
410573691 431189018
410573691 431189100
410573691 431196549
410573691 431196565
410573691 431196741
410573691 431196833
410573691 431196834
410573691 552969398
410573691 552969417
410573691 552969419
410573691 552969426
410573691 552969430
410573691 552969432
410573691 552969454
410573691 552969471
410573691 552969505
410573691 552969515
410573691 573399012
410573691 573399013
410573691 573399014
410573691 573399016
410573691 573399017
410573691 573399019
410573691 573399020
410573691 573399021
410573691 573399022
410573691 573399023
410573691 573399024
410573691 573399025
410573691 573399026
410573691 573399027
410573691 573399028
410573691 573399029
410573691 573406662
410573691 576051281
410573691 576051282
410573691 576051283
410573691 576051304
410573691 576051305
410573691 576051306
410573691 576051307
410573691 936296479
410573691 936296505
410573691 936296513
410573691 1666896776
410573691 1666896794
410573691 1666896812
410573691 2389485631
410573691 2389485632
410573691 3737666930
410573691 6253452857
410573691 6253452861
410573691 6253452867
410573691 7147918945
410573691 7147918991
410573691 7147918995
410573691 7147919044
410573691 7147919052
410573691 7148016647
410573691 7148019697
410573691 7148019698
410573691 7148019699
410573691 7148019703
410573691 7148019749
410573691 7148019840
410573691 7148019842
410573691 7148019889
410573693 431188996
410573693 431189018
410573693 431189100
410573693 431196549
410573693 431196565
410573693 431196741
410573693 431196833
410573693 431196834
410573693 552969398
410573693 552969417
410573693 552969419
410573693 552969426
410573693 552969430
410573693 552969432
410573693 552969454
410573693 552969471
410573693 552969505
410573693 552969515
410573693 573399012
410573693 573399013
410573693 573399014
410573693 573399016
410573693 573399017
410573693 573399019
410573693 573399020
410573693 573399021
410573693 573399022
410573693 573399023
410573693 573399024
410573693 573399025
410573693 573399026
410573693 573399027
410573693 573399028
410573693 573399029
410573693 573406662
410573693 576051281
410573693 576051282
410573693 576051283
410573693 576051304
410573693 576051305
410573693 576051306
410573693 576051307
410573693 936296479
410573693 936296505
410573693 936296513
410573693 1666896776
410573693 1666896794
410573693 1666896812
410573693 2389485631
410573693 2389485632
410573693 3737666930
410573693 6253452857
410573693 6253452861
410573693 6253452867
410573693 7147918945
410573693 7147918991
410573693 7147918995
410573693 7147919044
410573693 7147919052
410573693 7148016647
410573693 7148019697
410573693 7148019698
410573693 7148019699
410573693 7148019703
410573693 7148019749
410573693 7148019840
410573693 7148019842
410573693 7148019889
431188996 431189018
431188996 431189100
431188996 431196549
431188996 431196565
431188996 431196741
431188996 431196833
431188996 431196834
431188996 552969398
431188996 552969417
431188996 552969419
431188996 552969426
431188996 552969430
431188996 552969432
431188996 552969454
431188996 552969471
431188996 552969505
431188996 552969515
431188996 573399012
431188996 573399013
431188996 573399014
431188996 573399016
431188996 573399017
431188996 573399019
431188996 573399020
431188996 573399021
431188996 573399022
431188996 573399023
431188996 573399024
431188996 573399025
431188996 573399026
431188996 573399027
431188996 573399028
431188996 573399029
431188996 573406662
431188996 576051281
431188996 576051282
431188996 576051283
431188996 576051304
431188996 576051305
431188996 576051306
431188996 576051307
431188996 936296479
431188996 936296505
431188996 936296513
431188996 1666896776
431188996 1666896794
431188996 1666896812
431188996 2389485631
431188996 2389485632
431188996 3737666930
431188996 6253452857
431188996 6253452861
431188996 6253452867
431188996 7147918945
431188996 7147918991
431188996 7147918995
431188996 7147919044
431188996 7147919052
431188996 7148016647
431188996 7148019697
431188996 7148019698
431188996 7148019699
431188996 7148019703
431188996 7148019749
431188996 7148019840
431188996 7148019842
431188996 7148019889
431189018 431189100
431189018 431196549
431189018 431196565
431189018 431196741
431189018 431196833
431189018 431196834
431189018 552969398
431189018 552969417
431189018 552969419
431189018 552969426
431189018 552969430
431189018 552969432
431189018 552969454
431189018 552969471
431189018 552969505
431189018 552969515
431189018 573399012
431189018 573399013
431189018 573399014
431189018 573399016
431189018 573399017
431189018 573399019
431189018 573399020
431189018 573399021
431189018 573399022
431189018 573399023
431189018 573399024
431189018 573399025
431189018 573399026
431189018 573399027
431189018 573399028
431189018 573399029
431189018 573406662
431189018 576051281
431189018 576051282
431189018 576051283
431189018 576051304
431189018 576051305
431189018 576051306
431189018 576051307
431189018 936296479
431189018 936296505
431189018 936296513
431189018 1666896776
431189018 1666896794
431189018 1666896812
431189018 2389485631
431189018 2389485632
431189018 3737666930
431189018 6253452857
431189018 6253452861
431189018 6253452867
431189018 7147918945
431189018 7147918991
431189018 7147918995
431189018 7147919044
431189018 7147919052
431189018 7148016647
431189018 7148019697
431189018 7148019698
431189018 7148019699
431189018 7148019703
431189018 7148019749
431189018 7148019840
431189018 7148019842
431189018 7148019889
431189100 431196549
431189100 431196565
431189100 431196741
431189100 431196833
431189100 431196834
431189100 552969398
431189100 552969417
431189100 552969419
431189100 552969426
431189100 552969430
431189100 552969432
431189100 552969454
431189100 552969471
431189100 552969505
431189100 552969515
431189100 573399012
431189100 573399013
431189100 573399014
431189100 573399016
431189100 573399017
431189100 573399019
431189100 573399020
431189100 573399021
431189100 573399022
431189100 573399023
431189100 573399024
431189100 573399025
431189100 573399026
431189100 573399027
431189100 573399028
431189100 573399029
431189100 573406662
431189100 576051281
431189100 576051282
431189100 576051283
431189100 576051304
431189100 576051305
431189100 576051306
431189100 576051307
431189100 936296479
431189100 936296505
431189100 936296513
431189100 1666896776
431189100 1666896794
431189100 1666896812
431189100 2389485631
431189100 2389485632
431189100 3737666930
431189100 6253452857
431189100 6253452861
431189100 6253452867
431189100 7147918945
431189100 7147918991
431189100 7147918995
431189100 7147919044
431189100 7147919052
431189100 7148016647
431189100 7148019697
431189100 7148019698
431189100 7148019699
431189100 7148019703
431189100 7148019749
431189100 7148019840
431189100 7148019842
431189100 7148019889
431196549 431196565
431196549 431196741
431196549 431196833
431196549 431196834
431196549 552969398
431196549 552969417
431196549 552969419
431196549 552969426
431196549 552969430
431196549 552969432
431196549 552969454
431196549 552969471
431196549 552969505
431196549 552969515
431196549 573399012
431196549 573399013
431196549 573399014
431196549 573399016
431196549 573399017
431196549 573399019
431196549 573399020
431196549 573399021
431196549 573399022
431196549 573399023
431196549 573399024
431196549 573399025
431196549 573399026
431196549 573399027
431196549 573399028
431196549 573399029
431196549 573406662
431196549 576051281
431196549 576051282
431196549 576051283
431196549 576051304
431196549 576051305
431196549 576051306
431196549 576051307
431196549 936296479
431196549 936296505
431196549 936296513
431196549 1666896776
431196549 1666896794
431196549 1666896812
431196549 2389485631
431196549 2389485632
431196549 3737666930
431196549 6253452857
431196549 6253452861
431196549 6253452867
431196549 7147918945
431196549 7147918991
431196549 7147918995
431196549 7147919044
431196549 7147919052
431196549 7148016647
431196549 7148019697
431196549 7148019698
431196549 7148019699
431196549 7148019703
431196549 7148019749
431196549 7148019840
431196549 7148019842
431196549 7148019889
431196565 431196741
431196565 431196833
431196565 431196834
431196565 552969398
431196565 552969417
431196565 552969419
431196565 552969426
431196565 552969430
431196565 552969432
431196565 552969454
431196565 552969471
431196565 552969505
431196565 552969515
431196565 573399012
431196565 573399013
431196565 573399014
431196565 573399016
431196565 573399017
431196565 573399019
431196565 573399020
431196565 573399021
431196565 573399022
431196565 573399023
431196565 573399024
431196565 573399025
431196565 573399026
431196565 573399027
431196565 573399028
431196565 573399029
431196565 573406662
431196565 576051281
431196565 576051282
431196565 576051283
431196565 576051304
431196565 576051305
431196565 576051306
431196565 576051307
431196565 936296479
431196565 936296505
431196565 936296513
431196565 1666896776
431196565 1666896794
431196565 1666896812
431196565 2389485631
431196565 2389485632
431196565 3737666930
431196565 6253452857
431196565 6253452861
431196565 6253452867
431196565 7147918945
431196565 7147918991
431196565 7147918995
431196565 7147919044
431196565 7147919052
431196565 7148016647
431196565 7148019697
431196565 7148019698
431196565 7148019699
431196565 7148019703
431196565 7148019749
431196565 7148019840
431196565 7148019842
431196565 7148019889
431196741 431196833
431196741 431196834
431196741 552969398
431196741 552969417
431196741 552969419
431196741 552969426
431196741 552969430
431196741 552969432
431196741 552969454
431196741 552969471
431196741 552969505
431196741 552969515
431196741 573399012
431196741 573399013
431196741 573399014
431196741 573399016
431196741 573399017
431196741 573399019
431196741 573399020
431196741 573399021
431196741 573399022
431196741 573399023
431196741 573399024
431196741 573399025
431196741 573399026
431196741 573399027
431196741 573399028
431196741 573399029
431196741 573406662
431196741 576051281
431196741 576051282
431196741 576051283
431196741 576051304
431196741 576051305
431196741 576051306
431196741 576051307
431196741 936296479
431196741 936296505
431196741 936296513
431196741 1666896776
431196741 1666896794
431196741 1666896812
431196741 2389485631
431196741 2389485632
431196741 3737666930
431196741 6253452857
431196741 6253452861
431196741 6253452867
431196741 7147918945
431196741 7147918991
431196741 7147918995
431196741 7147919044
431196741 7147919052
431196741 7148016647
431196741 7148019697
431196741 7148019698
431196741 7148019699
431196741 7148019703
431196741 7148019749
431196741 7148019840
431196741 7148019842
431196741 7148019889
431196833 431196834
431196833 552969398
431196833 552969417
431196833 552969419
431196833 552969426
431196833 552969430
431196833 552969432
431196833 552969454
431196833 552969471
431196833 552969505
431196833 552969515
431196833 573399012
431196833 573399013
431196833 573399014
431196833 573399016
431196833 573399017
431196833 573399019
431196833 573399020
431196833 573399021
431196833 573399022
431196833 573399023
431196833 573399024
431196833 573399025
431196833 573399026
431196833 573399027
431196833 573399028
431196833 573399029
431196833 573406662
431196833 576051281
431196833 576051282
431196833 576051283
431196833 576051304
431196833 576051305
431196833 576051306
431196833 576051307
431196833 936296479
431196833 936296505
431196833 936296513
431196833 1666896776
431196833 1666896794
431196833 1666896812
431196833 2389485631
431196833 2389485632
431196833 3737666930
431196833 6253452857
431196833 6253452861
431196833 6253452867
431196833 7147918945
431196833 7147918991
431196833 7147918995
431196833 7147919044
431196833 7147919052
431196833 7148016647
431196833 7148019697
431196833 7148019698
431196833 7148019699
431196833 7148019703
431196833 7148019749
431196833 7148019840
431196833 7148019842
431196833 7148019889
431196834 552969398
431196834 552969417
431196834 552969419
431196834 552969426
431196834 552969430
431196834 552969432
431196834 552969454
431196834 552969471
431196834 552969505
431196834 552969515
431196834 573399012
431196834 573399013
431196834 573399014
431196834 573399016
431196834 573399017
431196834 573399019
431196834 573399020
431196834 573399021
431196834 573399022
431196834 573399023
431196834 573399024
431196834 573399025
431196834 573399026
431196834 573399027
431196834 573399028
431196834 573399029
431196834 573406662
431196834 576051281
431196834 576051282
431196834 576051283
431196834 576051304
431196834 576051305
431196834 576051306
431196834 576051307
431196834 936296479
431196834 936296505
431196834 936296513
431196834 1666896776
431196834 1666896794
431196834 1666896812
431196834 2389485631
431196834 2389485632
431196834 3737666930
431196834 6253452857
431196834 6253452861
431196834 6253452867
431196834 7147918945
431196834 7147918991
431196834 7147918995
431196834 7147919044
431196834 7147919052
431196834 7148016647
431196834 7148019697
431196834 7148019698
431196834 7148019699
431196834 7148019703
431196834 7148019749
431196834 7148019840
431196834 7148019842
431196834 7148019889
552969398 552969417
552969398 552969419
552969398 552969426
552969398 552969430
552969398 552969432
552969398 552969454
552969398 552969471
552969398 552969505
552969398 552969515
552969398 573399012
552969398 573399013
552969398 573399014
552969398 573399016
552969398 573399017
552969398 573399019
552969398 573399020
552969398 573399021
552969398 573399022
552969398 573399023
552969398 573399024
552969398 573399025
552969398 573399026
552969398 573399027
552969398 573399028
552969398 573399029
552969398 573406662
552969398 576051281
552969398 576051282
552969398 576051283
552969398 576051304
552969398 576051305
552969398 576051306
552969398 576051307
552969398 936296479
552969398 936296505
552969398 936296513
552969398 1666896776
552969398 1666896794
552969398 1666896812
552969398 2389485631
552969398 2389485632
552969398 3737666930
552969398 6253452857
552969398 6253452861
552969398 6253452867
552969398 7147918945
552969398 7147918991
552969398 7147918995
552969398 7147919044
552969398 7147919052
552969398 7148016647
552969398 7148019697
552969398 7148019698
552969398 7148019699
552969398 7148019703
552969398 7148019749
552969398 7148019840
552969398 7148019842
552969398 7148019889
552969417 552969419
552969417 552969426
552969417 552969430
552969417 552969432
552969417 552969454
552969417 552969471
552969417 552969505
552969417 552969515
552969417 573399012
552969417 573399013
552969417 573399014
552969417 573399016
552969417 573399017
552969417 573399019
552969417 573399020
552969417 573399021
552969417 573399022
552969417 573399023
552969417 573399024
552969417 573399025
552969417 573399026
552969417 573399027
552969417 573399028
552969417 573399029
552969417 573406662
552969417 576051281
552969417 576051282
552969417 576051283
552969417 576051304
552969417 576051305
552969417 576051306
552969417 576051307
552969417 936296479
552969417 936296505
552969417 936296513
552969417 1666896776
552969417 1666896794
552969417 1666896812
552969417 2389485631
552969417 2389485632
552969417 3737666930
552969417 6253452857
552969417 6253452861
552969417 6253452867
552969417 7147918945
552969417 7147918991
552969417 7147918995
552969417 7147919044
552969417 7147919052
552969417 7148016647
552969417 7148019697
552969417 7148019698
552969417 7148019699
552969417 7148019703
552969417 7148019749
552969417 7148019840
552969417 7148019842
552969417 7148019889
552969419 552969426
552969419 552969430
552969419 552969432
552969419 552969454
552969419 552969471
552969419 552969505
552969419 552969515
552969419 573399012
552969419 573399013
552969419 573399014
552969419 573399016
552969419 573399017
552969419 573399019
552969419 573399020
552969419 573399021
552969419 573399022
552969419 573399023
552969419 573399024
552969419 573399025
552969419 573399026
552969419 573399027
552969419 573399028
552969419 573399029
552969419 573406662
552969419 576051281
552969419 576051282
552969419 576051283
552969419 576051304
552969419 576051305
552969419 576051306
552969419 576051307
552969419 936296479
552969419 936296505
552969419 936296513
552969419 1666896776
552969419 1666896794
552969419 1666896812
552969419 2389485631
552969419 2389485632
552969419 3737666930
552969419 6253452857
552969419 6253452861
552969419 6253452867
552969419 7147918945
552969419 7147918991
552969419 7147918995
552969419 7147919044
552969419 7147919052
552969419 7148016647
552969419 7148019697
552969419 7148019698
552969419 7148019699
552969419 7148019703
552969419 7148019749
552969419 7148019840
552969419 7148019842
552969419 7148019889
552969426 552969430
552969426 552969432
552969426 552969454
552969426 552969471
552969426 552969505
552969426 552969515
552969426 573399012
552969426 573399013
552969426 573399014
552969426 573399016
552969426 573399017
552969426 573399019
552969426 573399020
552969426 573399021
552969426 573399022
552969426 573399023
552969426 573399024
552969426 573399025
552969426 573399026
552969426 573399027
552969426 573399028
552969426 573399029
552969426 573406662
552969426 576051281
552969426 576051282
552969426 576051283
552969426 576051304
552969426 576051305
552969426 576051306
552969426 576051307
552969426 936296479
552969426 936296505
552969426 936296513
552969426 1666896776
552969426 1666896794
552969426 1666896812
552969426 2389485631
552969426 2389485632
552969426 3737666930
552969426 6253452857
552969426 6253452861
552969426 6253452867
552969426 7147918945
552969426 7147918991
552969426 7147918995
552969426 7147919044
552969426 7147919052
552969426 7148016647
552969426 7148019697
552969426 7148019698
552969426 7148019699
552969426 7148019703
552969426 7148019749
552969426 7148019840
552969426 7148019842
552969426 7148019889
552969430 552969432
552969430 552969454
552969430 552969471
552969430 552969505
552969430 552969515
552969430 573399012
552969430 573399013
552969430 573399014
552969430 573399016
552969430 573399017
552969430 573399019
552969430 573399020
552969430 573399021
552969430 573399022
552969430 573399023
552969430 573399024
552969430 573399025
552969430 573399026
552969430 573399027
552969430 573399028
552969430 573399029
552969430 573406662
552969430 576051281
552969430 576051282
552969430 576051283
552969430 576051304
552969430 576051305
552969430 576051306
552969430 576051307
552969430 936296479
552969430 936296505
552969430 936296513
552969430 1666896776
552969430 1666896794
552969430 1666896812
552969430 2389485631
552969430 2389485632
552969430 3737666930
552969430 6253452857
552969430 6253452861
552969430 6253452867
552969430 7147918945
552969430 7147918991
552969430 7147918995
552969430 7147919044
552969430 7147919052
552969430 7148016647
552969430 7148019697
552969430 7148019698
552969430 7148019699
552969430 7148019703
552969430 7148019749
552969430 7148019840
552969430 7148019842
552969430 7148019889
552969432 552969454
552969432 552969471
552969432 552969505
552969432 552969515
552969432 573399012
552969432 573399013
552969432 573399014
552969432 573399016
552969432 573399017
552969432 573399019
552969432 573399020
552969432 573399021
552969432 573399022
552969432 573399023
552969432 573399024
552969432 573399025
552969432 573399026
552969432 573399027
552969432 573399028
552969432 573399029
552969432 573406662
552969432 576051281
552969432 576051282
552969432 576051283
552969432 576051304
552969432 576051305
552969432 576051306
552969432 576051307
552969432 936296479
552969432 936296505
552969432 936296513
552969432 1666896776
552969432 1666896794
552969432 1666896812
552969432 2389485631
552969432 2389485632
552969432 3737666930
552969432 6253452857
552969432 6253452861
552969432 6253452867
552969432 7147918945
552969432 7147918991
552969432 7147918995
552969432 7147919044
552969432 7147919052
552969432 7148016647
552969432 7148019697
552969432 7148019698
552969432 7148019699
552969432 7148019703
552969432 7148019749
552969432 7148019840
552969432 7148019842
552969432 7148019889
552969454 552969471
552969454 552969505
552969454 552969515
552969454 573399012
552969454 573399013
552969454 573399014
552969454 573399016
552969454 573399017
552969454 573399019
552969454 573399020
552969454 573399021
552969454 573399022
552969454 573399023
552969454 573399024
552969454 573399025
552969454 573399026
552969454 573399027
552969454 573399028
552969454 573399029
552969454 573406662
552969454 576051281
552969454 576051282
552969454 576051283
552969454 576051304
552969454 576051305
552969454 576051306
552969454 576051307
552969454 936296479
552969454 936296505
552969454 936296513
552969454 1666896776
552969454 1666896794
552969454 1666896812
552969454 2389485631
552969454 2389485632
552969454 3737666930
552969454 6253452857
552969454 6253452861
552969454 6253452867
552969454 7147918945
552969454 7147918991
552969454 7147918995
552969454 7147919044
552969454 7147919052
552969454 7148016647
552969454 7148019697
552969454 7148019698
552969454 7148019699
552969454 7148019703
552969454 7148019749
552969454 7148019840
552969454 7148019842
552969454 7148019889
552969471 552969505
552969471 552969515
552969471 573399012
552969471 573399013
552969471 573399014
552969471 573399016
552969471 573399017
552969471 573399019
552969471 573399020
552969471 573399021
552969471 573399022
552969471 573399023
552969471 573399024
552969471 573399025
552969471 573399026
552969471 573399027
552969471 573399028
552969471 573399029
552969471 573406662
552969471 576051281
552969471 576051282
552969471 576051283
552969471 576051304
552969471 576051305
552969471 576051306
552969471 576051307
552969471 936296479
552969471 936296505
552969471 936296513
552969471 1666896776
552969471 1666896794
552969471 1666896812
552969471 2389485631
552969471 2389485632
552969471 3737666930
552969471 6253452857
552969471 6253452861
552969471 6253452867
552969471 7147918945
552969471 7147918991
552969471 7147918995
552969471 7147919044
552969471 7147919052
552969471 7148016647
552969471 7148019697
552969471 7148019698
552969471 7148019699
552969471 7148019703
552969471 7148019749
552969471 7148019840
552969471 7148019842
552969471 7148019889
552969505 552969515
552969505 573399012
552969505 573399013
552969505 573399014
552969505 573399016
552969505 573399017
552969505 573399019
552969505 573399020
552969505 573399021
552969505 573399022
552969505 573399023
552969505 573399024
552969505 573399025
552969505 573399026
552969505 573399027
552969505 573399028
552969505 573399029
552969505 573406662
552969505 576051281
552969505 576051282
552969505 576051283
552969505 576051304
552969505 576051305
552969505 576051306
552969505 576051307
552969505 936296479
552969505 936296505
552969505 936296513
552969505 1666896776
552969505 1666896794
552969505 1666896812
552969505 2389485631
552969505 2389485632
552969505 3737666930
552969505 6253452857
552969505 6253452861
552969505 6253452867
552969505 7147918945
552969505 7147918991
552969505 7147918995
552969505 7147919044
552969505 7147919052
552969505 7148016647
552969505 7148019697
552969505 7148019698
552969505 7148019699
552969505 7148019703
552969505 7148019749
552969505 7148019840
552969505 7148019842
552969505 7148019889
552969515 573399012
552969515 573399013
552969515 573399014
552969515 573399016
552969515 573399017
552969515 573399019
552969515 573399020
552969515 573399021
552969515 573399022
552969515 573399023
552969515 573399024
552969515 573399025
552969515 573399026
552969515 573399027
552969515 573399028
552969515 573399029
552969515 573406662
552969515 576051281
552969515 576051282
552969515 576051283
552969515 576051304
552969515 576051305
552969515 576051306
552969515 576051307
552969515 936296479
552969515 936296505
552969515 936296513
552969515 1666896776
552969515 1666896794
552969515 1666896812
552969515 2389485631
552969515 2389485632
552969515 3737666930
552969515 6253452857
552969515 6253452861
552969515 6253452867
552969515 7147918945
552969515 7147918991
552969515 7147918995
552969515 7147919044
552969515 7147919052
552969515 7148016647
552969515 7148019697
552969515 7148019698
552969515 7148019699
552969515 7148019703
552969515 7148019749
552969515 7148019840
552969515 7148019842
552969515 7148019889
573399012 573399013
573399012 573399014
573399012 573399016
573399012 573399017
573399012 573399019
573399012 573399020
573399012 573399021
573399012 573399022
573399012 573399023
573399012 573399024
573399012 573399025
573399012 573399026
573399012 573399027
573399012 573399028
573399012 573399029
573399012 573406662
573399012 576051281
573399012 576051282
573399012 576051283
573399012 576051304
573399012 576051305
573399012 576051306
573399012 576051307
573399012 936296479
573399012 936296505
573399012 936296513
573399012 1666896776
573399012 1666896794
573399012 1666896812
573399012 2389485631
573399012 2389485632
573399012 3737666930
573399012 6253452857
573399012 6253452861
573399012 6253452867
573399012 7147918945
573399012 7147918991
573399012 7147918995
573399012 7147919044
573399012 7147919052
573399012 7148016647
573399012 7148019697
573399012 7148019698
573399012 7148019699
573399012 7148019703
573399012 7148019749
573399012 7148019840
573399012 7148019842
573399012 7148019889
573399013 573399014
573399013 573399016
573399013 573399017
573399013 573399019
573399013 573399020
573399013 573399021
573399013 573399022
573399013 573399023
573399013 573399024
573399013 573399025
573399013 573399026
573399013 573399027
573399013 573399028
573399013 573399029
573399013 573406662
573399013 576051281
573399013 576051282
573399013 576051283
573399013 576051304
573399013 576051305
573399013 576051306
573399013 576051307
573399013 936296479
573399013 936296505
573399013 936296513
573399013 1666896776
573399013 1666896794
573399013 1666896812
573399013 2389485631
573399013 2389485632
573399013 3737666930
573399013 6253452857
573399013 6253452861
573399013 6253452867
573399013 7147918945
573399013 7147918991
573399013 7147918995
573399013 7147919044
573399013 7147919052
573399013 7148016647
573399013 7148019697
573399013 7148019698
573399013 7148019699
573399013 7148019703
573399013 7148019749
573399013 7148019840
573399013 7148019842
573399013 7148019889
573399014 573399016
573399014 573399017
573399014 573399019
573399014 573399020
573399014 573399021
573399014 573399022
573399014 573399023
573399014 573399024
573399014 573399025
573399014 573399026
573399014 573399027
573399014 573399028
573399014 573399029
573399014 573406662
573399014 576051281
573399014 576051282
573399014 576051283
573399014 576051304
573399014 576051305
573399014 576051306
573399014 576051307
573399014 936296479
573399014 936296505
573399014 936296513
573399014 1666896776
573399014 1666896794
573399014 1666896812
573399014 2389485631
573399014 2389485632
573399014 3737666930
573399014 6253452857
573399014 6253452861
573399014 6253452867
573399014 7147918945
573399014 7147918991
573399014 7147918995
573399014 7147919044
573399014 7147919052
573399014 7148016647
573399014 7148019697
573399014 7148019698
573399014 7148019699
573399014 7148019703
573399014 7148019749
573399014 7148019840
573399014 7148019842
573399014 7148019889
573399016 573399017
573399016 573399019
573399016 573399020
573399016 573399021
573399016 573399022
573399016 573399023
573399016 573399024
573399016 573399025
573399016 573399026
573399016 573399027
573399016 573399028
573399016 573399029
573399016 573406662
573399016 576051281
573399016 576051282
573399016 576051283
573399016 576051304
573399016 576051305
573399016 576051306
573399016 576051307
573399016 936296479
573399016 936296505
573399016 936296513
573399016 1666896776
573399016 1666896794
573399016 1666896812
573399016 2389485631
573399016 2389485632
573399016 3737666930
573399016 6253452857
573399016 6253452861
573399016 6253452867
573399016 7147918945
573399016 7147918991
573399016 7147918995
573399016 7147919044
573399016 7147919052
573399016 7148016647
573399016 7148019697
573399016 7148019698
573399016 7148019699
573399016 7148019703
573399016 7148019749
573399016 7148019840
573399016 7148019842
573399016 7148019889
573399017 573399019
573399017 573399020
573399017 573399021
573399017 573399022
573399017 573399023
573399017 573399024
573399017 573399025
573399017 573399026
573399017 573399027
573399017 573399028
573399017 573399029
573399017 573406662
573399017 576051281
573399017 576051282
573399017 576051283
573399017 576051304
573399017 576051305
573399017 576051306
573399017 576051307
573399017 936296479
573399017 936296505
573399017 936296513
573399017 1666896776
573399017 1666896794
573399017 1666896812
573399017 2389485631
573399017 2389485632
573399017 3737666930
573399017 6253452857
573399017 6253452861
573399017 6253452867
573399017 7147918945
573399017 7147918991
573399017 7147918995
573399017 7147919044
573399017 7147919052
573399017 7148016647
573399017 7148019697
573399017 7148019698
573399017 7148019699
573399017 7148019703
573399017 7148019749
573399017 7148019840
573399017 7148019842
573399017 7148019889
573399019 573399020
573399019 573399021
573399019 573399022
573399019 573399023
573399019 573399024
573399019 573399025
573399019 573399026
573399019 573399027
573399019 573399028
573399019 573399029
573399019 573406662
573399019 576051281
573399019 576051282
573399019 576051283
573399019 576051304
573399019 576051305
573399019 576051306
573399019 576051307
573399019 936296479
573399019 936296505
573399019 936296513
573399019 1666896776
573399019 1666896794
573399019 1666896812
573399019 2389485631
573399019 2389485632
573399019 3737666930
573399019 6253452857
573399019 6253452861
573399019 6253452867
573399019 7147918945
573399019 7147918991
573399019 7147918995
573399019 7147919044
573399019 7147919052
573399019 7148016647
573399019 7148019697
573399019 7148019698
573399019 7148019699
573399019 7148019703
573399019 7148019749
573399019 7148019840
573399019 7148019842
573399019 7148019889
573399020 573399021
573399020 573399022
573399020 573399023
573399020 573399024
573399020 573399025
573399020 573399026
573399020 573399027
573399020 573399028
573399020 573399029
573399020 573406662
573399020 576051281
573399020 576051282
573399020 576051283
573399020 576051304
573399020 576051305
573399020 576051306
573399020 576051307
573399020 936296479
573399020 936296505
573399020 936296513
573399020 1666896776
573399020 1666896794
573399020 1666896812
573399020 2389485631
573399020 2389485632
573399020 3737666930
573399020 6253452857
573399020 6253452861
573399020 6253452867
573399020 7147918945
573399020 7147918991
573399020 7147918995
573399020 7147919044
573399020 7147919052
573399020 7148016647
573399020 7148019697
573399020 7148019698
573399020 7148019699
573399020 7148019703
573399020 7148019749
573399020 7148019840
573399020 7148019842
573399020 7148019889
573399021 573399022
573399021 573399023
573399021 573399024
573399021 573399025
573399021 573399026
573399021 573399027
573399021 573399028
573399021 573399029
573399021 573406662
573399021 576051281
573399021 576051282
573399021 576051283
573399021 576051304
573399021 576051305
573399021 576051306
573399021 576051307
573399021 936296479
573399021 936296505
573399021 936296513
573399021 1666896776
573399021 1666896794
573399021 1666896812
573399021 2389485631
573399021 2389485632
573399021 3737666930
573399021 6253452857
573399021 6253452861
573399021 6253452867
573399021 7147918945
573399021 7147918991
573399021 7147918995
573399021 7147919044
573399021 7147919052
573399021 7148016647
573399021 7148019697
573399021 7148019698
573399021 7148019699
573399021 7148019703
573399021 7148019749
573399021 7148019840
573399021 7148019842
573399021 7148019889
573399022 573399023
573399022 573399024
573399022 573399025
573399022 573399026
573399022 573399027
573399022 573399028
573399022 573399029
573399022 573406662
573399022 576051281
573399022 576051282
573399022 576051283
573399022 576051304
573399022 576051305
573399022 576051306
573399022 576051307
573399022 936296479
573399022 936296505
573399022 936296513
573399022 1666896776
573399022 1666896794
573399022 1666896812
573399022 2389485631
573399022 2389485632
573399022 3737666930
573399022 6253452857
573399022 6253452861
573399022 6253452867
573399022 7147918945
573399022 7147918991
573399022 7147918995
573399022 7147919044
573399022 7147919052
573399022 7148016647
573399022 7148019697
573399022 7148019698
573399022 7148019699
573399022 7148019703
573399022 7148019749
573399022 7148019840
573399022 7148019842
573399022 7148019889
573399023 573399024
573399023 573399025
573399023 573399026
573399023 573399027
573399023 573399028
573399023 573399029
573399023 573406662
573399023 576051281
573399023 576051282
573399023 576051283
573399023 576051304
573399023 576051305
573399023 576051306
573399023 576051307
573399023 936296479
573399023 936296505
573399023 936296513
573399023 1666896776
573399023 1666896794
573399023 1666896812
573399023 2389485631
573399023 2389485632
573399023 3737666930
573399023 6253452857
573399023 6253452861
573399023 6253452867
573399023 7147918945
573399023 7147918991
573399023 7147918995
573399023 7147919044
573399023 7147919052
573399023 7148016647
573399023 7148019697
573399023 7148019698
573399023 7148019699
573399023 7148019703
573399023 7148019749
573399023 7148019840
573399023 7148019842
573399023 7148019889
573399024 573399025
573399024 573399026
573399024 573399027
573399024 573399028
573399024 573399029
573399024 573406662
573399024 576051281
573399024 576051282
573399024 576051283
573399024 576051304
573399024 576051305
573399024 576051306
573399024 576051307
573399024 936296479
573399024 936296505
573399024 936296513
573399024 1666896776
573399024 1666896794
573399024 1666896812
573399024 2389485631
573399024 2389485632
573399024 3737666930
573399024 6253452857
573399024 6253452861
573399024 6253452867
573399024 7147918945
573399024 7147918991
573399024 7147918995
573399024 7147919044
573399024 7147919052
573399024 7148016647
573399024 7148019697
573399024 7148019698
573399024 7148019699
573399024 7148019703
573399024 7148019749
573399024 7148019840
573399024 7148019842
573399024 7148019889
573399025 573399026
573399025 573399027
573399025 573399028
573399025 573399029
573399025 573406662
573399025 576051281
573399025 576051282
573399025 576051283
573399025 576051304
573399025 576051305
573399025 576051306
573399025 576051307
573399025 936296479
573399025 936296505
573399025 936296513
573399025 1666896776
573399025 1666896794
573399025 1666896812
573399025 2389485631
573399025 2389485632
573399025 3737666930
573399025 6253452857
573399025 6253452861
573399025 6253452867
573399025 7147918945
573399025 7147918991
573399025 7147918995
573399025 7147919044
573399025 7147919052
573399025 7148016647
573399025 7148019697
573399025 7148019698
573399025 7148019699
573399025 7148019703
573399025 7148019749
573399025 7148019840
573399025 7148019842
573399025 7148019889
573399026 573399027
573399026 573399028
573399026 573399029
573399026 573406662
573399026 576051281
573399026 576051282
573399026 576051283
573399026 576051304
573399026 576051305
573399026 576051306
573399026 576051307
573399026 936296479
573399026 936296505
573399026 936296513
573399026 1666896776
573399026 1666896794
573399026 1666896812
573399026 2389485631
573399026 2389485632
573399026 3737666930
573399026 6253452857
573399026 6253452861
573399026 6253452867
573399026 7147918945
573399026 7147918991
573399026 7147918995
573399026 7147919044
573399026 7147919052
573399026 7148016647
573399026 7148019697
573399026 7148019698
573399026 7148019699
573399026 7148019703
573399026 7148019749
573399026 7148019840
573399026 7148019842
573399026 7148019889
573399027 573399028
573399027 573399029
573399027 573406662
573399027 576051281
573399027 576051282
573399027 576051283
573399027 576051304
573399027 576051305
573399027 576051306
573399027 576051307
573399027 936296479
573399027 936296505
573399027 936296513
573399027 1666896776
573399027 1666896794
573399027 1666896812
573399027 2389485631
573399027 2389485632
573399027 3737666930
573399027 6253452857
573399027 6253452861
573399027 6253452867
573399027 7147918945
573399027 7147918991
573399027 7147918995
573399027 7147919044
573399027 7147919052
573399027 7148016647
573399027 7148019697
573399027 7148019698
573399027 7148019699
573399027 7148019703
573399027 7148019749
573399027 7148019840
573399027 7148019842
573399027 7148019889
573399028 573399029
573399028 573406662
573399028 576051281
573399028 576051282
573399028 576051283
573399028 576051304
573399028 576051305
573399028 576051306
573399028 576051307
573399028 936296479
573399028 936296505
573399028 936296513
573399028 1666896776
573399028 1666896794
573399028 1666896812
573399028 2389485631
573399028 2389485632
573399028 3737666930
573399028 6253452857
573399028 6253452861
573399028 6253452867
573399028 7147918945
573399028 7147918991
573399028 7147918995
573399028 7147919044
573399028 7147919052
573399028 7148016647
573399028 7148019697
573399028 7148019698
573399028 7148019699
573399028 7148019703
573399028 7148019749
573399028 7148019840
573399028 7148019842
573399028 7148019889
573399029 573406662
573399029 576051281
573399029 576051282
573399029 576051283
573399029 576051304
573399029 576051305
573399029 576051306
573399029 576051307
573399029 936296479
573399029 936296505
573399029 936296513
573399029 1666896776
573399029 1666896794
573399029 1666896812
573399029 2389485631
573399029 2389485632
573399029 3737666930
573399029 6253452857
573399029 6253452861
573399029 6253452867
573399029 7147918945
573399029 7147918991
573399029 7147918995
573399029 7147919044
573399029 7147919052
573399029 7148016647
573399029 7148019697
573399029 7148019698
573399029 7148019699
573399029 7148019703
573399029 7148019749
573399029 7148019840
573399029 7148019842
573399029 7148019889
573406662 576051281
573406662 576051282
573406662 576051283
573406662 576051304
573406662 576051305
573406662 576051306
573406662 576051307
573406662 936296479
573406662 936296505
573406662 936296513
573406662 1666896776
573406662 1666896794
573406662 1666896812
573406662 2389485631
573406662 2389485632
573406662 3737666930
573406662 6253452857
573406662 6253452861
573406662 6253452867
573406662 7147918945
573406662 7147918991
573406662 7147918995
573406662 7147919044
573406662 7147919052
573406662 7148016647
573406662 7148019697
573406662 7148019698
573406662 7148019699
573406662 7148019703
573406662 7148019749
573406662 7148019840
573406662 7148019842
573406662 7148019889
576051281 576051282
576051281 576051283
576051281 576051304
576051281 576051305
576051281 576051306
576051281 576051307
576051281 936296479
576051281 936296505
576051281 936296513
576051281 1666896776
576051281 1666896794
576051281 1666896812
576051281 2389485631
576051281 2389485632
576051281 3737666930
576051281 6253452857
576051281 6253452861
576051281 6253452867
576051281 7147918945
576051281 7147918991
576051281 7147918995
576051281 7147919044
576051281 7147919052
576051281 7148016647
576051281 7148019697
576051281 7148019698
576051281 7148019699
576051281 7148019703
576051281 7148019749
576051281 7148019840
576051281 7148019842
576051281 7148019889
576051282 576051283
576051282 576051304
576051282 576051305
576051282 576051306
576051282 576051307
576051282 936296479
576051282 936296505
576051282 936296513
576051282 1666896776
576051282 1666896794
576051282 1666896812
576051282 2389485631
576051282 2389485632
576051282 3737666930
576051282 6253452857
576051282 6253452861
576051282 6253452867
576051282 7147918945
576051282 7147918991
576051282 7147918995
576051282 7147919044
576051282 7147919052
576051282 7148016647
576051282 7148019697
576051282 7148019698
576051282 7148019699
576051282 7148019703
576051282 7148019749
576051282 7148019840
576051282 7148019842
576051282 7148019889
576051283 576051304
576051283 576051305
576051283 576051306
576051283 576051307
576051283 936296479
576051283 936296505
576051283 936296513
576051283 1666896776
576051283 1666896794
576051283 1666896812
576051283 2389485631
576051283 2389485632
576051283 3737666930
576051283 6253452857
576051283 6253452861
576051283 6253452867
576051283 7147918945
576051283 7147918991
576051283 7147918995
576051283 7147919044
576051283 7147919052
576051283 7148016647
576051283 7148019697
576051283 7148019698
576051283 7148019699
576051283 7148019703
576051283 7148019749
576051283 7148019840
576051283 7148019842
576051283 7148019889
576051304 576051305
576051304 576051306
576051304 576051307
576051304 936296479
576051304 936296505
576051304 936296513
576051304 1666896776
576051304 1666896794
576051304 1666896812
576051304 2389485631
576051304 2389485632
576051304 3737666930
576051304 6253452857
576051304 6253452861
576051304 6253452867
576051304 7147918945
576051304 7147918991
576051304 7147918995
576051304 7147919044
576051304 7147919052
576051304 7148016647
576051304 7148019697
576051304 7148019698
576051304 7148019699
576051304 7148019703
576051304 7148019749
576051304 7148019840
576051304 7148019842
576051304 7148019889
576051305 576051306
576051305 576051307
576051305 936296479
576051305 936296505
576051305 936296513
576051305 1666896776
576051305 1666896794
576051305 1666896812
576051305 2389485631
576051305 2389485632
576051305 3737666930
576051305 6253452857
576051305 6253452861
576051305 6253452867
576051305 7147918945
576051305 7147918991
576051305 7147918995
576051305 7147919044
576051305 7147919052
576051305 7148016647
576051305 7148019697
576051305 7148019698
576051305 7148019699
576051305 7148019703
576051305 7148019749
576051305 7148019840
576051305 7148019842
576051305 7148019889
576051306 576051307
576051306 936296479
576051306 936296505
576051306 936296513
576051306 1666896776
576051306 1666896794
576051306 1666896812
576051306 2389485631
576051306 2389485632
576051306 3737666930
576051306 6253452857
576051306 6253452861
576051306 6253452867
576051306 7147918945
576051306 7147918991
576051306 7147918995
576051306 7147919044
576051306 7147919052
576051306 7148016647
576051306 7148019697
576051306 7148019698
576051306 7148019699
576051306 7148019703
576051306 7148019749
576051306 7148019840
576051306 7148019842
576051306 7148019889
576051307 936296479
576051307 936296505
576051307 936296513
576051307 1666896776
576051307 1666896794
576051307 1666896812
576051307 2389485631
576051307 2389485632
576051307 3737666930
576051307 6253452857
576051307 6253452861
576051307 6253452867
576051307 7147918945
576051307 7147918991
576051307 7147918995
576051307 7147919044
576051307 7147919052
576051307 7148016647
576051307 7148019697
576051307 7148019698
576051307 7148019699
576051307 7148019703
576051307 7148019749
576051307 7148019840
576051307 7148019842
576051307 7148019889
936296479 936296505
936296479 936296513
936296479 1666896776
936296479 1666896794
936296479 1666896812
936296479 2389485631
936296479 2389485632
936296479 3737666930
936296479 6253452857
936296479 6253452861
936296479 6253452867
936296479 7147918945
936296479 7147918991
936296479 7147918995
936296479 7147919044
936296479 7147919052
936296479 7148016647
936296479 7148019697
936296479 7148019698
936296479 7148019699
936296479 7148019703
936296479 7148019749
936296479 7148019840
936296479 7148019842
936296479 7148019889
936296505 936296513
936296505 1666896776
936296505 1666896794
936296505 1666896812
936296505 2389485631
936296505 2389485632
936296505 3737666930
936296505 6253452857
936296505 6253452861
936296505 6253452867
936296505 7147918945
936296505 7147918991
936296505 7147918995
936296505 7147919044
936296505 7147919052
936296505 7148016647
936296505 7148019697
936296505 7148019698
936296505 7148019699
936296505 7148019703
936296505 7148019749
936296505 7148019840
936296505 7148019842
936296505 7148019889
936296513 1666896776
936296513 1666896794
936296513 1666896812
936296513 2389485631
936296513 2389485632
936296513 3737666930
936296513 6253452857
936296513 6253452861
936296513 6253452867
936296513 7147918945
936296513 7147918991
936296513 7147918995
936296513 7147919044
936296513 7147919052
936296513 7148016647
936296513 7148019697
936296513 7148019698
936296513 7148019699
936296513 7148019703
936296513 7148019749
936296513 7148019840
936296513 7148019842
936296513 7148019889
1666896776 1666896794
1666896776 1666896812
1666896776 2389485631
1666896776 2389485632
1666896776 3737666930
1666896776 6253452857
1666896776 6253452861
1666896776 6253452867
1666896776 7147918945
1666896776 7147918991
1666896776 7147918995
1666896776 7147919044
1666896776 7147919052
1666896776 7148016647
1666896776 7148019697
1666896776 7148019698
1666896776 7148019699
1666896776 7148019703
1666896776 7148019749
1666896776 7148019840
1666896776 7148019842
1666896776 7148019889
1666896794 1666896812
1666896794 2389485631
1666896794 2389485632
1666896794 3737666930
1666896794 6253452857
1666896794 6253452861
1666896794 6253452867
1666896794 7147918945
1666896794 7147918991
1666896794 7147918995
1666896794 7147919044
1666896794 7147919052
1666896794 7148016647
1666896794 7148019697
1666896794 7148019698
1666896794 7148019699
1666896794 7148019703
1666896794 7148019749
1666896794 7148019840
1666896794 7148019842
1666896794 7148019889
1666896812 2389485631
1666896812 2389485632
1666896812 3737666930
1666896812 6253452857
1666896812 6253452861
1666896812 6253452867
1666896812 7147918945
1666896812 7147918991
1666896812 7147918995
1666896812 7147919044
1666896812 7147919052
1666896812 7148016647
1666896812 7148019697
1666896812 7148019698
1666896812 7148019699
1666896812 7148019703
1666896812 7148019749
1666896812 7148019840
1666896812 7148019842
1666896812 7148019889
2389485631 2389485632
2389485631 3737666930
2389485631 6253452857
2389485631 6253452861
2389485631 6253452867
2389485631 7147918945
2389485631 7147918991
2389485631 7147918995
2389485631 7147919044
2389485631 7147919052
2389485631 7148016647
2389485631 7148019697
2389485631 7148019698
2389485631 7148019699
2389485631 7148019703
2389485631 7148019749
2389485631 7148019840
2389485631 7148019842
2389485631 7148019889
2389485632 3737666930
2389485632 6253452857
2389485632 6253452861
2389485632 6253452867
2389485632 7147918945
2389485632 7147918991
2389485632 7147918995
2389485632 7147919044
2389485632 7147919052
2389485632 7148016647
2389485632 7148019697
2389485632 7148019698
2389485632 7148019699
2389485632 7148019703
2389485632 7148019749
2389485632 7148019840
2389485632 7148019842
2389485632 7148019889
3737666930 6253452857
3737666930 6253452861
3737666930 6253452867
3737666930 7147918945
3737666930 7147918991
3737666930 7147918995
3737666930 7147919044
3737666930 7147919052
3737666930 7148016647
3737666930 7148019697
3737666930 7148019698
3737666930 7148019699
3737666930 7148019703
3737666930 7148019749
3737666930 7148019840
3737666930 7148019842
3737666930 7148019889
6253452857 6253452861
6253452857 6253452867
6253452857 7147918945
6253452857 7147918991
6253452857 7147918995
6253452857 7147919044
6253452857 7147919052
6253452857 7148016647
6253452857 7148019697
6253452857 7148019698
6253452857 7148019699
6253452857 7148019703
6253452857 7148019749
6253452857 7148019840
6253452857 7148019842
6253452857 7148019889
6253452861 6253452867
6253452861 7147918945
6253452861 7147918991
6253452861 7147918995
6253452861 7147919044
6253452861 7147919052
6253452861 7148016647
6253452861 7148019697
6253452861 7148019698
6253452861 7148019699
6253452861 7148019703
6253452861 7148019749
6253452861 7148019840
6253452861 7148019842
6253452861 7148019889
6253452867 7147918945
6253452867 7147918991
6253452867 7147918995
6253452867 7147919044
6253452867 7147919052
6253452867 7148016647
6253452867 7148019697
6253452867 7148019698
6253452867 7148019699
6253452867 7148019703
6253452867 7148019749
6253452867 7148019840
6253452867 7148019842
6253452867 7148019889
7147918945 7147918991
7147918945 7147918995
7147918945 7147919044
7147918945 7147919052
7147918945 7148016647
7147918945 7148019697
7147918945 7148019698
7147918945 7148019699
7147918945 7148019703
7147918945 7148019749
7147918945 7148019840
7147918945 7148019842
7147918945 7148019889
7147918991 7147918995
7147918991 7147919044
7147918991 7147919052
7147918991 7148016647
7147918991 7148019697
7147918991 7148019698
7147918991 7148019699
7147918991 7148019703
7147918991 7148019749
7147918991 7148019840
7147918991 7148019842
7147918991 7148019889
7147918995 7147919044
7147918995 7147919052
7147918995 7148016647
7147918995 7148019697
7147918995 7148019698
7147918995 7148019699
7147918995 7148019703
7147918995 7148019749
7147918995 7148019840
7147918995 7148019842
7147918995 7148019889
7147919044 7147919052
7147919044 7148016647
7147919044 7148019697
7147919044 7148019698
7147919044 7148019699
7147919044 7148019703
7147919044 7148019749
7147919044 7148019840
7147919044 7148019842
7147919044 7148019889
7147919052 7148016647
7147919052 7148019697
7147919052 7148019698
7147919052 7148019699
7147919052 7148019703
7147919052 7148019749
7147919052 7148019840
7147919052 7148019842
7147919052 7148019889
7148016647 7148019697
7148016647 7148019698
7148016647 7148019699
7148016647 7148019703
7148016647 7148019749
7148016647 7148019840
7148016647 7148019842
7148016647 7148019889
7148019697 7148019698
7148019697 7148019699
7148019697 7148019703
7148019697 7148019749
7148019697 7148019840
7148019697 7148019842
7148019697 7148019889
7148019698 7148019699
7148019698 7148019703
7148019698 7148019749
7148019698 7148019840
7148019698 7148019842
7148019698 7148019889
7148019699 7148019703
7148019699 7148019749
7148019699 7148019840
7148019699 7148019842
7148019699 7148019889
7148019703 7148019749
7148019703 7148019840
7148019703 7148019842
7148019703 7148019889
7148019749 7148019840
7148019749 7148019842
7148019749 7148019889
7148019840 7148019842
7148019840 7148019889
7148019842 7148019889
