552969417 7148019697
7148019697 7148019840
7148019840 392772328
392772328 573399028
573399028 576051305
576051305 392771656
392771656 392771655
936296479 6253452867
6253452867 6253452861
6253452861 552969515
552969515 552969505
552969505 552969471
552969471 573399028
573399028 552969419
552969419 552969398
552969398 573399019
573399019 573399021
573399021 7147918991
7147918991 573399013
573399013 573406662
410573693 7147918945
7147918945 431196833
431196833 410573691
410573691 573399024
573399024 573399029
573399029 392771656
392771656 431189018
431189018 431196549
431196549 431188996
431188996 936296505
431189100 431189018
431189018 576051306
576051306 552969471
552969471 552969454
552969454 7148019889
7148019889 7148019698
7148019698 552969426
552969430 7148019699
7148019699 7148019842
7148019842 552969432
552969432 552969505
552969505 576051307
576051307 431196549
431196549 431196565
352695144 2389485632
2389485632 573399029
573399029 576051304
576051304 552969419
552969419 573399027
573399027 7148019749
7148019749 1666896812
1666896812 431196741
573399016 7147919052
7147919052 7147919044
7147919044 573399022
573399022 573399021
573399021 576051281
576051281 431196833
431196833 431196834
573399025 410573691
410573691 576051282
576051282 573399019
573399019 573399020
573399020 7148016647
7148016647 1666896776
1666896776 573399014
573399017 1666896794
1666896794 7148019703
7148019703 573399023
573399023 552969398
552969398 576051283
576051283 573399024
573399024 2389485631
2389485631 573399026
573399012 3737666930
3737666930 7147918995
7147918995 573399022
573399022 573399020
573399020 573399023
573399023 573399027
573399027 392772328
392772328 552969454
552969454 552969432
552969432 352695135
352695135 6253452857
6253452857 936296513
576051281 576051282
576051282 576051283
576051283 576051304
576051304 576051305
576051305 576051306
576051306 576051307
2389485631 2389485632
