344892349 344892348
344892349 4161002501
344892348 344892347
344892347 344892365
344892347 4161002501
4161002501 344891861
344891861 344891610
344891610 344891611
344891611 2246309632
344891611 4161002519
2246309632 4160878478
2246309632 4160878485
2246309632 5418119801
4160878485 2246309630
4160878485 2246309698
2246309630 478490208
2246309630 5834344979
478490208 2246465117
478490208 2246465156
2246465156 4135892266
4135892266 2246465137
4135892266 4135892268
2246465137 2246465147
4135892268 4135892305
4135892305 4135892312
4135892312 3738650786
3738650786 2246465230
3738650786 5518394918
2246465230 4135892314
2246465230 4135892315
4135892315 2246465242
4135892315 2246465262
2246465242 2246465262
2246465242 5518394917
5518394917 5518394918
5518394918 344890722
344890722 2246309903
344890722 2246309946
2246309903 2246309900
2246309900 2246309864
2246309864 4135892296
2246309864 5490880916
4135892296 4135892291
4135892291 2246465199
4135892291 5490880916
2246309946 2246309899
2246309946 4161002916
2246309899 2246309879
2246309879 2246309878
2246309879 5834344979
2246309878 2246309880
2246309878 5763641225
2246309880 2246309901
2246309880 5496237563
2246309901 2246309887
2246309901 2246309925
2246309901 5496237555
2246309887 2246309873
2246309887 5496237554
2246309934 5496237554
2246309960 5496237555
2246309983 2246309993
2246309983 5496237556
2246309993 5496237558
2246309993 5496237557
5496237558 2246309954
5496237558 5496237557
5496237558 5496237559
2246309954 2246309933
2246309954 2246309973
2246309933 2246309925
2246309933 5496237557
2246309925 5496237556
5496237556 5496237555
5496237556 5496237557
5496237555 5496237554
5496237554 5496237553
2246309973 344890613
2246309973 5496237559
344890613 4161002916
344890613 5496237559
2246309770 5418119801
5418119801 2246309708
2246309708 2246309698
2246309698 5763641225
4161002519 4161002522
