344892349 595.6836325273573 91.30789368486677 19.0299271 73.0221688 50
344892348 560.5765623895758 61.57228436961088 19.0296582 73.0218352 50
4161002501 609.122400083749 65.85182353088473 19.0296969 73.0222965 50
344892347 531.4890498393127 26.10850635728889 19.0293375 73.02155879999999 50
344892365 437.6071035859708 87.21634461578503 19.0298901 73.02066670000001 50
344891861 634.1477636314511 18.41197081121942 19.0292679 73.0225343 50
344891610 682.9566938759838 38.94712384146209 19.0294536 73.0229981 50
344891611 676.579330416067 66.22780371526895 19.0297003 73.0229375 50
2246309632 751.4765181182879 83.40125156527426 19.0298556 73.02364919999999 50
4161002519 615.0577680577766 201.7244273465699 19.0309256 73.0223529 50
4160878478 755.8649018863474 64.76811593969046 19.0296871 73.02369090000001 50
4160878485 786.6783015767695 83.72194054615531 19.0298585 73.0239837 50
5418119801 723.6728972236333 152.4710231472177 19.0304802 73.023385 50
2246309630 824.7951505089798 83.06950434355187 19.0298526 73.0243459 50
2246309698 792.5926221457507 174.1120002503373 19.0306759 73.02403990000001 50
478490208 913.9098597221727 82.24013628889421 19.0298451 73.02519270000001 50
5834344979 833.0667803427316 231.7033179582245 19.0311967 73.02442449999999 50
2246465117 1281.923721455338 78.81208166325726 19.0298141 73.0286897 50
2246465156 917.5405369393593 218.3007301967716 19.0310755 73.0252272 50
4135892266 1107.146077313287 208.9233420600558 19.0309907 73.0270289 50
2246465137 1225.790294561293 203.0514162341629 19.0309376 73.02815630000001 50
4135892268 1109.850668747263 274.3549524435427 19.0315824 73.0270546 50
2246465147 1274.935983274517 216.1664897362036 19.0310562 73.02862330000001 50
4135892305 1247.490168249583 434.2349968777694 19.0330282 73.0283625 50
4135892312 1177.644357545595 490.0680543094729 19.0335331 73.0276988 50
3738650786 1171.561657744276 494.9336802297091 19.0335771 73.027641 50
2246465230 1226.653238132042 564.5784803301254 19.0342069 73.0281645 50
5518394918 1033.322307221567 605.4276215765981 19.0345763 73.0263274 50
4135892314 1256.898357907636 541.4114660063794 19.0339974 73.02845189999999 50
4135892315 1194.124475003315 589.481638447669 19.0344321 73.02785540000001 50
2246465242 1165.994619343162 611.0341496251131 19.034627 73.0275881 50
2246465262 1205.542691759611 661.1279801196126 19.03508 73.0279639 50
5518394917 1089.245260074521 669.8086990903596 19.0351585 73.0268588 50
344890722 991.8378736225297 557.6670798749966 19.0341444 73.0259332 50
2246309903 1005.076690839684 512.5273412267604 19.0337362 73.026059 50
2246309946 942.9447537591507 601.3028977849924 19.034539 73.0254686 50
2246309900 1059.09485361561 505.3173682724333 19.033671 73.0265723 50
2246309864 1067.092867197149 439.5540106679274 19.0330763 73.02664830000001 50
4135892296 1097.274844761621 406.1470654302842 19.0327742 73.0269351 50
5490880916 1060.178794929304 436.2144219679658 19.0330461 73.0265826 50
4135892291 1065.461693373674 392.7776523913552 19.0326533 73.0266328 50
2246465199 1046.013891930278 345.2161590234905 19.0322232 73.026448 50
2246309899 848.1682928294988 497.1785030972834 19.0335974 73.024568 50
4161002916 916.9722570272088 624.8790670156466 19.0347522 73.0252218 50
2246309879 845.9372679869728 463.0638304535336 19.0332889 73.0245468 50
2246309878 811.5563332918252 463.6830919346682 19.0332945 73.02422009999999 50
2246309880 777.6384414889521 464.9326731367237 19.0333058 73.0238978 50
5763641225 796.4863919146358 233.4836947150357 19.0312128 73.0240769 50
2246309901 725.0725495996328 515.623648630675 19.0337642 73.0233983 50
5496237563 648.8388517338735 330.8183295965188 19.032093 73.0226739 50
2246309887 699.4789061411191 489.0064631999613 19.0335235 73.0231551 50
2246309925 754.4862969127166 546.1886260005886 19.0340406 73.0236778 50
5496237555 719.0529920094366 521.4292250122236 19.0338167 73.0233411 50
2246309873 671.4332400998123 459.845882402123 19.0332598 73.0228886 50
5496237554 693.4698722554543 494.7014571741518 19.033575 73.023098 50
2246309934 598.2935106433115 584.9367015086656 19.034391 73.02219359999999 50
2246309960 624.4028155047072 612.703943974918 19.0346421 73.0224417 50
2246309983 653.2903777130554 643.4347949556927 19.03492 73.0227162 50
2246309993 681.7359444355142 673.6790833447253 19.0351935 73.0229865 50
5496237556 748.3825497076907 552.0605518264815 19.0340937 73.02361980000001 50
5496237558 804.126599623776 610.2932474964825 19.0346203 73.02414949999999 50
5496237557 777.0912089805091 582.0394424381361 19.0343648 73.0238926 50
2246309954 810.4197734675242 604.3439139850522 19.0345665 73.0242093 50
5496237559 833.9402476166731 641.4332533845172 19.0349019 73.0244328 50
2246309933 783.258098399335 576.1122254083882 19.0343112 73.0239512 50
2246309973 840.31761107659 635.4396869100732 19.0348477 73.0244934 50
5496237553 665.5083958276385 465.4855851728104 19.0333108 73.0228323 50
344890613 870.7626811940987 667.0883718718844 19.0351339 73.0247827 50
2246309770 677.7579850491218 240.5388522996948 19.0312766 73.0229487 50
2246309708 782.8161029134457 179.1766745039587 19.0307217 73.02394700000001 50
4161002522 604.3972578510151 215.0606656636784 19.0310462 73.0222516 50
