81574361 945.3094743255091 1469.866157018746 -34.6014014 -58.4372762 50
81574363 1022.361529870736 1376.13861618394 -34.6022463 -58.4364362 50
81574364 1093.96490434675 1286.116247397177 -34.6030578 -58.4356556 50
81574365 1140.526360770391 1226.911147925453 -34.6035915 -58.435148 50
81574368 1177.538866023195 1133.616246940513 -34.6044325 -58.4347445 50
81859995 1517.42098675623 1539.510079538445 -34.6007736 -58.4310392 50
81860665 1442.001700958238 1433.790649527703 -34.6017266 -58.4318614 50
81860667 1311.691998447043 1603.973417186879 -34.6001925 -58.433282 50
82529570 0 865.290793309645 -34.6068513 -58.4475817 50
82638855 473.3381155124416 709.2631140771476 -34.6082578 -58.4424215 50
82638856 548.5280797156388 693.5549595232142 -34.6083994 -58.4416018 50
89139452 1417.491809002753 1398.691355030289 -34.602043 -58.4321286 50
89139821 2391.099568013882 675.2065925516772 -34.6085648 -58.4215146 50
89184683 1879.877525190751 1340.329348600507 -34.6025691 -58.4270878 50
89184684 1836.196347987461 965.5744918721718 -34.6059473 -58.427564 50
89184685 1822.060964940572 659.4762513399523 -34.6087066 -58.4277181 50
94300528 385.122684775093 1310.088932418388 -34.6028417 -58.4433832 50
94300532 669.3622139679659 973.7724623632525 -34.6058734 -58.4402845 50
107928838 563.4523290472206 1329.812872245675 -34.6026639 -58.4414391 50
165696090 1182.73987977283 209.5086206906039 -34.6127628 -58.4346878 50
165696092 1051.274396428772 652.4098004555087 -34.6087703 -58.436121 50
181095379 959.8668091042526 1119.760678411307 -34.6045574 -58.4371175 50
181095380 686.6438892830663 1271.950065641956 -34.6031855 -58.4400961 50
181104757 544.5562297096676 931.573436995061 -34.6062538 -58.4416451 50
181113601 1550.764346507492 963.2892659975779 -34.6059679 -58.4306757 50
181113602 1422.426809703361 905.6926993014686 -34.6064871 -58.4320748 50
181113603 1365.472498646342 912.5150969360934 -34.6064256 -58.4326957 50
181114848 562.9936858587984 647.4067088578659 -34.6088154 -58.4414441 50
191194983 1643.91477794428 1698.000477917747 -34.5993449 -58.4296602 50
191194996 1597.371667248924 1374.141816876158 -34.6022643 -58.4301676 50
191195009 1570.311719170527 655.2385994752771 -34.6087448 -58.4304626 50
191195022 1582.887715378647 412.671856914151 -34.6109314 -58.4303255 50
191195032 1693.338167859987 963.8772124611577 -34.6059626 -58.4291214 50
191195051 1686.504384360783 657.867718563632 -34.6087211 -58.4291959 50
194122329 683.5801527892143 648.2608952276444 -34.6088077 -58.4401295 50
194441259 2111.198803377485 504.3804117826788 -34.6101047 -58.424566 50
194441260 1843.268625943852 455.747255311323 -34.6105431 -58.4274869 50
195796149 1711.032622043384 437.620754930402 -34.6107065 -58.4289285 50
195953154 1743.504559737928 1356.43686301515 -34.6024239 -58.4285745 50
196138193 1558.946540977787 842.2832279542262 -34.6070587 -58.4305865 50
196138210 1961.81871711996 816.8018501234601 -34.6072884 -58.4261945 50
196138227 2103.888030965075 819.364409234207 -34.6072653 -58.4246457 50
196138263 1307.821049942548 1327.438899736387 -34.6026853 -58.4333242 50
196138292 1858.724901371156 1157.555651972567 -34.6042167 -58.4273184 50
196138305 2130.370088626457 1127.148835849603 -34.6044908 -58.424357 50
196222556 1574.265223449381 1176.70273866764 -34.6040441 -58.4304195 50
196222653 1688.916847529153 831.9442448730165 -34.6071519 -58.4291696 50
196222668 1826.041987810102 819.2423826103561 -34.6072664 -58.4276747 50
196222679 1719.398273788348 1166.962795378553 -34.6041319 -58.4288373 50
196222757 2099.769415138669 668.6837148131136 -34.6086236 -58.4246906 50
196222823 2273.384207439092 526.9442439589827 -34.6099013 -58.4227979 50
196222844 2248.424845161077 672.0006203304022 -34.6085937 -58.42307 50
196222998 1977.962957329314 480.0083668993472 -34.6103244 -58.4260185 50
196223010 1956.590184778483 663.7028098739678 -34.6086685 -58.4262515 50
196223022 1973.715921410757 964.5871855478827 -34.6059562 -58.4260648 50
196223031 1992.639539337818 1145.86328269481 -34.6043221 -58.4258585 50
196223103 1492.131401383112 1183.425296336911 -34.6039835 -58.4313149 50
196223108 1515.47633963984 1383.404746997679 -34.6021808 -58.4310604 50
196223126 1402.402448125954 1187.097188396503 -34.6039504 -58.4322931 50
196223146 1440.708327169665 1394.376049860169 -34.6020819 -58.4318755 50
196223172 1637.539637634665 1646.416495804183 -34.5998099 -58.4297297 50
199456627 420.4290373710279 890.7610778125738 -34.6066217 -58.4429983 50
199456788 97.96618490997025 941.6794601578176 -34.6061627 -58.4465137 50
199456796 185.1726006337236 1011.944609128136 -34.6055293 -58.445563 50
199456810 271.08564256657 1083.174877763541 -34.6048872 -58.4446264 50
199456822 363.7774308172707 1156.845678886548 -34.6042231 -58.4436159 50
199456835 452.2588746013135 1231.659092946146 -34.6035487 -58.4426513 50
199456847 162.2863055630829 844.0359740128944 -34.6070429 -58.4458125 50
199456860 259.8305387388646 922.6654934172554 -34.6063341 -58.4447491 50
199456871 344.1475023798762 990.8450964436876 -34.6057195 -58.4438299 50
199456885 437.2428966341478 1067.744056447172 -34.6050263 -58.442815 50
199456900 523.9814963059207 1139.151818354082 -34.6043826 -58.4418694 50
199456912 509.7360388951642 979.6075536735882 -34.6058208 -58.4420247 50
199456922 597.5937279443998 1049.229289532673 -34.6051932 -58.4410669 50
199457090 459.25776964807 563.9626844573208 -34.6095676 -58.442575 50
199457112 569.6531849457258 617.1219193587531 -34.6090884 -58.4413715 50
199457126 430.9319663706079 418.240708316876 -34.6108812 -58.4428838 50
199457141 523.7063103933342 462.336693026789 -34.6104837 -58.4418724 50
199457153 594.9335974552855 493.4867622263406 -34.6102029 -58.4410959 50
199457317 759.9625892806752 427.8031583337529 -34.610795 -58.4392968 50
199457328 846.6920160888897 469.4918905459269 -34.6104192 -58.4383513 50
199457352 905.9211973585685 242.012076087409 -34.6124698 -58.4377056 50
199457373 807.4871963977848 650.191134558523 -34.6087903 -58.4387787 50
199457386 759.4764275015779 1004.423331736035 -34.6055971 -58.4393021 50
199457397 632.7257961280574 1229.163093811596 -34.6035712 -58.4406839 50
199457413 585.6506593358116 1318.675169442341 -34.6027643 -58.4411971 50
199457443 1346.099410394417 655.1498528398774 -34.6087456 -58.4329069 50
199457460 1180.052230691874 654.7837729662079 -34.6087489 -58.4347171 50
199457482 844.022712736217 205.5815820519449 -34.6127982 -58.4383804 50
199457495 1268.230969973822 422.7556934177051 -34.6108405 -58.4337558 50
199457508 1406.355952403641 490.713429854932 -34.6102279 -58.43225 50
199457524 1574.815595274554 572.2383082538469 -34.609493 -58.4304135 50
199457553 1323.635067056798 282.147742170916 -34.612108 -58.4331518 50
199457563 1459.356759182972 349.9723586536329 -34.6114966 -58.4316722 50
199457700 593.1357161593314 1479.484073683982 -34.6013147 -58.4411155 50
199457712 648.9342463846539 1397.582022082149 -34.602053 -58.4405072 50
199457720 715.8869789350387 1291.540885516849 -34.6030089 -58.4397773 50
199457734 754.8257855771155 1235.863464820959 -34.6035108 -58.4393528 50
199457786 761.7696434401877 1479.162367128718 -34.6013176 -58.4392771 50
199457794 1014.335274084435 1150.422641113338 -34.604281 -58.4365237 50
199457804 1336.504594905789 736.2642780474231 -34.6080144 -58.4330115 50
199457836 1255.902641086446 1298.008296607053 -34.6029506 -58.4338902 50
199457848 1466.456555731205 797.9099100067488 -34.6074587 -58.4315948 50
199457856 1358.207590551724 619.0188787011805 -34.6090713 -58.4327749 50
199457865 1218.495702691295 548.9534096608638 -34.6097029 -58.434298 50
199457892 1091.249736675119 484.5122586716325 -34.6102838 -58.4356852 50
199457901 871.8990456899824 374.25565690086 -34.6112777 -58.4380765 50
199457914 692.8539180451298 1122.556197441918 -34.6045322 -58.4400284 50
199457925 802.203626874957 1209.405873995857 -34.6037493 -58.4388363 50
199457934 905.3066154861529 1287.979926751153 -34.603041 -58.4377123 50
199457944 1125.097603932595 1459.194374052318 -34.6014976 -58.4353162 50
199457956 913.2778340911041 1146.761842382288 -34.604314 -58.4376254 50
199457966 975.2038373041307 1194.995638991523 -34.6038792 -58.4369503 50
199457978 1200.773729916056 1368.606245461884 -34.6023142 -58.4344912 50
199458003 1295.10746077755 1443.30872622688 -34.6016408 -58.4334628 50
199458011 1382.249666455228 1511.710195843928 -34.6010242 -58.4325128 50
199458034 684.0571417047531 905.0270995324433 -34.6064931 -58.4401243 50
199458044 549.5646133210761 905.626139324566 -34.6064877 -58.4415905 50
199458056 893.4736212425993 769.2891199309045 -34.6077167 -58.4378413 50
199458068 814.6695487192101 766.0720543789697 -34.6077457 -58.4387004 50
199458081 683.405868376937 766.2606409811343 -34.607744 -58.4401314 50
199458091 548.583116898156 766.6932808302951 -34.6077401 -58.4416012 50
199458106 944.7774482262859 650.5350277729898 -34.6087872 -58.437282 50
199458116 999.1725302968337 438.2530747116821 -34.6107008 -58.436689 50
199458139 995.8611264822373 286.2411807511269 -34.6120711 -58.4367251 50
199458169 1492.186438565629 254.92471160932 -34.6123534 -58.4313143 50
199475557 785.2063103360014 1196.215905234971 -34.6038682 -58.4390216 50
199475570 882.6496420103067 1075.06565390786 -34.6049603 -58.4379593 50
199475597 835.3727022151085 948.2910845317807 -34.6061031 -58.4384747 50
199475607 835.8588639942058 960.6490535806799 -34.6059917 -58.4384694 50
199475622 851.3976951958693 1016.293194287414 -34.6054901 -58.4383 50
199475653 1240.739897298845 667.3081419573634 -34.608636 -58.4340555 50
199475669 1317.617668434129 734.589185294906 -34.6080295 -58.4332174 50
199475681 1355.510768607209 803.2679881488126 -34.6074104 -58.4328043 50
199475693 1365.720165968253 838.0566694202107 -34.6070968 -58.432693 50
199475705 1368.563753732036 891.870410760714 -34.6066117 -58.432662 50
199475716 1344.540023555649 979.1971004829245 -34.6058245 -58.4329239 50
199475725 1320.754787837614 1022.11719226709 -34.6054376 -58.4331832 50
199475764 1074.050617133211 1151.742747321434 -34.6042691 -58.4358727 50
199475786 1235.327907682699 1105.039830182369 -34.6046901 -58.4341145 50
199475797 1318.617510582998 1148.803015007769 -34.6042956 -58.4332065 50
199475808 1471.712606662191 1077.583839701613 -34.6049376 -58.4315375 50
199475817 1372.948382606303 1022.272498880097 -34.6054362 -58.4326142 50
199854572 620.7093446086681 369.718485140829 -34.6113186 -58.4408149 50
223629029 1266.212939947799 0 -34.6146514 -58.4337778 50
223629049 1208.387206832894 144.379683272439 -34.6133499 -58.4344082 50
224019746 1532.730496364265 109.5133486948901 -34.6136642 -58.4308723 50
237953509 833.6848952830219 1382.661493921798 -34.6021875 -58.4384931 50
241878207 1564.908902419106 1080.667785299037 -34.6049098 -58.4305215 50
241878209 1846.31401670942 1058.048486475785 -34.6051137 -58.4274537 50
241878211 1707.473550906876 1068.143416308587 -34.6050227 -58.4289673 50
241878213 1886.252665501534 816.8018501234601 -34.6072884 -58.4270183 50
241878215 1887.463483516914 661.2511840571175 -34.6086906 -58.4270051 50
243073936 1193.233635908852 383.795920259239 -34.6111917 -58.4345734 50
243073937 1295.822944150275 352.7567843549959 -34.6114715 -58.433455 50
243073938 1578.237073455352 495.960574701688 -34.6101806 -58.4303762 50
243073939 1432.131699557023 419.205827981963 -34.6108725 -58.431969 50
243073940 1390.248403649688 314.7399442038259 -34.6118142 -58.4324256 50
243073941 1335.357986936484 455.503202063622 -34.6105453 -58.433024 50
243073942 1313.939350066694 596.466139854125 -34.6092746 -58.4332575 50
243073944 1362.573873698875 386.2808260645411 -34.6111693 -58.4327273 50
243073963 1503.111319297063 537.5605602777567 -34.6098056 -58.4311952 50
243073964 1445.744229370581 655.183132827623 -34.6087453 -58.4318206 50
243073966 1419.629086258537 715.0316454098751 -34.6082058 -58.4321053 50
243073967 1399.182772946941 763.8644818112325 -34.6077656 -58.4323282 50
243073970 1420.133593764751 655.1720394990801 -34.6087454 -58.4320998 50
243506909 1248.967956086932 44.50643790198797 -34.6142502 -58.4339658 50
245418442 1265.378209345314 1419.069801298059 -34.6018593 -58.4337869 50
245418445 1324.598217751434 1338.077402713658 -34.6025894 -58.4331413 50
249834942 1161.642293134585 1121.025317973161 -34.604546 -58.4349178 50
249834944 1346.191139031168 935.7889021998279 -34.6062158 -58.4329059 50
249834949 1352.722218025944 858.4018356988232 -34.6069134 -58.4328347 50
249834950 1273.587922407451 1054.83142092385 -34.6051427 -58.4336974 50
249834954 1027.608407938163 1132.240674084057 -34.6044449 -58.436379 50
249834956 1116.310000454609 1131.186807782865 -34.6044544 -58.435412 50
249834958 1305.426932502462 745.0501950013778 -34.6079352 -58.4333503 50
249834959 1223.192208934716 1096.142979933812 -34.6047703 -58.4342468 50
249834963 1001.575820600478 1125.773262992442 -34.6045032 -58.4366628 50
249834966 1309.068559413329 1015.095114701757 -34.6055009 -58.4333106 50
249834967 1332.69785644737 968.8359307411008 -34.6059179 -58.433053 50
249834968 1343.054019627682 810.1125724419345 -34.6073487 -58.4329401 50
249834970 981.1937173361251 1116.443772894724 -34.6045873 -58.436885 50
249834972 918.5614036139319 1078.282719459795 -34.6049313 -58.4375678 50
249834975 864.5240632291631 1005.466104707272 -34.6055877 -58.4381569 50
249834976 852.4709202555402 962.1244664024896 -34.6059784 -58.4382883 50
249834978 849.6365053541488 930.2866107747105 -34.6062654 -58.4383192 50
314660490 1350.933509593548 908.4438450150857 -34.6064623 -58.4328542 50
314660491 1360.528325082176 933.5036763259396 -34.6062364 -58.4327496 50
314660502 983.5970076397696 678.4125647736578 -34.6085359 -58.4368588 50
314660510 1011.895292326557 666.1211557016611 -34.6086467 -58.4365503 50
314660521 973.5802404192868 685.2349624082826 -34.6084744 -58.436968 50
314660523 949.0978670556444 670.8025407454512 -34.6086045 -58.4372349 50
314662374 1319.488932639717 994.7610417523931 -34.6056842 -58.433197 50
314662375 1333.018906678915 1002.138105860735 -34.6056177 -58.4330495 50
314670047 814.0274482561192 666.5648888821872 -34.6086427 -58.4387074 50
314671747 813.3303106093441 840.9187484277246 -34.607071 -58.438715 50
314671748 684.5249577555667 839.5764555597201 -34.6070831 -58.4401192 50
314671749 458.6431877756543 766.9373340801137 -34.6077379 -58.4425817 50
314695041 1618.359179520967 1516.313927580156 -34.6009827 -58.4299388 50
600212689 1193.041005769458 671.4237671974822 -34.6085989 -58.4345755 50
600212690 1038.258102758179 665.8327291348483 -34.6086493 -58.4362629 50
1043120745 896.2713446874232 1059.346406025384 -34.605102 -58.4378108 50
1043120749 1186.574136821924 1112.716414186772 -34.6046209 -58.434646 50
1043120777 1173.686263245817 667.8073417841324 -34.6086315 -58.4347865 50
1135867237 1096.25812028536 666.864408777543 -34.60864 -58.4356306 50
1135867243 1224.173705355302 683.7151762680677 -34.6084881 -58.4342361 50
1135940964 1102.13792595232 1132.551287310073 -34.6044421 -58.4355665 50
1135940970 1118.529833483585 1147.638215411269 -34.6043061 -58.4353878 50
1357149514 1415.336186019853 1198.711904369521 -34.6038457 -58.4321521 50
1399347912 1562.927563847316 764.4302416156095 -34.6077605 -58.4305431 50
1399347913 1501.579451050137 761.8344025150001 -34.6077839 -58.4312119 50
1399347929 1239.629980783773 691.2919203078229 -34.6084198 -58.4340676 50
1422573865 514.230742134466 1423.374013138931 -34.6018205 -58.4419757 50
1422573869 493.7018730496779 1365.988219702778 -34.6023378 -58.4421995 50
1422573872 1124.978356704002 1129.378595076543 -34.6044707 -58.4353175 50
1422573881 828.8691418121746 1041.441772233667 -34.6052634 -58.4385456 50
1422573900 803.497000664697 932.2501300940404 -34.6062477 -58.4388222 50
1422573901 835.4919494437015 935.3007957023076 -34.6062202 -58.4384734 50
1422573906 811.8993438650613 894.4884365198204 -34.6065881 -58.4387306 50
1422573915 1333.394994092978 785.6961542416087 -34.6075688 -58.4330454 50
1422573918 1127.088115367943 349.861425359031 -34.6114976 -58.4352945 50
1422573919 993.4761819045426 296.413763890786 -34.6119794 -58.4367511 50
1436010070 679.9568716054637 964.0214257442112 -34.6059613 -58.440169 50
1436010074 88.84835833571412 933.0488498168706 -34.6062405 -58.4466131 50
1436034220 2376.542233232805 534.0217881719692 -34.6098375 -58.4216733 50
1678850809 593.6218779384287 355.4080901025541 -34.6114476 -58.4411102 50
2264951803 1230.172758252022 1101.268098156717 -34.6047241 -58.4341707 50
2264951810 1358.87720960549 910.6736042420257 -34.6064422 -58.4327676 50
2264951811 1321.341851118188 721.7652964083948 -34.6081451 -58.4331768 50
2264951815 1311.297565305863 740.257876663691 -34.6079784 -58.4332863 50
2264951818 1182.914164183941 1121.180624586169 -34.6045446 -58.4346859 50
2267223665 1198.434649658487 654.9945462268697 -34.608747 -58.4345167 50
2287000259 1222.641837109543 655.0943861922235 -34.6087461 -58.4342528 50
2309992447 1302.9319135609 718.6591641517679 -34.6081731 -58.4333775 50
2461001951 314.0238178064599 1118.08558565879 -34.6045725 -58.4441583 50
2461001952 387.801160992491 1028.717723311804 -34.6053781 -58.443354 50
2499524581 1209.020134432427 675.9498456268534 -34.6085581 -58.4344013 50
2499525602 1081.774168416251 666.4761422460821 -34.6086435 -58.4357885 50
2499528345 1347.952328874055 925.6606923778687 -34.6063071 -58.4328867 50
2499528347 1351.493054282279 901.0002209291355 -34.6065294 -58.4328481 50
2636745415 770.3095795974286 397.2743155862329 -34.6110702 -58.439184 50
2715927477 812.1745297764808 286.3964873641351 -34.6120697 -58.4387276 50
3261074134 814.0641397115198 674.0306996266346 -34.6085754 -58.438707 50
3261074135 740.4335623447568 1038.180333364738 -34.6052928 -58.4395097 50
3261074137 747.8819277152102 1024.979271275309 -34.6054118 -58.4394285 50
3261074141 1349.37412275478 835.083657117389 -34.6071236 -58.4328712 50
3261074148 1259.388329313319 1068.997602679071 -34.605015 -58.4338522 50
3261087677 621.4156551178346 1248.476580448219 -34.6033971 -58.4408072 50
3261087678 683.8828572924758 1138.452938596605 -34.6043889 -58.4401262 50
3261087679 818.8156831362913 577.2081198637442 -34.6094482 -58.4386552 50
3264602292 775.8775078964015 381.6549076691099 -34.611211 -58.4391233 50
3267531423 1121.978830255058 1250.329166472947 -34.6033804 -58.4353502 50
3267531429 1185.078960029232 633.8617535539698 -34.6089375 -58.4346623 50
3365058873 625.5526166713576 1241.055143021472 -34.603464 -58.4407621 50
3365058875 942.4475408322754 686.4552286517306 -34.6084634 -58.4373074 50
3365058877 1244.564981484381 655.1054795221777 -34.608746 -58.4340138 50
3365058892 529.7787461996879 1435.121849065753 -34.6017146 -58.4418062 50
3365065902 956.0600706458335 696.3837585429825 -34.6083739 -58.437159 50
3365065903 1003.199417485322 667.8739017610349 -34.6086309 -58.4366451 50
3365065904 971.7823591221658 650.4240944783875 -34.6087882 -58.4369876 50
3365065905 939.7507188889277 635.8363662025483 -34.6089197 -58.4373368 50
3367301744 2082.249245366383 668.2621682924957 -34.6086274 -58.4248816 50
3367301746 2372.18512295038 674.7517660426081 -34.6085689 -58.4217208 50
3367301747 2357.664479624703 674.3302195219902 -34.6085727 -58.4218791 50
3367301750 1797.26671421011 659.0325181601318 -34.6087106 -58.4279884 50
3367301752 1597.29828433929 655.6490526659406 -34.6087411 -58.4301684 50
3407707080 1398.265486572431 1402.6073003397 -34.6020077 -58.4323382 50
3436435493 914.8647395193805 1276.076784211323 -34.6031483 -58.4376081 50
3436435495 1102.339728955272 1293.016298338659 -34.6029956 -58.4355643 50
3436435497 1264.268292831409 1278.42857006282 -34.6031271 -58.433799 50
3436435499 1364.206643447277 1169.259114582395 -34.6041112 -58.4327095 50
3436437407 1587.813543215696 1176.21463217012 -34.6040485 -58.4302718 50
3436437409 1874.960870219595 1155.847279232304 -34.6042321 -58.4271414 50
3836645766 772.9697100865428 390.0192781024471 -34.6111356 -58.439155 50
3836645796 395.3871193186541 1297.620030075592 -34.6029541 -58.4432713 50
3836645798 536.1080221915115 1123.798650344569 -34.604521 -58.4417372 50
3836645800 680.9842323450086 958.7520942382527 -34.6060088 -58.4401578 50
3836645802 683.8461658382423 743.0644890235509 -34.6079531 -58.4401266 50
3836645805 696.5872735939149 606.4501363916195 -34.6091846 -58.4399877 50
3836645808 711.2730284659767 566.4919635796165 -34.6095448 -58.4398276 50
3836713732 657.2081694916998 983.0908591324275 -34.6057894 -58.440417 50
3931528535 1310.756366345416 1437.296141645745 -34.601695 -58.4332922 50
3931528538 1360.216447714189 1417.605481806203 -34.6018725 -58.432753 50
3931528542 1700.263679994776 1361.706194521814 -34.6023764 -58.4290459 50
3931528543 1720.920969171716 1358.9328621497 -34.6024014 -58.4288207 50
3931528550 879.2923738767514 649.8250546855592 -34.6087936 -58.4379959 50
3931528551 866.1384872504485 649.7695880386109 -34.6087941 -58.4381393 50
3931528555 1353.832134541015 954.7806822818931 -34.6060446 -58.4328226 50
3931528556 1287.512329587829 704.91452891787 -34.608297 -58.4335456 50
3931530661 1164.155657803264 1410.417004297909 -34.6019373 -58.4348904 50
3931530663 1133.701750135911 1448.666804368944 -34.6015925 -58.4352224 50
3931530664 1402.81522699425 1388.230345324523 -34.6021373 -58.4322886 50
3931530665 1244.592500076223 1316.866956734607 -34.6027806 -58.4340135 50
3931530666 1361.922600373392 1017.025354033341 -34.6054835 -58.4327344 50
4131908755 1331.01004951645 1429.17582446011 -34.6017682 -58.4330714 50
4131908757 1642.208625286244 1368.817018722546 -34.6023123 -58.4296788 50
4181081898 1474.281008514554 1479.228927105621 -34.601317 -58.4315095 50
4181081906 1177.410445929876 1248.709540367378 -34.603395 -58.4347459 50
4362136098 227.2668724064033 1046.844223694137 -34.6052147 -58.4451041 50
4366715506 1200.287568136959 1106.504149674224 -34.6046769 -58.4344965 50
4366715583 995.8794722081871 671.2240872667747 -34.6086007 -58.4367249 50
4366715584 1043.780166740526 665.9991290778103 -34.6086478 -58.4362027 50
4367059261 1262.855671813076 1065.536483879435 -34.6050462 -58.4338144 50
4430139603 1282.494773114029 719.9792703612753 -34.6081612 -58.4336003 50
4430147440 1056.833151864186 666.1655290207722 -34.6086463 -58.4360604 50
4430170764 1236.547898562804 1086.12570340716 -34.6048606 -58.4341012 50
4443221422 1293.722358351059 710.2393270714826 -34.608249 -58.4334779 50
4466872801 570.974077326141 1340.040922033694 -34.6025717 -58.4413571 50
4466872802 1414.107022277356 1186.620175228938 -34.6039547 -58.4321655 50
4466872803 1296.410007430849 1052.457448413856 -34.6051641 -58.4334486 50
4466872804 1286.934439170814 1042.273771944949 -34.6052559 -58.4335519 50
4466872805 1307.371579618851 1039.50043957354 -34.6052809 -58.4333291 50
4466872806 1297.153009394249 1030.625775984186 -34.6053609 -58.4334405 50
4466872807 1368.994878327449 872.34615086484 -34.6067877 -58.4326573 50
4466872808 1353.089132576448 873.2003372346185 -34.60678 -58.4328307 50
4466872809 1368.123456270731 854.5080770493204 -34.6069485 -58.4326668 50
4466872810 1360.895239631514 820.4737421837583 -34.6072553 -58.4327456 50
4466872811 1346.292040533811 781.957702204408 -34.6076025 -58.4329048 50
4466884080 1477.610758057434 771.640905782401 -34.6076955 -58.4314732 50
4466884081 1482.252227118338 767.0149873855592 -34.6077372 -58.4314226 50
4466884082 1488.764960384831 762.9437354638458 -34.6077739 -58.4313516 50
4466884084 1415.16190160991 732.9695591900429 -34.6080441 -58.432154 50
4466884085 1418.326539605238 724.4609754736523 -34.6081208 -58.4321195 50
4466884088 803.2126418885521 638.3989253140008 -34.6088966 -58.4388253 50
4467070273 882.8606178779846 1040.12166602416 -34.6052753 -58.437957 50
4467070275 871.9082185535408 1021.396125851116 -34.6054441 -58.4380764 50
4467070276 845.9490141243226 1003.635705341748 -34.6056042 -58.4383594 50
4467070277 842.9953519955051 996.1588012680515 -34.6056716 -58.4383916 50
4467070278 859.7266554854325 988.2048840253783 -34.6057433 -58.4382092 50
4467070279 839.8031954095017 985.8752848337903 -34.6057643 -58.4384264 50
4467070281 837.4641151519329 973.5062224556425 -34.6058758 -58.4384519 50
4467070287 816.6967516087918 908.3329117197778 -34.6064633 -58.4386783 50
4467070690 850.7831133246207 893.5122235254854 -34.6065969 -58.4383067 50
4467073408 913.2686612263788 1073.85648099366 -34.6049712 -58.4376255 50
4467073409 909.0858353538969 1070.794722056145 -34.6049988 -58.4376711 50
4467073410 902.7565593632403 1065.658510503285 -34.6050451 -58.4377401 50
4467073413 836.9137433255929 916.220268984843 -34.6063922 -58.4384579 50
4467077253 537.2362844336997 947.6809514097039 -34.6061086 -58.4417249 50
4467077256 548.6198083535567 921.2233605831915 -34.6063471 -58.4416008 50
4467085979 538.8140169995847 695.9733053516131 -34.6083776 -58.4417077 50
4467088892 999.2367403440763 1161.41613063503 -34.6041819 -58.4366883 50
4467088893 1084.039865763018 1151.254640824619 -34.6042735 -58.4357638 50
4467088894 1094.643696264075 1150.378267795638 -34.6042814 -58.4356482 50
4467088895 1150.570646582715 1141.43704422797 -34.604362 -58.4350385 50
4467088896 1075.986091386042 1134.170913414936 -34.6044275 -58.4358516 50
4467088897 1048.889451852244 1133.294540385249 -34.6044354 -58.436147 50
4467088898 1016.435859884817 1129.511715030349 -34.6044695 -58.4365008 50
4467095525 1292.649133291389 729.5860936965574 -34.6080746 -58.4334896 50
4467095529 1268.010821243753 708.1870611174588 -34.6082675 -58.4337582 50
4468301939 681.7272343107428 952.8393496210603 -34.6060621 -58.4401497 50
4468376527 1327.54270701786 486.8529511931747 -34.6102627 -58.4331092 50
4468376528 1330.138627459732 473.3523692076842 -34.6103844 -58.4330809 50
4468376529 992.5497226653068 310.2027724437951 -34.6118551 -58.4367612 50
4468376530 992.8340814426188 302.8035216762501 -34.6119218 -58.4367581 50
4533152296 825.6678123614458 911.6941905540605 -34.606433 -58.4385805 50
4533152297 804.2675212199392 906.3139257534996 -34.6064815 -58.4388138 50
4533152298 849.7832711745839 901.6547273682064 -34.6065235 -58.4383176 50
4533152300 852.8928719885619 869.3842318912667 -34.6068144 -58.4382837 50
4536476560 633.8724040973623 961.5254266103668 -34.6059838 -58.4406714 50
4536476562 1463.658832285214 1464.419332241283 -34.6014505 -58.4316253 50
4536476584 819.8155252851611 1036.172440727003 -34.6053109 -58.4386443 50
4690560861 1236.263539785493 663.8692098169297 -34.608667 -58.4341043 50
4690560864 949.4556087425904 662.4492636420684 -34.6086798 -58.437231 50
4690560866 950.7031182133716 699.7228507180624 -34.6083438 -58.4372174 50
4693744542 667.6377155816458 648.0723086268911 -34.6088094 -58.4403033 50
4693744552 739.598831743439 648.7600950551189 -34.6088032 -58.4395188 50
4700588599 1509.743299793316 1528.782829924363 -34.6008703 -58.4311229 50
5035956828 587.0816260800943 945.828365385682 -34.6061253 -58.4411815 50
5035956830 571.9188822936605 940.7476204811824 -34.6061711 -58.4413468 50
5035956832 780.9776201445607 1015.261514644013 -34.6054994 -58.4390677 50
5035956833 790.8476215446083 1020.575219468378 -34.6054515 -58.4389601 50
5035956842 943.7776060774161 705.8019952768054 -34.608289 -58.4372929 50
5035956844 1066.767363311476 666.287555644623 -34.6086452 -58.4359521 50
5035956845 1320.929072249892 765.5617612229523 -34.6077503 -58.4331813 50
5035956846 1333.468377002612 758.5840569753196 -34.6078132 -58.4330446 50
5035956849 1334.624157836642 788.791193168987 -34.6075409 -58.433032 50
5035956850 1358.299319189642 745.3053415797393 -34.6079329 -58.4327739 50
5035956852 1583.768310300091 840.3086153063534 -34.6070765 -58.4303159 50
5035956854 1846.882734262877 818.3992895698261 -34.607274 -58.4274475 50
5035956856 2074.626595584819 818.8319294189868 -34.6072701 -58.4249647 50
5397028361 439.664532666076 422.234306931733 -34.6108452 -58.4427886 50
5397451186 850.0676299518958 1360.996221434383 -34.6023828 -58.4383145 50
5397451188 842.9861791319468 1370.347898191304 -34.6022985 -58.4383917 50
5397451189 985.8627049877043 1179.209831131438 -34.6040215 -58.4368341 50
5397451193 1207.745106369804 1119.694118434405 -34.604558 -58.4344152 50
5397451194 1257.939016840753 1088.222342679589 -34.6048417 -58.433868 50
5397451195 1274.523554510245 1074.233654197284 -34.6049678 -58.4336872 50
5397451200 1431.884032236279 907.0017121810217 -34.6064753 -58.4319717 50
5397451205 1430.654868492615 885.5361196236094 -34.6066688 -58.4319851 50
5397451211 1296.813613436754 712.9793794544399 -34.6082243 -58.4334442 50
5397451213 1155.349708598162 667.5854751942221 -34.6086335 -58.4349864 50
5397451214 1139.535691483912 667.396888592763 -34.6086352 -58.4351588 50
5397451216 1058.667724614374 620.8381847367511 -34.6090549 -58.4360404 50
5397451218 1061.21778073962 610.3660817010307 -34.6091493 -58.4360126 50
5397451220 1121.263346882333 360.755074914664 -34.6113994 -58.435358 50
5397454921 1194.059193646611 180.510657411842 -34.6130242 -58.4345644 50
5910755448 1661.251490441898 1366.309926258042 -34.6023349 -58.4294712 50
5910755450 1348.603602199538 1422.220306872385 -34.6018309 -58.4328796 50
5910755451 1345.741668708638 1423.362919808977 -34.6018206 -58.4329108 50
5968648999 771.5754347953266 1010.214049727965 -34.6055449 -58.4391702 50
6379863683 166.7901816671102 847.6634927561985 -34.6070102 -58.4457634 50
6565448042 1092.387171780865 1432.747876555054 -34.601736 -58.4356728 50
6566687245 704.099849009277 586.0051301476532 -34.6093689 -58.4399058 50
6614169178 885.0896237705188 1272.549105434784 -34.6031801 -58.4379327 50
6737789886 936.1274377063443 715.4864719189442 -34.6082017 -58.4373763 50
6737789887 887.0526166128578 780.926022562419 -34.6076118 -58.4379113 50
6737789888 905.2240597129604 769.799413086922 -34.6077121 -58.4377132 50
6737789889 862.3134030649127 846.9978929871733 -34.6070162 -58.438181 50
6737789890 842.1422756659035 896.4630491691046 -34.6065703 -58.4384009 50
6737789907 873.5134697101008 1086.635996563178 -34.604856 -58.4380589 50
6737789908 888.2726074929639 1078.060852869884 -34.6049333 -58.437898 50
6737789910 877.32020816852 1031.413402377062 -34.6053538 -58.4380174 50
6737789911 879.4116211053445 1060.067472442063 -34.6050955 -58.4379946 50
6737859145 499.3890485772436 1363.048487389818 -34.6023643 -58.4421375 50
6737859150 556.0223094050509 1319.640289106722 -34.6027556 -58.4415201 50
6737859151 695.8717902200229 1276.930970581807 -34.6031406 -58.4399955 50
6737859152 673.1139152438677 1263.951775082288 -34.6032576 -58.4402436 50
6737859153 705.9527674889155 1261.777482503002 -34.6032772 -58.4398856 50
6748864863 1325.166935303724 1133.549686962905 -34.6044331 -58.4331351 50
6765175688 790.7558929078574 442.601659869548 -34.6106616 -58.4389611 50
6765175693 814.1283497575954 683.2825364182013 -34.608492 -58.4387063 50
6765175695 830.9605547489991 766.7376541487005 -34.6077397 -58.4385228 50
6765175696 931.6969445119511 704.6371956810115 -34.6082995 -58.4374246 50
6765175697 939.0810998351617 711.3264733611256 -34.6082392 -58.4373441 50
6765175698 1310.958169347201 751.8504059767999 -34.6078739 -58.43329 50
6765175699 1171.090342802778 1118.107772317287 -34.6045723 -58.4348148 50
6765175701 1006.776834351281 1395.097116277553 -34.6020754 -58.4366061 50
6771050100 682.855496551764 929.7652242880332 -34.6062701 -58.4401374 50
6839233080 1064.740160421895 1151.531974062184 -34.604271 -58.4359742 50
7008488154 700.3664934616588 648.3829218522009 -34.6088066 -58.4399465 50
7008488155 683.4517326970628 664.7344895166624 -34.6086592 -58.4401309 50
7008488156 673.2331624724607 648.1388686037935 -34.6088088 -58.4402423 50
7008488157 687.0108038335707 636.4464993246252 -34.6089142 -58.4400921 50
7008488158 773.4925633210407 434.6588359575351 -34.6107332 -58.4391493 50
7008488159 756.2108880047733 438.4749413001809 -34.6106988 -58.4393377 50
7008488160 748.7992140908875 423.2659865744279 -34.6108359 -58.4394185 50
7008488161 763.4115860521483 417.4863619110399 -34.610888 -58.4392592 50
7008488162 838.8216989865816 218.9046707659299 -34.6126781 -58.4384371 50
7008488163 853.7642940452803 211.560886645334 -34.6127443 -58.4382742 50
7008526923 587.6136521781506 647.6507621062732 -34.6088132 -58.4411757 50
7017426018 1163.614458842817 1120.415184851084 -34.6045515 -58.4348963 50
7177927468 434.2525430499297 1216.583258173492 -34.6036846 -58.4428476 50
7177927469 441.7559456029004 1222.917549310596 -34.6036275 -58.4427658 50
7177927470 645.8062998435591 1239.945810072626 -34.603474 -58.4405413 50
7177927472 1283.650553946893 1065.447737243329 -34.605047 -58.4335877 50
7177927474 1187.234583012132 197.993744682941 -34.6128666 -58.4346388 50
7236235098 1101.367405397078 1440.014007369499 -34.6016705 -58.4355749 50
7236235099 959.0412513676602 1328.448392719174 -34.6026762 -58.4371265 50
7236235100 893.5836956076338 1279.338223080958 -34.6031189 -58.4378401 50
7236235104 664.8583378639386 1101.478871416673 -34.6047222 -58.4403336 50
7236235105 652.4474532022027 1092.171567977452 -34.6048061 -58.4404689 50
7236235107 682.2042232251147 942.9884730366653 -34.6061509 -58.4401445 50
7236235109 683.4700784241795 672.6329401109761 -34.608588 -58.4401307 50
7418359118 1158.59690236785 1237.594024221835 -34.6034952 -58.434951 50
7557290597 914.8830852476642 1075.209867191619 -34.604959 -58.4376079 50
8265649074 549.9773921893723 710.3391670375421 -34.6082481 -58.441586 50
8379873059 601.8866281819163 1468.945410672065 -34.6014097 -58.4410201 50
8439903747 769.2547002648746 1227.576747694478 -34.6035855 -58.4391955 50
8584860275 597.2084676667787 1289.666112833625 -34.6030258 -58.4410711 50
8584860276 598.8137188245057 1315.258423958993 -34.6027951 -58.4410536 50
8584860277 589.585817886382 1310.854372153472 -34.6028348 -58.4411542 50
8584860278 592.6587272437926 1299.827602643329 -34.6029342 -58.4411207 50
