94300532 3836713732
3836713732 199456922
81860665 199458011
199458011 81860667
191194983 196223172
196223172 314695041
314695041 191194996
196223103 196223108
4466872802 1357149514
1357149514 196223146
199456912 199456922
199457328 6765175688
6765175688 7008488158
7008488158 199457317
4467070287 1422573906
1422573906 314671747
314671747 199458068
199457524 243073963
243073963 199457508
199457508 243073941
199457794 4467088892
4467088892 5397451189
5397451189 199457966
196138193 199457848
199457848 243073967
243073967 5035956850
5035956850 199457804
199457901 199458116
199458116 199457892
199457892 199457865
199457865 243073942
243073942 199457856
199457413 8584860277
8584860277 8584860278
8584860278 8584860275
8584860275 3261087677
3261087677 3365058873
3365058873 199457397
6737789888 199458056
199458056 6765175695
6765175695 199458068
199458106 3365065905
3365065905 199458116
199458116 4468376529
4468376529 4468376530
4468376530 1422573919
1422573919 199458139
4467073413 1422573901
1422573901 199475597
199475597 199475607
199475607 4467070281
4467070281 4467070279
4467070279 4467070277
4467070277 4467070276
4467070276 199475622
196223126 3436435499
3436435499 199475797
199475817 199475808
196138263 196223126
224019746 199458169
199458169 199457563
199457563 243073939
243073939 199457508
181095380 6737859152
6737859152 7177927470
7177927470 199457397
199457397 199456900
199457925 6614169178
6614169178 7236235100
7236235100 199457934
241878207 241878211
241878211 241878209
243073938 243073939
243073939 243073944
243073944 243073937
243073940 243073944
243073944 243073941
243073963 243073964
243073970 243073966
243073966 4466884085
4466884085 4466884084
4466884084 243073967
89139452 3931530664
3931530664 245418445
245418442 245418445
4533152300 4467070690
4467070690 4533152298
4533152298 249834978
249834978 249834976
249834976 4467070278
4467070278 249834975
249834975 4467070275
4467070275 6737789910
6737789910 4467070273
4467070273 1043120745
196223022 89184684
89184684 191195032
191195032 181113601
4467070287 6737789887
6737789887 199458056
199458056 6765175696
314660521 3365065902
3365065902 4690560866
4690560866 5035956842
5035956842 6765175697
199475797 3436435497
3436435497 199457836
81574365 81574368
181113601 5397451200
5397451200 181113602
181113602 181113603
314671747 314671748
199457373 4466884088
4466884088 3261087679
3261087679 199457328
196138227 5035956856
5035956856 196138210
196138210 241878213
241878213 5035956854
5035956854 196222668
196222668 196222653
196222653 5035956852
5035956852 196138193
600212690 314660510
314660510 3365065903
3365065903 4366715583
4366715583 314660502
314660502 314660521
600212689 1043120777
1043120777 5397451213
5397451213 5397451214
5397451214 1135867237
1135867237 2499525602
2499525602 5035956844
5035956844 4430147440
4430147440 4366715584
4366715584 600212690
249834958 4467095525
4467095525 4430139603
4430139603 4467095529
4467095529 1399347929
1399347929 1135867243
1135867243 2499524581
2499524581 600212689
199457317 7008488161
7008488161 2636745415
2636745415 3836645766
3836645766 3264602292
3264602292 2715927477
2715927477 7008488162
7008488162 199457482
199457317 7008488160
7008488160 199854572
181095380 8584860276
8584860276 199457413
199458106 3365065904
194122329 7008488157
7008488157 3836645805
3836645805 6566687245
6566687245 3836645808
3836645808 7008488159
7008488159 199457317
194122329 7008488154
7008488154 4693744552
4693744552 199457373
199457373 3931528551
3931528551 3931528550
3931528550 199458106
199475570 6737789907
6737789907 199475557
199475557 199457734
181095379 199457956
199457956 199457925
199457925 8439903747
8439903747 199457734
199457112 199457153
199457153 199854572
82638856 181114848
1399347912 1399347913
1399347913 4466884082
4466884082 4466884081
4466884081 4466884080
4466884080 199457848
199475786 5397451193
5397451193 81574368
199457794 181095379
199475786 2264951803
2264951803 249834959
199475797 199475786
199457836 3931530665
3931530665 199457978
81859995 4700588599
4700588599 4181081898
4181081898 4536476562
4536476562 81860665
81860665 89139452
314660523 4690560864
4690560864 199458106
199458068 6765175693
6765175693 3261074134
3261074134 314670047
314670047 199457373
199457460 2267223665
2267223665 2287000259
314662375 199475725
199475725 4466872805
4466872805 4466872803
4466872803 7177927472
7177927472 5397451195
5397451195 5397451194
5397451194 199475786
314662375 3931530666
3931530666 199475817
314662374 314662375
199475817 6748864863
6748864863 199475797
191195022 195796149
195796149 194441260
194441260 196222998
196222998 194441259
194441259 196222823
196222823 1436034220
181095379 6737789908
6737789908 199475570
165696092 199457460
191195009 199457524
199457524 243073938
243073938 191195022
191195009 3367301752
3367301752 191195051
191195051 3367301750
3367301750 89184685
89184685 241878215
241878215 196223010
196223010 3367301744
3367301744 196222757
196222757 196222844
196222844 3367301747
3367301747 3367301746
3367301746 89139821
199457443 2264951811
2264951811 199475669
82529570 1436010074
1436010074 199456788
199456788 199456796
199456796 4362136098
4362136098 199456810
199456810 2461001951
2461001951 199456822
199456822 7177927468
7177927468 7177927469
7177927469 199456835
199456835 6737859150
6737859150 107928838
199458081 314671748
314671748 199458034
194122329 7008488155
7008488155 7236235109
7236235109 3836645802
3836645802 199458081
199475570 1422573881
199458068 199458081
199458044 199458034
199458081 199458091
199458091 314671749
199458034 6771050100
6771050100 7236235107
7236235107 4468301939
4468301939 3836645800
3836645800 1436010070
1436010070 94300532
199458034 4533152297
4533152297 4467070287
4467070287 4533152296
4533152296 4467073413
199457386 1422573900
1422573900 4467070287
249834959 4430170764
4430170764 3261074148
3261074148 4367059261
4367059261 249834950
1043120749 4366715506
4366715506 249834959
81574368 4467088895
4467088895 1135940970
249834956 1422573872
1422573872 249834942
249834942 7017426018
7017426018 6765175699
6765175699 1043120749
1135940970 4467088894
4467088894 4467088893
4467088893 199475764
199475764 6839233080
6839233080 199457794
199457700 3365058892
3365058892 1422573865
81574368 2264951818
2264951818 1043120749
199475669 2264951815
2264951815 249834958
249834970 249834963
249834963 4467088898
4467088898 249834954
199457734 6737859153
6737859153 181095380
1422573869 6737859145
6737859145 107928838
107928838 199457413
199457397 3261087678
3261087678 199457914
199457914 3261074135
3261074135 3261074137
3261074137 199457386
199457734 199457720
181113603 2264951810
2264951810 314660490
199457700 8379873059
8379873059 199457712
199457712 199457720
2287000259 3365058877
3365058877 199457443
199457443 243073970
243073970 243073964
243073964 191195009
199457126 5397028361
5397028361 199457141
2287000259 4690560861
4690560861 199475653
199475653 3931528556
3931528556 4443221422
4443221422 5397451211
5397451211 2309992447
2309992447 199475669
199475669 5035956846
5035956846 4466872811
4466872811 199475681
199475681 4466872810
4466872810 199475693
199475693 4466872809
4466872809 4466872807
4466872807 199475705
199475705 181113603
181113603 314660491
314660491 3931528555
3931528555 199475716
199475716 314662375
1043120745 4467073410
4467073410 4467073409
4467073409 4467073408
4467073408 7557290597
7557290597 249834972
3267531429 199457865
199457865 199457495
199457495 243073937
243073937 199457553
196138263 199457836
223629029 243506909
243506909 223629049
223629049 5397454921
5397454921 7177927474
7177927474 165696090
165696090 1422573918
1422573918 5397451220
5397451220 199457892
199457892 5397451218
5397451218 5397451216
5397451216 165696092
249834972 249834970
249834950 4466872804
4466872804 4466872806
4466872806 249834966
249834966 314662374
199457804 199475669
314662374 249834967
249834967 249834944
249834944 2499528345
2499528345 314660490
314660490 2499528347
2499528347 4466872808
4466872808 249834949
249834949 3261074141
3261074141 249834968
249834968 5035956849
5035956849 1422573915
1422573915 5035956845
5035956845 6765175698
6765175698 249834958
181114848 7008526923
7008526923 4693744542
4693744542 7008488156
7008488156 194122329
94300532 4536476560
4536476560 5035956828
5035956828 5035956830
5035956830 181104757
181104757 199456627
107928838 4466872801
4466872801 199457712
199457712 199457786
1678850809 199457141
199457141 199457090
199457112 199457090
199457141 199457153
82638855 4467085979
4467085979 82638856
199456922 3836645798
3836645798 199456900
199456900 199456835
199456835 3836645796
3836645796 94300528
199456922 7236235105
7236235105 7236235104
7236235104 199457914
199457914 199475557
181104757 4467077256
4467077256 199458044
199458044 199458091
199458091 8265649074
8265649074 82638856
199456900 199456885
199456885 2461001952
2461001952 199456871
199456871 199456860
199456860 6379863683
6379863683 199456847
196222556 241878207
241878207 181113601
191194996 4131908757
4131908757 5910755448
5910755448 3931528542
3931528542 3931528543
3931528543 195953154
195953154 89184683
1422573881 4536476584
4536476584 5035956833
5035956833 5035956832
5035956832 5968648999
5968648999 199457386
199475622 6737789911
6737789911 199475570
243073941 199457495
199457495 243073936
243073936 1422573918
1422573918 199458139
199458139 199457352
199457352 7008488163
7008488163 199457482
199457386 94300532
199457328 199457901
199457966 3436435493
3436435493 199457934
199457934 5397451186
5397451186 5397451188
5397451188 237953509
237953509 199457786
199457966 199457956
199457978 3436435495
3436435495 81574364
81574364 199457966
199457978 3931530661
3931530661 3931530663
3931530663 199457944
243073941 4468376528
4468376528 4468376527
4468376527 243073942
199457836 4181081906
4181081906 7418359118
7418359118 81574365
245418445 196138263
199458003 3931528535
3931528535 4131908755
4131908755 5910755451
5910755451 5910755450
5910755450 3931528538
3931528538 3407707080
3407707080 89139452
199458003 245418442
245418442 199457978
3365065904 165696092
196138305 196223031
196223031 3436437409
3436437409 196138292
196138292 196222679
196222679 3436437407
3436437407 196222556
196222556 196223103
196223103 4466872802
4466872802 196223126
199457460 3267531429
89139452 196223146
196223146 196223108
196223108 191194996
196138193 1399347912
1399347912 191195009
199457848 5397451205
5397451205 181113602
181113602 199475817
181113601 196138193
199457856 199457443
199457508 199457856
191194996 196222556
199475808 181113601
196223126 199475808
237953509 199457720
199457720 6737859151
6737859151 181095380
81574361 237953509
81574363 6565448042
6565448042 7236235098
7236235098 199457944
199457934 7236235099
7236235099 81574363
81574365 199457794
81574361 6765175701
6765175701 81574363
81574363 81574364
81574364 3267531423
3267531423 81574365
6737789888 6737789889
6737789889 4533152300
4533152300 6737789890
6737789890 4467073413
6765175696 3365058875
3365058875 314660523
6765175697 6737789886
6737789886 6737789888
181114848 199457112
199475557 199457925
249834954 4467088897
4467088897 4467088896
4467088896 1135940964
1135940964 249834956
199456885 199456912
199456912 4467077253
4467077253 181104757
