4930984833 4930984831
4930984833 4930984835
4930984831 4930984845
4930984845 4930984827
4930984845 4930984841
4930984827 4930984824
4930984824 5822184173
5822184173 5822184169
5822184173 5822184174
5822184169 5822184167
5822184169 4930984823
5822184167 5822184164
5822184164 5822184163
5822184164 5822184170
5822184163 172797490
172797490 5841982550
172797490 5841982551
5841982550 172159394
172159394 4930984320
172159394 172552871
172159394 5841982536
172159394 172556199
4930984320 4930984823
172552871 172552869
172552869 172552867
172552867 653846737
653846737 653846981
653846737 653846982
5841982563 5841982551
1505632808 1505632817
1505632808 1505632809
1505632808 1505632829
1505632817 1505632818
1505632818 1505632811
1505632811 1505632810
1505632811 1505632814
1505632810 1505632809
1505632809 1505632814
1505632814 1505632822
1505632822 1505632823
1505632822 1505632831
1505632823 1505632825
1505632823 1505632833
1505632825 1505632826
1505632825 1505632833
1505632833 1505632834
1505632834 1505632831
1505632831 1505632829
172574676 172574674
172863744 172863737
172863737 172863727
172863727 172863709
653847535 653847530
653847530 653847524
653847524 653847517
653847517 653847511
653847511 4614310455
4614310455 4614310480
4614310455 4614310456
4614310480 4614310479
4614310480 653847483
4614310479 653846987
4614310479 3786422820
4614310479 4614310456
653846987 653846988
653846988 653846990
653846990 653846991
653846991 3786422829
653846991 3702888469
3786422829 3786422825
3786422825 3786422824
3786422824 3786422822
3786422822 3786422820
3786422820 4614310478
4614310478 4614310477
4614310477 4614310476
4614310476 4614310475
4614310475 4614310474
4614310474 4614310473
4614310473 4614310471
172716833 172263284
172263284 172263274
172263284 172263290
3702888437 653846997
653846997 653846995
653846995 653846993
653846993 3702888469
172263265 653847442
653847442 653847447
653847447 653847450
653847450 653847457
653847457 653847458
653847458 653847475
653847475 653847483
172218984 172218987
172218987 172218993
172218993 172218996
172218996 653857818
653857818 5854187888
5854187888 172218999
172218999 172219001
172263290 172263296
172263296 172263301
172263296 172668916
172263301 172263307
172263307 172263320
172263320 172263327
172263327 172263333
172263333 4844546155
4844546155 172263342
172263342 172263348
172263348 172263356
172668916 172668910
172668910 172668907
172668907 172668892
4614310464 773021204
773021204 2355165264
773021204 4614310462
2355165264 2355165266
2355165264 2355165305
2355165266 2355165275
2355165275 2355165314
2355165275 2355165269
2355165314 2355165311
2355165311 2355165310
2355165269 2355165271
2355165271 2355165274
2355165305 2355165306
2355165306 2355165297
2355165306 2355165293
2355165297 2355165299
2355165299 2355165287
2355165287 2355165279
2355165287 2355165290
2355165279 2355165284
2355165279 2355165277
2355165284 2355165281
2355165277 4614310458
2355165277 4614310460
4614310458 4614310457
4614310457 4614310456
4614310456 653846983
653846983 653846982
653846983 172380521
172380521 5835501136
5835501136 172380528
4614310460 4614310461
4614310461 4614310462
2355165290 2355165293
172459897 172459898
172459898 172207024
172207024 172459905
172459905 172459910
172459910 172459913
172459913 172459916
172459916 172459919
172459919 172459924
172459924 172459926
172459926 172459930
172459930 172608272
172459930 172459936
172608272 172608270
172608270 172608264
172608264 172608261
172608264 172846255
172608261 172608253
172608253 172363449
172363449 172608251
172363449 172363457
172363457 172363461
172363461 172610697
172872456 172694370
172694370 172694354
172694354 172872468
172694354 172694358
172872468 172872479
172872479 172871225
172871225 172871222
172871225 172871227
172871222 172871213
172871213 172871203
172871203 172871194
172871227 172871237
172871237 172459946
172459946 172459938
172459946 172459952
172459938 172459936
172459952 172459961
172459961 172459963
172459963 172459967
172459963 172710607
172459967 172459971
172459971 172164562
172164562 172164564
172164562 5536895296
172710607 172710614
172710614 172322790
172322790 172322800
172322790 172710623
172710623 172710633
172710633 172710642
172710642 172330997
172330997 172331002
172330997 172710646
172331002 172331015
172331015 172331022
172331022 172480310
172331022 172480313
172800585 172800579
172800579 172800568
172800568 172800565
172480313 172480314
172480314 172480323
172480323 172480326
172710646 172710652
5841982536 5841982541
5841982541 172556205
5841982541 172556199
172556205 172556199
172556205 172556212
172556212 172523978
172523978 172523968
172523978 172523981
172523968 172523955
172523955 172523947
172523947 172523935
172523947 172524003
172523935 172523894
172523935 172523919
172523894 172523981
172523894 172523899
172523899 172523919
5822184170 5822184174
4930984841 4930984839
4930984839 4930984835
172789304 172789317
