4930984833 3742.428040933224 2494.168652573484 35.3163616 -80.7187615 50
4930984831 3826.821583132784 2350.610070274225 35.3150633 -80.71783240000001 50
4930984835 3730.065581463268 2488.529364506785 35.3163106 -80.71889760000001 50
4930984845 3861.656287077466 2314.817177191137 35.3147396 -80.71744889999999 50
4930984827 3911.751043856898 2234.695056929982 35.314015 -80.71689739999999 50
4930984841 3726.750153318183 2328.229836847753 35.3148609 -80.7189341 50
4930984824 3922.096996343266 2171.966270255996 35.3134477 -80.71678350000001 50
5822184173 3919.962405620035 2129.439403775887 35.3130631 -80.716807 50
5822184169 3918.781568198182 2105.887083025571 35.3128501 -80.71682 50
5822184174 3943.660904338399 2126.100060646089 35.3130329 -80.7165461 50
5822184167 3971.210749726402 2102.072270509407 35.3128156 -80.7162428 50
4930984823 3916.55614382676 2061.557855848911 35.3124492 -80.71684449999999 50
5822184164 3998.578927818025 2108.065396259573 35.3128698 -80.7159415 50
5822184163 4031.578792075499 2025.223148813983 35.3121206 -80.7155782 50
5822184170 3990.912567940564 2130.169193996101 35.3130697 -80.71602590000001 50
172797490 3988.823394040272 2008.216825192314 35.3119668 -80.7160489 50
5841982550 3932.452032196533 1985.493811511128 35.3117613 -80.71666949999999 50
5841982551 4000.050432913625 1979.500685760962 35.3117071 -80.71592529999999 50
172159394 3882.620692997084 1968.863440426911 35.3116109 -80.7172181 50
4930984320 3902.149927280608 2020.833350063242 35.3120809 -80.7170031 50
172552871 3907.064027627835 1894.458010226681 35.310938 -80.716949 50
5841982536 3832.980104457447 1959.486741837569 35.3115261 -80.7177646 50
172556199 3824.904993164285 1975.088772156235 35.3116672 -80.7178535 50
172552869 3924.685755306294 1847.795665829679 35.310516 -80.71675500000001 50
172552867 3946.3949971383 1793.282547849942 35.310023 -80.716516 50
653846737 3951.336347580447 1783.485667012364 35.3099344 -80.7164616 50
653846981 4060.500225545169 1830.291757966955 35.3103577 -80.7152598 50
653846982 3883.102111330644 1756.350739725044 35.309689 -80.7172128 50
5841982563 4034.585385818816 1891.439332496909 35.3109107 -80.7155451 50
1505632808 3751.738489836923 1312.782032266394 35.3056775 -80.718659 50
1505632817 3802.487248879398 1371.187364755817 35.3062057 -80.7181003 50
1505632809 3728.812077124711 1333.127699017157 35.3058615 -80.7189114 50
1505632829 3703.378655730764 1270.929668867666 35.305299 -80.7191914 50
1505632818 3739.712114863654 1423.256791240359 35.3066766 -80.7187914 50
1505632811 3677.20948179017 1394.960834057244 35.3064207 -80.71947950000001 50
1505632810 3732.899591275948 1344.516849427519 35.3059645 -80.7188664 50
1505632814 3658.370583231507 1374.615167305778 35.3062367 -80.7196869 50
1505632822 3615.342684252864 1326.570644461869 35.3058022 -80.7201606 50
1505632823 3569.244607978789 1275.0762042112 35.3053365 -80.7206681 50
1505632831 3659.796671501857 1290.136420578026 35.3054727 -80.71967119999999 50
1505632825 3542.657599259062 1240.952982692307 35.3050279 -80.7209608 50
1505632833 3596.249451478805 1248.15136804835 35.305093 -80.7203708 50
1505632826 3545.736859920239 1211.584455034263 35.3047623 -80.72092689999999 50
1505632834 3647.343378383711 1255.018030577023 35.3051551 -80.7198083 50
172574676 3668.98903666129 1157.812184702084 35.304276 -80.71957 50
172574674 3640.921439481375 1164.557215527153 35.304337 -80.71987900000001 50
172863744 3626.024721237075 1070.790229630927 35.303489 -80.720043 50
172863737 3575.702880339477 1085.164885486917 35.303619 -80.720597 50
172863727 3519.749353274871 1104.294235205161 35.303792 -80.72121300000001 50
172863709 3476.058368668598 1079.746745972032 35.30357 -80.721694 50
653847535 4070.755344385658 1810.13406748527 35.3101754 -80.71514689999999 50
653847530 3948.44783758024 1761.238122716137 35.3097332 -80.7164934 50
653847524 3887.053375011907 1737.033413739129 35.3095143 -80.71716929999999 50
653847517 3837.349202917844 1717.196388657469 35.3093349 -80.71771649999999 50
653847511 3793.004216046218 1698.310302346432 35.3091641 -80.7182047 50
4614310455 3757.361092637032 1684.068335620687 35.3090353 -80.7185971 50
4614310480 3741.80128876279 1677.234845375454 35.3089735 -80.7187684 50
4614310456 3749.758316313998 1703.175570482835 35.3092081 -80.7186808 50
4614310479 3735.33393303867 1697.270904153536 35.3091547 -80.7188396 50
653847483 3697.011217017111 1655.717091300145 35.3087789 -80.7192615 50
653846987 3686.783348272697 1674.116650796768 35.3089453 -80.7193741 50
3786422820 3690.961696072125 1805.35725876903 35.3101322 -80.7193281 50
653846988 3647.379711842063 1652.234001612055 35.3087474 -80.71980790000001 50
653846990 3581.561650623494 1613.068593115729 35.3083932 -80.7205325 50
653846991 3548.888787500429 1589.405698089858 35.3081792 -80.72089219999999 50
3786422829 3527.461129976427 1643.421231828539 35.3086677 -80.7211281 50
3702888469 3531.77572824814 1578.547304203992 35.308081 -80.72108059999999 50
3786422825 3550.478376336829 1712.839762189465 35.3092955 -80.7208747 50
3786422824 3577.101718516063 1747.327878817762 35.3096074 -80.7205816 50
3786422822 3625.334385514525 1793.647442960049 35.3100263 -80.72005059999999 50
4614310478 3658.043582098253 1892.334984131512 35.3109188 -80.7196905 50
4614310477 3604.97856503501 2019.46222904368 35.3120685 -80.7202747 50
4614310476 3584.486494084364 2063.161182848336 35.3124637 -80.7205003 50
4614310475 3561.98699951703 2105.876025597523 35.31285 -80.720748 50
4614310474 3532.093646014495 2152.58259970531 35.3132724 -80.7210771 50
4614310473 3502.872461507646 2189.613924677716 35.3136073 -80.7213988 50
4614310471 3327.209269967549 2364.774635007151 35.3151914 -80.7233327 50
172716833 3143.15304936678 1477.040118999882 35.307163 -80.725359 50
172263284 3206.373268256577 1487.655249478541 35.307259 -80.72466300000001 50
172263274 3213.63996008408 1429.935477499251 35.306737 -80.724583 50
172263290 3210.914950648766 1532.880128289803 35.307668 -80.72461300000001 50
3702888437 3278.249933785875 1374.3055593338 35.3062339 -80.7238717 50
653846997 3376.622774387864 1451.928700960224 35.3069359 -80.7227887 50
653846995 3438.062653780294 1504.075529437584 35.3074075 -80.72211230000001 50
653846993 3493.098761001873 1548.625905166762 35.3078104 -80.7215064 50
172263265 3253.661265317093 1324.912030324315 35.3057872 -80.72414240000001 50
653847442 3391.646659739863 1433.816634581592 35.3067721 -80.7226233 50
653847447 3453.722374667313 1485.421649107113 35.3072388 -80.7219399 50
653847450 3507.704811572426 1530.182115959354 35.3076436 -80.72134560000001 50
653847457 3554.838391432637 1566.892775532437 35.3079756 -80.7208267 50
653847458 3593.715192704461 1594.237793942821 35.3082229 -80.7203987 50
653847475 3655.10965527395 1631.998909136847 35.3085644 -80.7197228 50
172218984 3402.846448517141 1220.176076265964 35.30484 -80.7225 50
172218987 3426.826531544664 1270.376797489185 35.305294 -80.722236 50
172218993 3466.339168350354 1330.197480708955 35.305835 -80.721801 50
172218996 3499.675117104515 1368.677328693742 35.306183 -80.721434 50
653857818 3530.286056424519 1403.585627570978 35.3064987 -80.721097 50
5854187888 3620.26586796468 1506.209612961505 35.3074268 -80.72010640000001 50
172218999 3669.443204901087 1562.292885658633 35.307934 -80.719565 50
172219001 3745.92513637469 1647.32450376557 35.308703 -80.718723 50
172263296 3232.896693424188 1586.840374890356 35.308156 -80.724371 50
172263301 3268.412649725676 1630.296065288509 35.308549 -80.72398 50
172668916 3189.29654246495 1621.228974671145 35.308467 -80.724851 50
172263307 3295.208575836703 1666.232704931296 35.308874 -80.723685 50
172263320 3313.011970811542 1714.221940637075 35.309308 -80.723489 50
172263327 3314.19280823224 1757.677631035228 35.309701 -80.72347600000001 50
172263333 3301.294430240041 1812.74362039415 35.310199 -80.723618 50
4844546155 3285.680126179427 1906.178883464413 35.311044 -80.7237899 50
172263342 3275.043506018156 1977.831014196063 35.311692 -80.723907 50
172263348 3274.135169539718 2048.930273549936 35.312335 -80.723917 50
172263356 3270.955991865764 2102.448223047562 35.312819 -80.723952 50
172668910 3167.768967929324 1667.449021964518 35.308885 -80.725088 50
172668907 3158.594769497911 1737.995409938502 35.309523 -80.725189 50
172668892 3130.981340556637 1772.715732547364 35.309837 -80.725493 50
4614310464 3435.028809943212 2281.700181581699 35.3144401 -80.7221457 50
773021204 3493.59834606461 2220.198769369686 35.3138839 -80.7215009 50
2355165264 3523.591616578767 2241.594891742095 35.3140774 -80.7211707 50
4614310462 3536.453661111459 2167.598586361351 35.3134082 -80.7210291 50
2355165266 3544.465188849039 2291.828785248053 35.3145317 -80.7209409 50
2355165305 3562.986169643658 2213.221532566161 35.3138208 -80.720737 50
2355165275 3555.964728665808 2303.516486202345 35.3146374 -80.7208143 50
2355165314 3520.103604503045 2337.241640326987 35.3149424 -80.7212091 50
2355165269 3580.580647227197 2341.255486539573 35.3149787 -80.7205433 50
2355165311 3460.126146839318 2323.099190449453 35.3148145 -80.7218694 50
2355165310 3445.592763185468 2308.105318648101 35.3146789 -80.7220294 50
2355165271 3568.944856940454 2386.303446509805 35.3153861 -80.7206714 50
2355165274 3564.530341655963 2431.749473872179 35.3157971 -80.72072 50
2355165306 3576.420466156946 2208.71010211252 35.31378 -80.7205891 50
2355165297 3575.639296786206 2162.921294494025 35.3133659 -80.7205977 50
2355165293 3591.471601602708 2231.510517786525 35.3139862 -80.7204234 50
2355165299 3600.963717801632 2117.762760249643 35.3129575 -80.7203189 50
2355165287 3638.369013977854 2110.608604602979 35.3128928 -80.7199071 50
2355165279 3659.660421029571 2069.165366025143 35.312518 -80.7196727 50
2355165290 3635.198919668488 2238.089687197909 35.3140457 -80.719942 50
2355165284 3676.346562136983 2029.159593032343 35.3121562 -80.719489 50
2355165277 3607.331156515284 2046.56398404756 35.3123136 -80.72024879999999 50
2355165281 3695.049210224517 1977.996875609748 35.3116935 -80.7192831 50
4614310458 3625.797637117754 2007.111082433945 35.3119568 -80.7200455 50
4614310460 3586.503001066797 2091.191761768852 35.3127172 -80.72047809999999 50
4614310457 3666.100526661083 1911.02203674472 35.3110878 -80.71960180000001 50
653846983 3831.272431877938 1737.232447436254 35.3095161 -80.7177834 50
172380521 3809.054521617452 1774.59549523603 35.309854 -80.718028 50
5835501136 3740.874785556332 1848.901408588049 35.310526 -80.71877859999999 50
172380528 3715.586697999257 1876.102680440139 35.310772 -80.71905700000001 50
4614310461 3563.66742200162 2128.886532396702 35.3130581 -80.7207295 50
172459897 4271.216121783525 2270.742270848325 35.314341 -80.71294 50
172459898 4244.329362025463 2366.278445158365 35.315205 -80.71323599999999 50
172207024 4232.884322398533 2430.964396513835 35.31579 -80.713362 50
172459905 4234.155993468577 2485.477514493572 35.316283 -80.713348 50
172459910 4243.511859195215 2535.788809993053 35.316738 -80.713245 50
172459913 4260.316084044582 2603.570841071817 35.317351 -80.71306 50
172459916 4273.759463922457 2654.103285122409 35.317808 -80.712912 50
172459919 4300.255638996305 2770.902892673206 35.3188643 -80.7126203 50
172459924 4336.316597183469 2907.871248133737 35.320103 -80.71222330000001 50
172459926 4355.691414266686 2985.494389760161 35.320805 -80.71201000000001 50
172459930 4362.231436909821 3021.983900781429 35.321135 -80.711938 50
172608272 4403.924081265149 3000.643065547853 35.320942 -80.711479 50
172459936 4366.228117415179 3055.045609252034 35.321434 -80.711894 50
172608270 4433.626684105559 2943.807887775118 35.320428 -80.711152 50
172608264 4451.157578138138 2918.375804336137 35.320198 -80.710959 50
172608261 4484.493526891144 2871.602885663579 35.319775 -80.71059200000001 50
172846255 4424.361652027111 2894.60233503471 35.319983 -80.711254 50
172608253 4491.30605047885 2827.152026783316 35.319373 -80.710517 50
172363449 4490.397714000412 2825.382838369503 35.319357 -80.710527 50
172608251 4469.96014323845 2798.513289345486 35.319114 -80.710752 50
172363457 4536.904541691344 2796.080655276932 35.319092 -80.710015 50
172363461 4568.877985726116 2749.197162329523 35.318668 -80.70966300000001 50
172610697 4513.741961494068 2708.83755165396 35.318303 -80.71026999999999 50
172872456 4811.676326380075 3038.017170775677 35.32128 -80.70699 50
172694370 4680.785039855327 3068.646245177728 35.321557 -80.708431 50
172694354 4650.8099360715 3072.626919107577 35.321593 -80.708761 50
172872468 4586.045545167089 3081.141138345756 35.32167 -80.709474 50
172694358 4645.178249905649 3021.099306574171 35.321127 -80.708823 50
172872479 4536.541207098582 3073.511513314132 35.321601 -80.710019 50
172871225 4491.941886013872 3043.767033117932 35.321332 -80.71051 50
172871222 4546.805409303659 2964.485277353954 35.320615 -80.709906 50
172871227 4444.526721845657 3111.880787024066 35.321948 -80.711032 50
172871213 4579.323855227572 2927.000597850575 35.320276 -80.709548 50
172871203 4624.104843607509 2901.900237238964 35.320049 -80.70905500000001 50
172871194 4698.31593388675 2897.698414758004 35.320011 -80.70823799999999 50
172871237 4400.835737239385 3146.601109632928 35.322262 -80.711513 50
172459946 4364.411444459459 3152.350971975184 35.322314 -80.71191399999999 50
172459938 4368.04479037321 3100.159913787038 35.321842 -80.71187399999999 50
172459952 4354.87391143644 3203.546861680516 35.322777 -80.712019 50
172459961 4344.973043821814 3247.887146285223 35.323178 -80.71212800000001 50
172459963 4332.165499477805 3305.496343988254 35.323699 -80.71226900000001 50
172459967 4322.537132808906 3356.802807969142 35.324163 -80.71237499999999 50
172710607 4397.293224973824 3312.573097640694 35.323763 -80.711552 50
172459971 4317.904616769682 3401.806538229293 35.32457 -80.71242599999999 50
172164562 4315.63377557301 3430.113552839754 35.324826 -80.712451 50
172164564 4377.218988803468 3434.757672423639 35.324868 -80.71177299999999 50
5536895296 4313.644518686652 3454.959592616109 35.3250507 -80.71247289999999 50
172710614 4446.161727506152 3307.265532401364 35.323715 -80.71101400000001 50
172322790 4573.056333527854 3272.655784069464 35.323402 -80.70961699999999 50
172322800 4674.245017212193 3368.523681206874 35.324269 -80.70850299999999 50
172710623 4635.9132178272 3256.069642696032 35.323252 -80.70892499999999 50
172710633 4682.783380107428 3257.507108281772 35.323265 -80.708409 50
172710642 4717.75433452324 3289.241925442896 35.323552 -80.70802399999999 50
172330997 4722.659351504724 3294.991787785854 35.323604 -80.70797 50
172331002 4751.635285163077 3262.593524969287 35.323311 -80.707651 50
172710646 4771.164519446602 3351.274094177998 35.324113 -80.707436 50
172331015 4768.439510012444 3213.94084360736 35.322871 -80.707466 50
172331022 4770.982852152532 3173.69180720876 35.322507 -80.707438 50
172480310 4874.624044326457 3160.754616937807 35.32239 -80.70629700000001 50
172480313 4676.152523814947 3185.191531894678 35.322611 -80.708482 50
172800585 4876.077382691727 3217.700368986098 35.322905 -80.706281 50
172800579 4861.998167278829 3276.636457999313 35.323438 -80.706436 50
172800568 4846.193112556091 3316.885494397912 35.323802 -80.70661 50
172800565 4846.556447147697 3325.289139360536 35.323878 -80.70660599999999 50
172480314 4579.959690762595 3197.465276510187 35.322722 -80.709541 50
172480323 4532.090358354584 3209.07557547166 35.322827 -80.71006800000001 50
172480326 4471.776816195325 3231.411579187347 35.323029 -80.71073199999999 50
172710652 4852.369800608774 3452.891853658366 35.325032 -80.706542 50
5841982541 3820.926479389259 1963.765966312051 35.3115648 -80.7178973 50
172556205 3796.14706026182 1986.411578000419 35.3117696 -80.71817009999999 50
172556212 3766.998542671674 2034.776766244354 35.312207 -80.718491 50
172523978 3756.552673172528 2077.458436712211 35.312593 -80.71860599999999 50
172523968 3719.220043913009 2107.866362563151 35.312868 -80.71901699999999 50
172523981 3761.548523802202 2078.011308091395 35.312598 -80.71855100000001 50
172523955 3706.049164977394 2162.490054818443 35.313362 -80.719162 50
172523947 3707.684170637888 2182.06170163891 35.313539 -80.719144 50
172523935 3785.982775068367 2205.83517094104 35.313754 -80.718282 50
172524003 3679.707407105008 2275.939261812099 35.314388 -80.719452 50
172523894 3812.778701179394 2091.280221189015 35.312718 -80.71798699999999 50
172523919 3865.553050568889 2197.320951702158 35.313677 -80.717406 50
172523899 3864.09971220362 2103.111668702303 35.312825 -80.717422 50
4930984839 3679.480322986843 2444.885697840258 35.3159159 -80.7194545 50
172789304 4931.4859078695 3452.560130830996 35.325029 -80.705671 50
172789317 4916.225855034749 3412.200520156137 35.324664 -80.705839 50
