38658105 336095374
38658105 418044469
38658105 506830732
418044469 408443947
408443947 142778672
142778672 418044506
142778672 336097110
142778672 416166026
418044506 142764154
418044506 418044504
142764154 142764156
142764154 2371414043
142764154 2371414033
142764156 763699047
142764156 418044504
142778727 763701618
142778727 142778670
763701618 142778364
142778364 142778366
142778364 763699047
142778366 142777825
142778366 2371414033
142777825 142765531
142777825 142778670
142765531 527338821
142765531 142776471
527338821 1956793912
1956793912 142773729
1956793912 2371414043
142773729 142770538
142773729 638029415
638029415 344370979
344370979 344370977
344370979 142773726
142773726 142848379
142773726 506830732
142776471 142778670
142778669 2339805986
2339805986 142778670
2371414037 142789557
142789557 417739523
142789557 2012416374
417739523 142874234
417739523 763700507
142874234 416166005
142874234 416166028
416166028 5305704475
5305704475 142779862
142779862 763703134
142779862 336097110
763703134 763703670
763703670 418044504
763700507 763698957
416166026 638029402
638029402 416166003
416166003 2794984654
