38658105 1437.580306081257 991.6079907141059 -22.9493022 -43.1842612 50
336095374 1474.585902951482 996.6170054088021 -22.9492569 -43.1839002 50
418044469 1443.361789913118 854.1862807229531 -22.950545 -43.1842048 50
506830732 1373.122911867005 985.0730510131551 -22.9493613 -43.18489 50
408443947 1449.953091516657 777.1823550404849 -22.9512414 -43.1841405 50
142778672 1447.23661418449 765.0081272728346 -22.9513515 -43.184167 50
418044506 1197.987005353919 668.996483576429 -22.9522198 -43.1865985 50
336097110 1451.572727058711 744.4855416799873 -22.9515371 -43.1841247 50
416166026 1533.179806470159 798.8659705287763 -22.9510453 -43.1833286 50
142764154 1153.918567420318 651.6142074176603 -22.952377 -43.1870284 50
418044504 1322.176148310124 550.482974750651 -22.9532916 -43.185387 50
142764156 1265.109622611496 491.82332142738 -22.9538221 -43.1859437 50
2371414043 1150.248760306928 666.984031756112 -22.952238 -43.1870642 50
2371414033 1145.758884564872 648.3522662806813 -22.9524065 -43.187108 50
763699047 1207.756072893129 443.2259272039348 -22.9542616 -43.1865032 50
142778727 1069.051715209486 375.5212981183411 -22.9548739 -43.1878563 50
763701618 1168.761809599353 425.3902965134891 -22.9544229 -43.1868836 50
142778670 991.6987418091979 588.7969613231592 -22.9529451 -43.1886109 50
142778364 1179.197182900046 429.0834773256976 -22.9543895 -43.1867818 50
142778366 1105.114233155475 632.1199625900121 -22.9525533 -43.1875045 50
142777825 1081.742277238193 624.5456246961659 -22.9526218 -43.1877325 50
142765531 965.9895903008398 953.1613150110013 -22.9496499 -43.1888617 50
527338821 1026.725923111554 960.1053795328442 -22.9495871 -43.1882692 50
142776471 880.6511986282156 943.5413530141012 -22.9497369 -43.1896942 50
1956793912 1079.62034966078 962.7923344352458 -22.9495628 -43.1877532 50
142773729 1120.798045679103 966.5629172406245 -22.9495287 -43.1873515 50
142770538 1119.967726192148 977.6314022502571 -22.9494286 -43.1873596 50
638029415 1194.952751427793 971.7267359213097 -22.949482 -43.1866281 50
344370979 1234.746581634958 973.6949580304899 -22.9494642 -43.1862399 50
344370977 1257.605994659243 830.7887639589781 -22.9507566 -43.1860169 50
142773726 1283.520163325583 976.2160515199099 -22.9494414 -43.1857641 50
142848379 1282.341314671754 988.7551743980191 -22.949328 -43.1857756 50
142778669 871.4049248396415 547.6301584349159 -22.9533174 -43.1897844 50
2339805986 976.3737093107331 583.5557406493039 -22.9529925 -43.1887604 50
2371414037 1512.380815875502 565.9965456491539 -22.9531513 -43.1835315 50
142789557 1622.690297290229 660.7365851728016 -22.9522945 -43.1824554 50
417739523 1648.194431643214 716.4660201868155 -22.9517905 -43.1822066 50
2012416374 1638.312604668027 659.7856464007727 -22.9523031 -43.182303 50
142874234 1615.309679633547 746.9292331755336 -22.951515 -43.1825274 50
763700507 1579.923718304723 691.6863249752304 -22.9520146 -43.1828726 50
416166005 1644.729641687153 771.1007698701562 -22.9512964 -43.1822404 50
416166028 1567.837956890366 719.8495930270464 -22.9517599 -43.1829905 50
5305704475 1482.274046344484 679.7774754691245 -22.9521223 -43.1838252 50
142779862 1473.632573169607 676.0842946565645 -22.9521557 -43.1839095 50
763703134 1428.877327759899 651.260369734546 -22.9523802 -43.1843461 50
763703670 1339.664111816555 563.15478676006 -22.953177 -43.1852164 50
763698957 1551.569845468317 677.8977127801074 -22.9521393 -43.1831492 50
638029402 1574.142234473514 813.9704166067387 -22.9509087 -43.182929 50
416166003 1616.078493972065 829.4397577941049 -22.9507688 -43.1825199 50
2794984654 1641.68513690404 838.882800949272 -22.9506834 -43.1822701 50
