391034078 475.6430809542809 326.2795425934124 21.1960009 72.8082522 50
391034080 570.3501308467055 310.6680812252105 21.1958599 72.80916430000001 50
391034105 686.9973184867332 274.7395761619526 21.1955354 72.8102877 50
2658456040 650.3231270363899 292.4104217954953 21.195695 72.8099345 50
5335757633 187.9188892578781 352.4647242498402 21.1962374 72.8054812 50
5335757667 180.8581728970276 362.0641121971719 21.1963241 72.8054132 50
5335757702 659.9796950001253 288.0702140959484 21.1956558 72.8100275 50
5339811506 276.0117092635314 346.3530032032448 21.1961822 72.8063296 50
5339811507 531.2150720765843 317.9202139885568 21.1959254 72.8087874 50
5339811512 682.8024222963024 266.0370168457961 21.1954568 72.8102473 50
5339811513 643.5635294616432 283.6082148532614 21.1956155 72.8098694 50
5339811514 567.826963087148 302.3419684955967 21.1957847 72.80914 50
5339811515 474.9889263511254 315.473311178142 21.1959033 72.8082459 50
5339811516 274.9422184035445 335.5578437468578 21.1960847 72.8063193 50
5339811517 182.7791030830566 342.7656886764312 21.1961498 72.8054317 50
5339811518 165.8541506307156 342.145659005017 21.1961442 72.8052687 50
5339811519 182.3949170461151 356.6720684484202 21.1962754 72.80542800000001 50
5339811520 653.2616310514579 279.2680071540666 21.1955763 72.80996279999999 50
5339820870 128.7957731434307 313.9896687504422 21.1958899 72.8049118 50
5339820871 139.2207131810492 298.4889269661447 21.1957499 72.80501219999999 50
5339820872 142.8964390514315 280.2423394946088 21.1955851 72.80504759999999 50
5339820873 135.0985008365876 244.2141868059778 21.1952597 72.80497250000001 50
5339820874 0 0 21.193054 72.8036714 50
5339820875 113.1064460540733 204.4658560885097 21.1949007 72.8047607 50
5339820876 360.013467143292 123.9173586040166 21.1941732 72.8071386 50
5339820878 300.0596785165027 552.5350128464986 21.1980444 72.8065612 50
5339820880 519.0872533855606 397.3393717141261 21.1966427 72.8086706 50
5339820881 375.1836239112798 500.4746643689978 21.1975742 72.8072847 50
5339820882 325.3848067572161 427.9976245710679 21.1969196 72.80680510000001 50
5339820883 343.1092815033302 523.4046902510296 21.1977813 72.8069758 50
5339820884 275.4717721297827 435.6372758791362 21.1969886 72.80632439999999 50
5339820885 413.1038241307964 473.3594382058009 21.1973293 72.8076499 50
5339820886 372.7331399990126 417.1913931557975 21.196822 72.80726110000001 50
5339820887 323.7961455745386 535.6945640936476 21.1978923 72.8067898 50
5339820888 498.5281086889167 553.5647049789929 21.1980537 72.8084726 50
5339820889 430.9113661290694 460.6266860258045 21.1972143 72.80782139999999 50
5339820890 514.9961912583468 583.6140001234041 21.1983251 72.80863119999999 50
5339820891 485.2477318870681 535.3070455496299 21.1978888 72.80834470000001 50
5339820892 563.4866992060995 471.1007586886574 21.1973089 72.80909819999999 50
5339820893 457.0464000697455 496.5551910897667 21.1975388 72.8080731 50
5339820894 551.4419477685557 427.2890192324598 21.1969132 72.8089822 50
5339820895 596.1736625950882 476.9910405667397 21.1973621 72.80941300000001 50
5339820896 543.66477636477 315.6172466372881 21.1959046 72.8089073 50
5339820897 438.8754388482311 388.7807478574679 21.1965654 72.8078981 50
5339820898 430.4856464660484 330.8190455444098 21.1960419 72.8078173 50
5339820899 392.7315807482075 383.2669125662804 21.1965156 72.8074537 50
5339820900 386.3250189918335 335.2589008696821 21.196082 72.80739199999999 50
5339820901 336.1627826118864 411.3896869452612 21.1967696 72.8069089 50
5339820902 329.0501492187668 341.0273912046244 21.1961341 72.8068404 50
5339820903 282.8751409014954 411.0575281928437 21.1967666 72.8063957 50
8804439011 243.3558960944326 402.1778175422993 21.1966864 72.8060151 50
8804439012 240.0228226362335 348.8552658056119 21.1962048 72.805983 50
8804439013 478.1973989324072 379.2256477439092 21.1964791 72.8082768 50
8804439014 472.943395286858 326.2684706348811 21.1960008 72.80822619999999 50
8804439015 529.3149087029345 385.4591603322361 21.1965354 72.80876910000001 50
8804439016 502.1623009332196 322.2936375633456 21.1959649 72.8085076 50
8804439017 462.0304351477598 203.1372210784874 21.1948887 72.80812109999999 50
8804439018 472.2373236514335 315.7501101382551 21.1959058 72.8082194 50
8804439019 423.445696918898 219.8669502463776 21.1950398 72.8077495 50
8804439020 435.407381105604 319.4481442496775 21.1959392 72.8078647 50
8804439021 401.1732901626593 191.5670245326567 21.1947842 72.807535 50
8804439022 512.6806916291866 117.6395581815645 21.1941165 72.8086089 50
8804439023 372.3178037421811 214.9399287506583 21.1949953 72.8072571 50
8804439024 384.3729385872356 324.5744609968474 21.1959855 72.8073732 50
8804439025 351.5406075102714 218.5493871948867 21.1950279 72.807057 50
8804439026 366.8976655949561 326.3238304264812 21.1960013 72.8072049 50
8804439027 333.4007965073258 226.0893908768775 21.195096 72.8068823 50
8804439028 345.9751016724288 328.4275025262993 21.1960203 72.8070034 50
8804439029 313.9422928892377 232.3229034655565 21.1951523 72.8066949 50
8804439030 326.6100487126891 330.3650952488523 21.1960378 72.8068169 50
8804439031 293.4973656633215 228.392358227794 21.1951168 72.806498 50
8804439032 305.9678367638864 332.4466234316079 21.1960566 72.80661809999999 50
8804439033 140.1240695406814 267.4099396899435 21.1954692 72.8050209 50
8804439034 269.750515196454 258.5523729557574 21.1953892 72.8062693 50
8804439035 273.7065930392398 259.8699360072484 21.1954011 72.80630739999999 50
8804439036 276.0117092635314 262.8150769462896 21.1954277 72.8063296 50
8804439037 276.9981328726805 266.7566941429355 21.1954633 72.8063391 50
8804439038 284.7130038366865 334.5724394474323 21.1960758 72.8064134 50
8804439039 254.9022440269491 283.1542645587603 21.1956114 72.8061263 50
8804439040 264.1746259524218 336.399312586433 21.1960923 72.8062156 50
8804439041 132.8037680184855 308.0218831633451 21.195836 72.8049504 50
8804439042 231.8199315707477 302.8180627075125 21.195789 72.805904 50
8804439043 235.443740408861 303.1502214599301 21.195792 72.8059389 50
8804439044 237.7488566331526 305.4421168523153 21.1958127 72.8059611 50
8804439045 239.0675492469742 309.0515752958394 21.1958453 72.8059738 50
8804439046 242.4421563325738 338.1043941826458 21.1961077 72.80600630000001 50
8804439047 145.0665709926162 236.6298952898617 21.1951912 72.8050685 50
8804439048 135.326935778043 197.3465868261303 21.1948364 72.8049747 50
8804439049 174.5242949853018 230.9831964973551 21.1951402 72.8053522 50
8804439050 164.4835409846249 188.0129258807327 21.1947521 72.8052555 50
8804439051 204.6984740209226 226.3994057122324 21.1950988 72.8056428 50
8804439052 192.5083548914402 179.0335676041109 21.194671 72.80552539999999 50
8804439053 210.0251615097991 239.8075473559473 21.1952199 72.8056941 50
8804439054 212.2575938894424 262.4829181938721 21.1954247 72.8057156 50
8804439055 184.824634146003 240.8704553636834 21.1952295 72.8054514 50
8804439056 186.8286315841909 264.2212156653267 21.1954404 72.8054707 50
8804439057 237.7073230070732 236.2755926210859 21.195188 72.8059607 50
8804439058 237.0116347778383 260.7889085561905 21.1954094 72.805954 50
8804439059 255.8159837901289 231.3374991664831 21.1951434 72.80613510000001 50
8804439060 256.5635890529539 259.4602735461682 21.1953974 72.8061423 50
8804439061 260.0731804203395 221.1070095892059 21.195051 72.8061761 50
8804439062 243.5843310358881 162.6802850224112 21.1945233 72.80601729999999 50
8804439063 288.8248327776005 213.6887974496508 21.194984 72.806453 50
8804439064 269.9685667303988 154.2213087918304 21.1944469 72.8062714 50
8804439065 320.0685026732082 209.1050066655846 21.1949426 72.8067539 50
8804439066 298.263349204749 145.1644468061938 21.1943651 72.80654389999999 50
8804439067 329.9327387660197 183.5619985969292 21.1947119 72.80684890000001 50
8804439068 316.8600300919264 139.2077331776279 21.1943113 72.80672300000001 50
8804439069 358.4455727743147 202.3732559479271 21.1948818 72.8071235 50
8804439070 334.4806707735024 133.5610343851213 21.1942603 72.80689270000001 50
8804439096 32.03280878319111 57.90634252145799 21.193577 72.8039799 50
8804439103 73.26531564852769 132.4538385436122 21.1942503 72.804377 50
8804439111 35.44894949222817 64.07342335930139 21.1936327 72.8040128 50
8804439113 20.07112459516406 36.28280773273798 21.1933817 72.80386470000001 50
8811539228 53.03843995655632 95.87208793334617 21.1939199 72.8041822 50
8811539230 63.36992933714731 114.550481783025 21.1940886 72.8042817 50
8811539231 299.2601562214086 276.4778736330551 21.1955511 72.80655350000001 50
8811539232 319.352047630273 274.1749062824907 21.1955303 72.806747 50
8811539233 339.0701364083855 272.2151696428751 21.1955126 72.8069369 50
8811539234 358.9128260634152 270.3107927945074 21.1954954 72.80712800000001 50
8811539235 378.1221279263477 267.7420984423611 21.1954722 72.80731299999999 50
8811539236 391.6309396696517 210.4114977581921 21.1949544 72.8074431 50
8811539237 406.3753767759395 322.3600693131248 21.1959655 72.8075851 50
8813557342 412.4496695276409 411.1018160266168 21.196767 72.80764360000001 50
8813557343 441.4920572634951 453.0645384271032 21.197146 72.8079233 50
8814460020 407.3306501665197 333.1441568120368 21.1960629 72.80759430000001 50
8815953449 482.0807929305448 174.9037271145457 21.1946337 72.8083142 50
8815953450 423.6533650453322 212.0169317290319 21.1949689 72.80775149999999 50
8815953451 414.9209202522874 216.6007225130981 21.1950103 72.8076674 50
8815953452 408.3793742141274 217.0768167257182 21.1950146 72.8076044 50
8815953453 403.7691417655441 213.7109413667134 21.1949842 72.80756 50
8815953454 400.6229696240419 207.2006298172169 21.1949254 72.8075297 50
8815953455 398.9200909706367 196.593693653397 21.1948296 72.8075133 50
8882123387 523.188698918964 308.6529847929384 21.1958417 72.8087101 50
8882123388 523.7390194589024 319.0495537467764 21.1959356 72.8087154 50
8894312359 596.6512992903783 304.6670797632237 21.1958057 72.8094176 50
