5335757667 5339811519
5339811519 5335757633
5335757633 8804439012
8804439012 5339811506
5339811506 5339820902
5339820902 5339820900
5339820900 8814460020
8814460020 5339820898
5339820898 8804439014
8804439014 391034078
391034078 8804439016
8804439016 8882123388
8882123388 5339811507
5339811507 5339820896
5339820896 391034080
391034080 8894312359
8894312359 2658456040
2658456040 5335757702
5335757702 391034105
5339811512 5339811520
5339811520 5339811513
5339811513 5339811514
5339811514 8882123387
8882123387 5339811515
5339811515 8804439018
8804439018 8804439020
8804439020 8811539237
8811539237 8804439024
8804439024 8804439026
8804439026 8804439028
8804439028 8804439030
8804439030 8804439032
8804439032 8804439038
8804439038 5339811516
5339811516 8804439040
8804439040 8804439046
8804439046 5339811517
5339811517 5339811518
5339820870 8804439041
8804439041 5339820871
5339820871 5339820872
5339820872 8804439033
8804439033 5339820873
5339820873 5339820875
5339820875 8804439103
8804439103 8811539230
8811539230 8811539228
8811539228 8804439111
8804439111 8804439096
8804439096 8804439113
8804439113 5339820874
5339820875 8804439048
8804439048 8804439050
8804439050 8804439052
8804439052 8804439062
8804439062 8804439064
8804439064 8804439066
8804439066 8804439068
8804439068 8804439070
8804439070 5339820876
5339820878 5339820887
5339820887 5339820883
5339820883 5339820881
5339820881 5339820885
5339820885 5339820889
5339820889 8813557343
8813557343 5339820880
5339820881 5339820882
5339820883 5339820884
5339820885 5339820886
5339820887 5339820888
5339820889 5339820893
5339820893 5339820891
5339820891 5339820888
5339820888 5339820890
5339820891 5339820892
5339820893 5339820894
5339820895 5339820896
5339820897 5339820898
5339820899 5339820900
5339820901 5339820902
5339820903 5339811506
5339811506 5339811516
8804439011 8804439012
8804439013 8804439014
8804439015 8804439016
8804439017 8804439018
8804439018 8804439014
8804439019 8804439020
8815953449 8815953450
8815953450 8815953451
8815953451 8815953452
8815953452 8815953453
8815953453 8815953454
8815953454 8815953455
8815953455 8804439021
8804439021 8804439022
8804439023 8811539235
8811539235 8804439024
8804439025 8811539234
8811539234 8804439026
8804439027 8811539233
8811539233 8804439028
8804439029 8811539232
8811539232 8804439030
8804439031 8811539231
8811539231 8804439032
8804439033 8804439056
8804439056 8804439054
8804439054 8804439058
8804439058 8804439060
8804439060 8804439034
8804439034 8804439035
8804439035 8804439036
8804439036 8804439037
8804439037 8804439038
8804439039 8804439040
8804439041 8804439042
8804439042 8804439043
8804439043 8804439044
8804439044 8804439045
8804439045 8804439046
8804439047 8804439048
8804439049 8804439050
8804439051 8804439052
8804439053 8804439054
8804439055 8804439056
8804439057 8804439058
8804439059 8804439060
8804439061 8804439062
8804439063 8804439064
8804439065 8804439066
8804439067 8804439068
8804439069 8804439070
8811539231 8811539232
8811539232 8811539233
8811539233 8811539234
8811539234 8811539235
8811539236 8811539237
8811539237 8814460020
8813557342 8813557343
