71.44618505763779 38.010177110314 68.59961480251847 41.6935918213762 1 9.310318179525236
68.59961480251847 41.6935918213762 59.9143924594447 50.74680388281038 1 34.40165021095994
59.9143924594447 50.74680388281038 53.5573553725512 54.9738551027646 1 49.66990257202023
53.5573553725512 54.9738551027646 40.73414751489891 59.40060952989407 0 76.80149408587477
40.73414751489891 59.40060952989407 32.5673101696072 60.13285462286998 0 93.20069102970572
32.5673101696072 60.13285462286998 40.73414751489891 59.40060952989407 1 109.5998879735367
40.73414751489891 59.40060952989407 53.5573553725512 54.9738551027646 1 136.7314794873912
53.5573553725512 54.9738551027646 59.9143924594447 50.74680388281038 0 151.9997318484515
59.9143924594447 50.74680388281038 68.59961480251847 41.6935918213762 0 177.0910638798862
68.59961480251847 41.6935918213762 71.44618505763779 38.010177110314 0 186.4013820594114
71.44618505763779 38.010177110314 69.65457374732175 33.66108504200091 1 195.8087138609195
69.65457374732175 33.66108504200091 65.99859533667481 29.54498004801991 1 206.8193448075259
65.99859533667481 29.54498004801991 58.36833193724731 23.4318429822865 1 226.3735120696812
58.36833193724731 23.4318429822865 46.6910277613384 16.90820487981691 0 253.1255054091461
46.6910277613384 16.90820487981691 31.9216025398776 16.25362214495171 1 282.6933528065543
31.9216025398776 16.25362214495171 22.25417704085839 17.4407467656176 1 302.1734329546521
22.25417704085839 17.4407467656176 14.81489758993089 19.6485766676366 1 317.6934061022115
14.81489758993089 19.6485766676366 0.03637789500740496 27.6367049574695 1 351.2919083276423
0.03637789500740496 27.6367049574695 0.01818894808221216 38.44286739252701 0 372.9042638133952
0.01818894808221216 38.44286739252701 0 48.4169331324325 0 392.8524284629853
0 48.4169331324325 8.839828395409199 54.45240783934955 1 414.2598590419332
8.839828395409199 54.45240783934955 13.88726127591821 56.41615604394522 1 425.0918275969644
13.88726127591821 56.41615604394522 24.75515729745641 59.67797509518 1 447.7854943309202
24.75515729745641 59.67797509518 32.5673101696072 60.13285462286998 1 463.436264009446
32.5673101696072 60.13285462286998 24.75515729745641 59.67797509518 0 479.0870336879718
24.75515729745641 59.67797509518 13.88726127591821 56.41615604394522 0 501.7807004219276
13.88726127591821 56.41615604394522 8.839828395409199 54.45240783934955 0 512.6126689769588
8.839828395409199 54.45240783934955 0 48.4169331324325 0 534.0200995559068
0 48.4169331324325 0.01818894808221216 38.44286739252701 1 553.9682642054968
0.01818894808221216 38.44286739252701 0.03637789500740496 27.6367049574695 1 575.5806196912497
0.03637789500740496 27.6367049574695 14.81489758993089 19.6485766676366 0 609.1791219166805
14.81489758993089 19.6485766676366 22.25417704085839 17.4407467656176 0 624.6990950642399
22.25417704085839 17.4407467656176 31.9216025398776 16.25362214495171 0 644.1791752123377
31.9216025398776 16.25362214495171 46.6910277613384 16.90820487981691 0 673.747022609746
46.6910277613384 16.90820487981691 58.36833193724731 23.4318429822865 1 700.4990159492108
58.36833193724731 23.4318429822865 71.34614584723502 23.4207483599009 1 726.4546532538825
71.34614584723502 23.4207483599009 143.6744948504154 23.3319913786989 1 871.1114601774086
143.6744948504154 23.3319913786989 143.9837069539293 3.91640178610001 1 909.9475635531694
143.9837069539293 3.91640178610001 144.0473682693246 0 1 917.7814018750255
144.0473682693246 0 143.9837069539293 3.91640178610001 0 925.6152401968816
143.9837069539293 3.91640178610001 155.8156171844877 14.92226742974431 1 957.9338526838027
155.8156171844877 14.92226742974431 155.8247116579503 17.8179639344911 1 963.7252742561113
155.8247116579503 17.8179639344911 175.6506642322257 17.62935535040721 1 1003.378973638409
175.6506642322257 17.62935535040721 181.1801042166663 15.2772953538466 1 1015.396775894887
181.1801042166663 15.2772953538466 185.9001360455792 10.7728785686065 1 1028.445679456658
185.9001360455792 10.7728785686065 206.3445128280393 10.85054092742291 1 1069.334728037674
206.3445128280393 10.85054092742291 185.9001360455792 10.7728785686065 0 1110.22377661869
185.9001360455792 10.7728785686065 181.1801042166663 15.2772953538466 0 1123.272680180462
181.1801042166663 15.2772953538466 175.6506642322257 17.62935535040721 0 1135.29048243694
175.6506642322257 17.62935535040721 175.6961365995388 33.7720312679742 0 1167.57596236311
175.6961365995388 33.7720312679742 155.879278499883 33.9828290982408 1 1207.211920818388
155.879278499883 33.9828290982408 155.9338453418157 52.10034784278898 1 1243.447122653029
155.9338453418157 52.10034784278898 175.7507034414714 52.10034784278898 1 1283.080838852341
175.7507034414714 52.10034784278898 155.9338453418157 52.10034784278898 0 1322.714555051652
155.9338453418157 52.10034784278898 156.0611679726063 92.34054409989318 1 1403.19535042204
156.0611679726063 92.34054409989318 156.161207183009 125.4579926337078 1 1469.430549681452
156.161207183009 125.4579926337078 150.8864124613067 125.7020743311312 0 1479.991427529645
150.8864124613067 125.7020743311312 142.2375680120834 132.3477532826653 0 1501.805877697708
142.2375680120834 132.3477532826653 150.8864124613067 125.7020743311312 1 1523.620327865771
150.8864124613067 125.7020743311312 156.161207183009 125.4579926337078 1 1534.181205713964
156.161207183009 125.4579926337078 156.1703016564717 129.4520567772128 1 1542.169354709039
156.1703016564717 129.4520567772128 165.9377663658935 129.4298675331473 1 1561.704334536247
165.9377663658935 129.4298675331473 175.9780652838218 129.3965836645791 1 1581.785042708745
175.9780652838218 129.3965836645791 175.9416873888144 118.8899760395786 1 1602.798383912558
175.9416873888144 118.8899760395786 175.8689315999565 92.20740862844303 1 1656.163717118849
175.8689315999565 92.20740862844303 175.9416873888144 118.8899760395786 0 1709.529050325139
175.9416873888144 118.8899760395786 179.9068779029753 125.6576958401773 1 1725.216595335498
179.9068779029753 125.6576958401773 175.9416873888144 118.8899760395786 0 1740.904140345857
175.9416873888144 118.8899760395786 175.9780652838218 129.3965836645791 0 1761.91748154967
175.9780652838218 129.3965836645791 165.9377663658935 129.4298675331473 0 1781.998189722168
165.9377663658935 129.4298675331473 165.9468608393561 135.310017523843 0 1793.758503769425
165.9468608393561 135.310017523843 165.9377663658935 129.4298675331473 1 1805.518817816681
165.9377663658935 129.4298675331473 156.1703016564717 129.4520567772128 0 1825.053797643889
156.1703016564717 129.4520567772128 156.161207183009 125.4579926337078 0 1833.041946638964
156.161207183009 125.4579926337078 156.0611679726063 92.34054409989318 0 1899.277145898375
156.0611679726063 92.34054409989318 175.8689315999565 92.20740862844303 1 1938.89356799683
175.8689315999565 92.20740862844303 175.7507034414714 52.10034784278898 1 2019.108038082011
175.7507034414714 52.10034784278898 175.6961365995388 33.7720312679742 1 2055.764833687022
175.6961365995388 33.7720312679742 175.6506642322257 17.62935535040721 1 2088.050313613192
175.6506642322257 17.62935535040721 155.8247116579503 17.8179639344911 0 2127.704012995489
155.8247116579503 17.8179639344911 143.6744948504154 23.3319913786989 0 2154.389759537461
143.6744948504154 23.3319913786989 143.5016998499977 34.10486994659961 0 2175.938288095198
143.5016998499977 34.10486994659961 143.6744948504154 23.3319913786989 1 2197.486816652935
143.6744948504154 23.3319913786989 155.8247116579503 17.8179639344911 1 2224.172563194906
155.8247116579503 17.8179639344911 155.879278499883 33.9828290982408 1 2256.502477720153
155.879278499883 33.9828290982408 143.5016998499977 34.10486994659961 1 2281.258838292964
143.5016998499977 34.10486994659961 117.5369775565596 34.38223551259121 1 2333.191245725417
117.5369775565596 34.38223551259121 117.4642217677017 38.010177110314 1 2340.4485878398
117.4642217677017 38.010177110314 71.44618505763779 38.010177110314 1 2432.484661259927
