9728365302 9727816932 1 9.310318179525236
9727816932 9728365296 1 34.40165021095994
9728365296 9728365294 1 49.66990257202023
9728365294 9728408232 0 76.80149408587477
9728408232 9728408230 0 93.20069102970572
9728408230 9728408232 1 109.5998879735367
9728408232 9728365294 1 136.7314794873912
9728365294 9728365296 0 151.9997318484515
9728365296 9727816932 0 177.0910638798862
9727816932 9728365302 0 186.4013820594114
9728365302 9727816918 1 195.8087138609195
9727816918 9727816913 1 206.8193448075259
9727816913 9740157027 1 226.3735120696812
9740157027 9728408221 0 253.1255054091461
9728408221 9728365312 1 282.6933528065543
9728365312 9728365314 1 302.1734329546521
9728365314 9728365316 1 317.6934061022115
9728365316 9728408220 1 351.2919083276423
9728408220 9727816914 0 372.9042638133952
9727816914 9728408222 0 392.8524284629853
9728408222 9728408225 1 414.2598590419332
9728408225 9728408226 1 425.0918275969644
9728408226 9728408228 1 447.7854943309202
9728408228 9728408230 1 463.436264009446
9728408230 9728408228 0 479.0870336879718
9728408228 9728408226 0 501.7807004219276
9728408226 9728408225 0 512.6126689769588
9728408225 9728408222 0 534.0200995559068
9728408222 9727816914 1 553.9682642054968
9727816914 9728408220 1 575.5806196912497
9728408220 9728365316 0 609.1791219166805
9728365316 9728365314 0 624.6990950642399
9728365314 9728365312 0 644.1791752123377
9728365312 9728408221 0 673.747022609746
9728408221 9740157027 1 700.4990159492108
9740157027 9740157028 1 726.4546532538825
9740157028 9740157029 1 871.1114601774086
9740157029 9740157054 1 909.9475635531694
9740157054 9740157025 1 917.7814018750255
9740157025 9740157054 0 925.6152401968816
9740157054 9740157055 1 957.9338526838027
9740157055 9740157031 1 963.7252742561113
9740157031 9740157032 1 1003.378973638409
9740157032 9740157034 1 1015.396775894887
9740157034 9740157036 1 1028.445679456658
9740157036 9740157037 1 1069.334728037674
9740157037 9740157036 0 1110.22377661869
9740157036 9740157034 0 1123.272680180462
9740157034 9740157032 0 1135.29048243694
9740157032 9740157003 0 1167.57596236311
9740157003 9740157004 1 1207.211920818388
9740157004 9740157075 1 1243.447122653029
9740157075 9740157076 1 1283.080838852341
9740157076 9740157075 0 1322.714555051652
9740157075 9740157077 1 1403.19535042204
9740157077 9740157087 1 1469.430549681452
9740157087 9740157085 0 1479.991427529645
9740157085 9740157082 0 1501.805877697708
9740157082 9740157085 1 1523.620327865771
9740157085 9740157087 1 1534.181205713964
9740157087 9740157001 1 1542.169354709039
9740157001 9740157079 1 1561.704334536247
9740157079 9740157002 1 1581.785042708745
9740157002 9740157134 1 1602.798383912558
9740157134 9740157078 1 1656.163717118849
9740157078 9740157134 0 1709.529050325139
9740157134 9740157135 1 1725.216595335498
9740157135 9740157134 0 1740.904140345857
9740157134 9740157002 0 1761.91748154967
9740157002 9740157079 0 1781.998189722168
9740157079 9727816624 0 1793.758503769425
9727816624 9740157079 1 1805.518817816681
9740157079 9740157001 0 1825.053797643889
9740157001 9740157087 0 1833.041946638964
9740157087 9740157077 0 1899.277145898375
9740157077 9740157078 1 1938.89356799683
9740157078 9740157076 1 2019.108038082011
9740157076 9740157003 1 2055.764833687022
9740157003 9740157032 1 2088.050313613192
9740157032 9740157031 0 2127.704012995489
9740157031 9740157029 0 2154.389759537461
9740157029 9740157024 0 2175.938288095198
9740157024 9740157029 1 2197.486816652935
9740157029 9740157031 1 2224.172563194906
9740157031 9740157004 1 2256.502477720153
9740157004 9740157024 1 2281.258838292964
9740157024 9728365300 1 2333.191245725417
9728365300 9728365299 1 2340.4485878398
9728365299 9728365302 1 2432.484661259927
