71.44618505763779 34.09377532421399 68.59961480251847 37.77719003527619 1 4.655159089762612
68.59961480251847 37.77719003527619 59.9143924594447 46.83040209671037 1 17.20082510547996
59.9143924594447 46.83040209671037 53.5573553725512 51.05745331666459 1 24.83495128601011
53.5573553725512 51.05745331666459 40.73414751489891 55.48420774379406 0 38.40074704293738
40.73414751489891 55.48420774379406 32.5673101696072 56.21645283676997 0 46.60034551485285
32.5673101696072 56.21645283676997 40.73414751489891 55.48420774379406 1 54.79994398676833
40.73414751489891 55.48420774379406 53.5573553725512 51.05745331666459 1 68.3657397436956
53.5573553725512 51.05745331666459 59.9143924594447 46.83040209671037 0 75.99986592422574
59.9143924594447 46.83040209671037 68.59961480251847 37.77719003527619 0 88.54553193994309
68.59961480251847 37.77719003527619 71.44618505763779 34.09377532421399 0 93.20069102970569
71.44618505763779 34.09377532421399 69.65457374732175 29.7446832559009 1 97.90435693045973
69.65457374732175 29.7446832559009 65.99859533667481 25.6285782619199 1 103.4096724037629
65.99859533667481 25.6285782619199 58.36833193724731 19.51544119618649 1 113.1867560348406
58.36833193724731 19.51544119618649 46.6910277613384 12.9918030937169 0 126.562752704573
46.6910277613384 12.9918030937169 31.9216025398776 12.3372203588517 1 141.3466764032771
31.9216025398776 12.3372203588517 22.25417704085839 13.52434497951759 1 151.086716477326
22.25417704085839 13.52434497951759 14.81489758993089 15.73217488153659 1 158.8467030511057
14.81489758993089 15.73217488153659 0.03637789500740496 23.72030317136949 1 175.6459541638211
0.03637789500740496 23.72030317136949 0.01818894808221216 34.526465606427 0 186.4521319066976
0.01818894808221216 34.526465606427 0 44.50053134633249 0 196.4262142314926
0 44.50053134633249 8.839828395409199 50.53600605324954 1 207.1299295209666
8.839828395409199 50.53600605324954 13.88726127591821 52.49975425784521 1 212.5459137984822
13.88726127591821 52.49975425784521 24.75515729745641 55.76157330907999 1 223.8927471654601
24.75515729745641 55.76157330907999 32.5673101696072 56.21645283676997 1 231.718132004723
32.5673101696072 56.21645283676997 24.75515729745641 55.76157330907999 0 239.5435168439859
24.75515729745641 55.76157330907999 13.88726127591821 52.49975425784521 0 250.8903502109638
13.88726127591821 52.49975425784521 8.839828395409199 50.53600605324954 0 256.3063344884794
8.839828395409199 50.53600605324954 0 44.50053134633249 0 267.0100497779533
0 44.50053134633249 0.01818894808221216 34.526465606427 1 276.9841321027483
0.01818894808221216 34.526465606427 0.03637789500740496 23.72030317136949 1 287.7903098456248
0.03637789500740496 23.72030317136949 14.81489758993089 15.73217488153659 0 304.5895609583402
14.81489758993089 15.73217488153659 22.25417704085839 13.52434497951759 0 312.3495475321199
22.25417704085839 13.52434497951759 31.9216025398776 12.3372203588517 0 322.0895876061688
31.9216025398776 12.3372203588517 46.6910277613384 12.9918030937169 0 336.8735113048729
46.6910277613384 12.9918030937169 58.36833193724731 19.51544119618649 1 350.2495079746054
58.36833193724731 19.51544119618649 71.34614584723502 19.50434657380089 1 363.2273266269412
71.34614584723502 19.50434657380089 143.6744948504154 19.41558959259889 1 435.5557300887043
143.6744948504154 19.41558959259889 155.8247116579503 13.90156214839109 1 448.8986033596898
155.8247116579503 13.90156214839109 175.6506642322257 13.7129535643072 1 468.7254530508386
175.6506642322257 13.7129535643072 175.6961365995388 29.85562948187419 0 484.8681930139238
175.6961365995388 29.85562948187419 155.879278499883 30.06642731214079 1 504.686172241563
155.879278499883 30.06642731214079 155.9338453418157 48.18394605668897 1 522.8037731588835
155.9338453418157 48.18394605668897 175.7507034414714 48.18394605668897 1 542.6206312585391
175.7507034414714 48.18394605668897 155.9338453418157 48.18394605668897 0 562.4374893581949
155.9338453418157 48.18394605668897 156.0611679726063 88.42414231379317 1 602.677887043389
156.0611679726063 88.42414231379317 156.161207183009 121.5415908476078 1 635.7954866730946
156.161207183009 121.5415908476078 156.1703016564717 125.5356549911128 1 639.7895611706322
156.1703016564717 125.5356549911128 165.9377663658935 125.5134657470473 1 649.557051084236
165.9377663658935 125.5134657470473 175.9780652838218 125.480181878479 1 659.5974051704851
175.9780652838218 125.480181878479 175.9416873888144 114.9735742534786 1 670.1040757723914
175.9416873888144 114.9735742534786 175.8689315999565 88.29100684234302 1 696.7867423755367
175.8689315999565 88.29100684234302 175.7507034414714 48.18394605668897 1 736.8939774181273
175.7507034414714 48.18394605668897 175.6961365995388 29.85562948187419 1 755.2223752206322
175.6961365995388 29.85562948187419 175.6506642322257 13.7129535643072 1 771.3651151837173
175.6506642322257 13.7129535643072 155.8247116579503 13.90156214839109 0 791.1919648748661
155.8247116579503 13.90156214839109 143.6744948504154 19.41558959259889 0 804.5348381458516
143.6744948504154 19.41558959259889 143.5016998499977 30.1884681604996 0 815.3091024247202
143.5016998499977 30.1884681604996 143.6744948504154 19.41558959259889 1 826.0833667035888
143.6744948504154 19.41558959259889 143.9837069539293 0 1 845.5014183914692
143.9837069539293 0 155.8156171844877 11.0058656436443 1 861.6607246349297
155.8156171844877 11.0058656436443 155.8247116579503 13.90156214839109 1 864.556435421084
155.8247116579503 13.90156214839109 155.879278499883 30.06642731214079 1 880.7213926837076
155.879278499883 30.06642731214079 143.5016998499977 30.1884681604996 1 893.0995729701133
143.5016998499977 30.1884681604996 117.5369775565596 30.4658337264912 1 919.0657766863395
117.5369775565596 30.4658337264912 117.4642217677017 34.09377532421399 1 922.6944477435311
117.4642217677017 34.09377532421399 71.44618505763779 34.09377532421399 1 968.712484453595
