9728365299 9728365300 1 0.7257342114383121
9728365300 9740157024 1 5.91897495468355
9740157024 9740157029 1 8.073827810457267
9740157029 9740157054 1 11.95743814803334
9740157054 9740157025 1 12.74082198021895
9740157025 9740157054 0 13.23043687533495
9740157054 9740157055 1 16.46229812402706
9740157055 9740157031 1 17.04144028125792
9740157031 9740157004 1 20.27443173378264
9740157004 9740157024 1 22.75006779106379
9740157024 9728365300 0 25.99584325559206
9728365300 9728365299 0 26.44942713774101
9728365299 9728365302 0 32.201681726499
9728365302 9727816918 1 33.1424149066498
9727816918 9727816913 1 34.24347800131045
9727816913 9740157027 1 36.19889472752598
9740157027 9740157028 1 38.79445845799315
9740157028 9740157029 1 53.26013915034576
9740157029 9740157031 1 55.92871380454287
9740157031 9740157032 1 59.89408374277263
9740157032 9740157034 1 61.09586396842042
9740157034 9740157036 1 62.40075432459757
9740157036 9740157037 1 66.48965918269917
9740157037 9740157036 0 69.04522471901267
9740157036 9740157034 0 69.86078119162339
9740157034 9740157032 0 70.61189383265325
9740157032 9740157003 0 72.62973632803889
9740157003 9740157004 1 76.59333217356672
9740157004 9740157075 1 80.21685235703083
9740157075 9740157076 1 84.18022397696197
9740157076 9740157075 0 86.65733123941894
9740157075 9740157077 1 94.70541077645775
9740157077 9740157087 1 101.3289307023989
9740157087 9740157085 0 101.988985567911
9740157085 9740157082 0 103.3523887034149
9740157082 9740157085 1 105.5338337202212
9740157085 9740157087 1 106.5899215050405
9740157087 9740157001 1 107.388736404548
9740157001 9740157079 1 109.3422343872688
9740157079 9740157002 1 111.3503052045186
9740157002 9740157134 1 113.4516393248999
9740157134 9740157078 1 118.7881726455289
9740157078 9740157134 0 122.1235059709221
9740157134 9740157135 1 123.692260471958
9740157135 9740157134 0 124.6727320351054
9740157134 9740157002 0 125.9860658603437
9740157002 9740157079 0 127.2411101211248
9740157079 9727816624 0 127.9761297490784
9727816624 9740157079 1 129.1521611538041
9740157079 9740157001 0 130.3730973930045
9740157001 9740157087 0 130.8723567051967
9740157087 9740157077 0 135.0120566589099
9740157077 9740157078 1 138.9736988687554
9740157078 9740157076 1 146.9951458772735
9740157076 9740157003 1 150.6608254377745
9740157003 9740157032 1 153.8893734303915
9740157032 9740157031 0 156.3677296417851
9740157031 9740157029 0 158.0355888006583
9740157029 9740157028 0 167.0766392333787
9740157028 9740157027 0 168.6988665649207
9740157027 9728408221 1 171.3740658988672
9728408221 9728365312 1 174.330850638608
9728365312 9728365314 1 176.2788586534178
9728365314 9728365316 1 177.8308559681738
9728365316 9728408220 1 181.1907061907168
9728408220 9727816914 1 183.3519417392921
9727816914 9728408222 1 185.3467582042511
9728408222 9728408225 1 187.4875012621459
9728408225 9728408226 1 188.570698117649
9728408226 9728408235 0 190.4527393123642
9728408235 9728408226 1 193.4640052239085
9728408226 9728408228 1 195.733371897304
9728408228 9728408230 1 197.2984488651566
9728408230 9728408232 1 198.9383685595397
9728408232 9728365294 1 201.6515277109251
9728365294 9728365296 1 203.1783529470312
9728365296 9727816932 1 205.6874861501746
9727816932 9728365302 1 206.6185179681272
9728365302 9728365299 1 215.8221253101399
