60952268 1351.337600162017 894.3345413542593 12.9663767 77.59840389999999 50
61748559 1084.125421590299 438.3168546320759 12.9622547 77.5959411 50
62013201 492.7931597607189 471.7271752023694 12.9625567 77.590491 50
62013206 520.6449407568687 472.2582001649214 12.9625615 77.59074769999999 50
62067302 312.922951201861 360.6102017563594 12.9615523 77.5888332 50
245615180 254.1163080379281 1052.8454927214 12.9678095 77.5882912 50
246167200 973.7598912823099 998.3269298838611 12.9673167 77.5949239 50
246167202 859.7379331612117 1033.4630815828 12.9676343 77.593873 50
246167203 725.1878996013519 1074.529012031878 12.9680055 77.5926329 50
246171012 90.01105381763 797.5552419013736 12.9655019 77.5867787 50
248455233 1358.173058685651 381.8290742246049 12.9617441 77.59846690000001 50
248455433 1173.37698001764 723.9750955068366 12.9648368 77.5967637 50
248455434 1408.26720471602 365.1349769592767 12.9615932 77.59892859999999 50
248455438 823.7053018037332 139.9029516323799 12.9595573 77.59354089999999 50
248455439 915.6476439050841 383.4774642127612 12.961759 77.59438830000001 50
248455440 933.2245372472329 423.5034707765481 12.9621208 77.59455029999999 50
248455441 924.3058913662371 427.552536117414 12.9621574 77.5944681 50
248455442 978.3711133019697 472.5679647265273 12.9625643 77.5949664 50
248455443 1047.973440959589 534.0009150993462 12.9631196 77.5956079 50
248455444 1080.685992461312 565.6632785006533 12.9634058 77.5959094 50
248455445 1112.313550546562 604.7821174199635 12.9637594 77.5962009 50
248455446 1145.894096782014 656.7340596041706 12.964229 77.5965104 50
248455447 1168.407710170007 706.2853264368995 12.9646769 77.5967179 50
248455450 1487.384924634593 763.6028333485335 12.965195 77.5996578 50
248455451 842.7577861962588 438.5159889930327 12.9622565 77.5937165 50
248455452 894.6204714958774 440.9056013253962 12.9622781 77.5941945 50
248455457 1163.731388546766 752.6504434929093 12.965096 77.5966748 50
248455458 1262.704487983872 820.4999454982649 12.9657093 77.597587 50
248459840 1275.355511218249 1423.323908368114 12.9711583 77.5977036 50
248459844 1252.874447630666 1253.705684864371 12.9696251 77.5974964 50
248459845 1133.232223612327 1049.283200263459 12.9677773 77.59639369999999 50
248459848 823.3147041739689 1496.361966780105 12.9718185 77.59353729999999 50
248459849 871.021864690033 1488.00938663762 12.971743 77.593977 50
248462899 1273.011925438283 602.1269926061483 12.9637354 77.59768200000001 50
248462903 1255.304832883452 560.2534616930722 12.9633569 77.5975188 50
248462910 1358.227308356682 491.3750988222446 12.9627343 77.5984674 50
248462912 1303.749788921944 395.6689123148091 12.9618692 77.5979653 50
249081341 711.5603822925651 806.9919980096556 12.9655872 77.59250729999999 50
249081347 425.1221203826794 1041.926291925935 12.9677108 77.58986729999999 50
249081348 271.7257511846269 1001.203315098446 12.9673427 77.5884535 50
249088109 308.9084755621579 1099.299113938069 12.9682294 77.5887962 50
249144444 833.1447445271752 188.2040971985147 12.9599939 77.5936279 50
249144445 638.7356241887006 455.652607060429 12.9624114 77.59183609999999 50
249144453 559.7155536796398 468.5520884461727 12.962528 77.5911078 50
249144455 624.3811612927965 459.1706474382152 12.9624432 77.5917038 50
249144490 859.9115321082336 422.4967359514169 12.9621117 77.59387460000001 50
249145483 789.7775576756178 425.4726883466566 12.9621386 77.5932282 50
249145531 901.3365807435199 365.8540732633189 12.9615997 77.59425640000001 50
286679252 257.360438353413 991.7001808701973 12.9672568 77.5883211 50
286679311 216.1740882687291 946.1205382380208 12.9668448 77.5879415 50
286679388 200.8214314277941 941.164305252678 12.9668 77.5878 50
286679393 189.6242993717931 939.7482386856383 12.9667872 77.5876968 50
286679409 175.2806864070581 944.2508878485667 12.9668279 77.58756459999999 50
286679410 171.266210767355 948.0786927879587 12.9668625 77.5875276 50
286679427 159.5699817395289 967.2951586259364 12.9670362 77.58741980000001 50
286679458 151.703779470454 1015.386106810768 12.9674709 77.5873473 50
287793188 415.6501278602079 456.2389471233054 12.9624167 77.58978 50
287793352 402.3698084427044 768.0944194914675 12.9652356 77.5896576 50
287793353 404.2359971200849 802.2459624052644 12.9655443 77.5896748 50
287793354 396.5542437319619 822.9448729307767 12.9657314 77.58960399999999 50
287793665 306.3695909673111 1063.488118015594 12.9679057 77.5887728 50
287793733 159.62423141056 1042.579010109306 12.9677167 77.58742030000001 50
287793735 174.532040950701 1051.772379775949 12.9677998 77.5875577 50
287793960 155.588055900236 1069.661283207195 12.9679615 77.5873831 50
287793968 148.1341511301659 1088.169715761477 12.9681288 77.5873144 50
287793969 639.9074170793734 1087.339989257138 12.9681213 77.59184689999999 50
287793996 387.7657970595072 522.5728153809667 12.9630163 77.589523 50
287793997 354.8796466121433 557.1668790973595 12.963329 77.5892199 50
287794000 236.4743150894381 1054.748332171189 12.9678267 77.5881286 50
287794001 478.7316450850674 1050.234619988442 12.9677859 77.59036140000001 50
328804269 380.203392948756 432.0994373604964 12.9621985 77.5894533 50
427619864 1210.396955382079 775.3960127286676 12.9653016 77.59710490000001 50
428420200 1152.458306950495 726.7851026011028 12.9648622 77.5965709 50
428420201 1104.067600583034 734.8611072421419 12.9649352 77.59612490000001 50
428420202 1057.987930190987 776.6461339950857 12.9653129 77.5957002 50
428420203 1014.013147026923 844.8054005620472 12.965929 77.5952949 50
428420204 986.9208614224416 895.9497422824319 12.9663913 77.5950452 50
428420243 1227.680900503975 729.0087696324928 12.9648823 77.5972642 50
428420244 1183.369769381178 708.1992289065074 12.9646942 77.5968558 50
428420614 276.423772677108 1035.896945995318 12.9676563 77.5884968 50
428420786 383.2522244479787 1109.388588229547 12.9683206 77.5894814 50
428420790 445.7912449639122 1045.355828143589 12.9677418 77.5900578 50
428435105 1194.599451238968 752.0641034298569 12.9650907 77.59695929999999 50
428435107 1172.335386336889 702.579214717799 12.9646434 77.5967541 50
428435109 1148.29193223025 651.2246756162868 12.9641792 77.5965325 50
428435113 1079.112752008325 556.5252239341586 12.9633232 77.5958949 50
428435114 1019.969760882898 502.1947324372309 12.9628321 77.59534979999999 50
428435116 981.7237429581355 472.5347756663678 12.962564 77.5949973 50
428435117 939.0618018285961 450.9618865565382 12.962369 77.5946041 50
428435118 843.441332047656 429.8315182487765 12.962178 77.59372279999999 50
428435120 759.2675428086292 447.7536107400061 12.96234 77.592947 50
428435121 806.117558526274 431.9003029993635 12.9621967 77.5933788 50
428435122 691.4229044863284 451.1057058171706 12.9623703 77.5923217 50
428435123 922.6133016372589 417.9277086683454 12.9620704 77.5944525 50
428435125 1289.43872576038 855.702475317523 12.9660275 77.5978334 50
428435126 1194.198003676654 775.2521934676832 12.9653003 77.5969556 50
428435127 1121.677043729733 738.6667861415449 12.9649696 77.59628720000001 50
428435128 1025.188579215064 840.7010201212087 12.9658919 77.59539789999999 50
428435129 1066.440028904708 776.6350709749154 12.9653128 77.5957781 50
428435130 1107.951877012815 742.4835280609425 12.9650041 77.5961607 50
428435131 1177.727803617457 738.4787148005825 12.9649679 77.5968038 50
428435132 1447.511416585813 766.4349664831409 12.9652206 77.59929030000001 50
428435133 1214.335481482891 734.5513426807119 12.9649324 77.5971412 50
428435134 891.3654912464622 439.5116607981696 12.9622655 77.59416450000001 50
428435135 952.8737680183349 447.775736780171 12.9623402 77.5947314 50
428435136 986.7798122772099 466.7266901366968 12.9625115 77.59504389999999 50
428435138 1027.369415981937 498.3116123976903 12.962797 77.595418 50
428435139 1083.973522512517 551.7570622897783 12.9632801 77.5959397 50
428435143 1152.241308266372 646.2463165909551 12.9641342 77.59656889999999 50
428435147 1359.659499665817 746.8866100433924 12.9650439 77.5984806 50
428435155 431.2306333191959 500.1370107068144 12.9628135 77.58992360000001 50
428435159 505.9975296365709 484.7483498085807 12.9626744 77.59061269999999 50
428435161 553.1730433790193 479.1283356200481 12.9626236 77.5910475 50
428435162 676.0159979743623 462.2904190940874 12.9624714 77.5921797 50
428435164 738.0016718502004 433.2057393661061 12.9622085 77.59275100000001 50
428457177 901.8248277786546 425.5943815673 12.9621397 77.59426089999999 50
428457180 816.3273465725537 111.0174062653556 12.9592962 77.59347289999999 50
428457182 804.2405199163438 109.2141339960446 12.9592799 77.5933615 50
428457184 828.1537748116814 137.5133393003684 12.9595357 77.5935819 50
428457186 885.940524165484 278.9983028009373 12.9608146 77.5941145 50
428457189 944.0636214780201 433.0287310451382 12.9622069 77.5946502 50
429833269 395.241401698818 465.5650730307624 12.962501 77.5895919 50
429833270 394.9050537400844 498.4333056183337 12.9627981 77.5895888 50
458263310 997.1089496008613 904.5899609465341 12.9664694 77.5951391 50
458263312 966.6097846691829 984.5755959537892 12.9671924 77.594858 50
458263316 946.4506069937058 969.8285902185803 12.9670591 77.59467220000001 50
458263319 939.8646969559845 969.4524475368314 12.9670557 77.5946115 50
459554574 566.9416098316575 849.4186799256245 12.9659707 77.5911744 50
459554579 715.8352563534913 853.1247916445491 12.9660042 77.5925467 50
459554582 919.727219149748 841.1435409234526 12.9658959 77.5944259 50
459554583 982.5591878886946 841.1435409234526 12.9658959 77.595005 50
459554587 893.9911753141305 750.1280749200839 12.9650732 77.5941887 50
459554588 872.030908567614 603.4324289730667 12.9637472 77.5939863 50
459554592 693.4843919772105 602.1380556263186 12.9637355 77.59234069999999 50
459554594 683.285453864861 522.2187987393827 12.9630131 77.5922467 50
459554595 860.3129796719279 524.3982136906186 12.9630328 77.5938783 50
459554597 700.3958000397351 668.0847181820607 12.9643316 77.59240440000001 50
459554599 881.0689037259814 663.8143924402488 12.964293 77.5940696 50
459554605 705.0070220593949 712.8788863904037 12.9647365 77.5924469 50
459554606 888.3275096811697 712.3367984075055 12.9647316 77.5941365 50
459554608 709.3903954610021 775.4070757486621 12.9653017 77.5924873 50
459554609 900.6313350215021 773.6038034795271 12.9652854 77.59424989999999 50
459554610 714.3596653072555 828.3768157783469 12.9657805 77.5925331 50
459554612 914.1069532525072 821.2522308619386 12.9657161 77.5943741 50
459554614 924.859238007713 875.2065796769415 12.9662038 77.5944732 50
459554615 719.0902366015262 884.7760920258615 12.9662903 77.5925767 50
459554617 564.6739735919632 881.0146652064366 12.9662563 77.5911535 50
459554619 543.3755528289836 751.1016206850557 12.965082 77.59095720000001 50
459554620 537.4297889083198 840.1921211984699 12.9658873 77.5909024 50
459554623 564.6739735919632 964.5072775714832 12.967011 77.5911535 50
459554625 722.4537161930026 948.709284931341 12.9668682 77.5926077 50
459554627 356.0297396321954 907.8756779032038 12.9664991 77.5892305 50
459554630 564.0663772780764 915.265775301064 12.9665659 77.5911479 50
459554632 839.2641073948611 918.8280677590042 12.9665981 77.59368430000001 50
459554633 903.8320656012668 920.1224411055763 12.9666098 77.5942794 50
459554635 930.7507522587264 914.3475446362407 12.9665576 77.5945275 50
459554636 804.6528174139681 916.6597158281146 12.9665785 77.5933653 50
459554643 813.5389134945541 1033.673278963928 12.9676362 77.5934472 50
459554645 724.1029061848801 1043.320232453161 12.9677234 77.59262289999999 50
459554646 582.5112653567154 1054.040298887493 12.9678203 77.59131790000001 50
459554648 578.0085426777366 963.1686521447569 12.9669989 77.5912764 50
459554651 581.2201231914315 1080.845996483936 12.9680626 77.591306 50
459554653 460.9594529252759 919.4254708420509 12.9666035 77.5901976 50
459554656 437.3933959239823 992.0320714719682 12.9672598 77.5899804 50
459554660 342.651770809321 935.9093707260757 12.9667525 77.5891072 50
459554662 438.2830905241916 920.5538988878257 12.9666137 77.5899886 50
459554663 440.6483761706368 829.7928823455625 12.9657933 77.5900104 50
459554666 478.9811935709802 835.7558501560364 12.9658472 77.5903637 50
459554667 475.3139158239406 919.7684244638164 12.9666066 77.5903299 50
459554668 505.3682334562044 915.1772711405799 12.9665651 77.5906069 50
459554670 503.8492426728679 974.4529326023281 12.9671009 77.5905929 50
459554672 395.2739515019886 739.6956470068411 12.9649789 77.5895922 50
459554673 540.0988727117083 715.0361753012987 12.964756 77.59092699999999 50
459554676 388.2431941620922 705.898120734804 12.9646734 77.58952739999999 50
459554677 535.2164023368954 676.6806847660089 12.9644093 77.59088199999999 50
459554678 401.0569664109408 514.7401971812146 12.9629455 77.5896455 50
459554688 420.5217482983301 603.8306976949807 12.9637508 77.5898249 50
459554690 414.8255328635789 577.1024412388515 12.9635092 77.5897724 50
459554693 517.7805581385981 557.222194197684 12.9633295 77.5907213 50
459554697 827.4051293539432 603.8417607151512 12.9637509 77.593575 50
459554701 830.4431109192358 524.1548272491557 12.9630306 77.593603 50
459554703 845.5353693403283 603.6758154140018 12.9637494 77.5937421 50
459554705 844.1357278329832 665.1972699473049 12.9643055 77.5937292 50
459554708 839.6438550893148 879.1671408571475 12.9662396 77.5936878 50
459554710 840.3382508774027 845.8121353871785 12.9659381 77.5936942 50
459554713 841.0217967287999 820.5663236187597 12.9657099 77.5937005 50
459554715 842.1610398163023 773.7254966999946 12.9652865 77.593711 50
459554716 843.1158340228525 714.0847555763161 12.9647474 77.5937198 50
459554719 786.8914751881067 667.4098739587002 12.9643255 77.5932016 50
459554721 790.168155305382 773.6369925396866 12.9652857 77.5932318 50
459554723 793.5967345004387 822.5355411886923 12.9657277 77.5932634 50
459554726 789.0940118242206 712.3699874676649 12.9647319 77.5932219 50
459554728 844.9169230925115 633.7451039273012 12.9640212 77.5937364 50
459554730 565.8891662169759 816.7385186790158 12.9656753 77.59116469999999 50
459554731 791.7305458244387 804.1930539353839 12.9655619 77.5932462 50
459554733 841.2496453468524 802.7880503881628 12.9655492 77.5937026 50
459554738 908.519237158437 801.2502906004796 12.9655353 77.5943226 50
459554783 639.8965671454434 811.7933487140194 12.9656306 77.5918468 50
459554786 663.278175265785 1083.866200959505 12.9680899 77.59206229999999 50
459554790 661.3251871183444 1047.800755575749 12.9677639 77.5920443 50
459554792 650.4752529536271 955.048395423564 12.9669255 77.59194429999999 50
459554806 648.8043630925091 917.6000725329269 12.966587 77.5919289 50
459554810 645.6144824494351 882.9838827763691 12.9662741 77.5918995 50
459554814 642.7067000926834 851.3104563552436 12.9659878 77.5918727 50
459554816 602.3991946770394 1012.841612197953 12.9674479 77.5915012 50
459554821 808.3634948981082 985.2725662174904 12.9671987 77.5933995 50
459554822 722.4537161930026 957.2831254749484 12.9669457 77.5926077 50
459554825 807.1808520735053 949.9815322377483 12.9668797 77.5933886 50
459554830 658.1787062109905 1006.436123585236 12.96739 77.5920153 50
459554831 607.8892613643587 988.6246612944791 12.967229 77.5915518 50
459554833 722.4537161930026 978.944518745086 12.9671415 77.5926077 50
459554837 656.6814152955142 983.7237434096368 12.9671847 77.59200149999999 50
459554839 792.1428433234433 603.6758154140018 12.9637494 77.59325 50
459554842 796.374317647269 524.4977808709211 12.9630337 77.593289 50
459554845 865.4341485959628 559.3241680082544 12.9633485 77.5939255 50
459554847 686.757432795638 550.8720206852906 12.9632721 77.59227869999999 50
459554849 794.5406787730591 557.244320237673 12.9633297 77.59327209999999 50
459554851 829.6836155289479 560.0764533722802 12.9633553 77.59359600000001 50
459554854 793.5750346325786 579.2597301497465 12.9635287 77.5932632 50
459554856 689.9690133079527 577.5228360009304 12.963513 77.5923083 50
459554857 466.547169019346 600.1135229558859 12.9637172 77.59024909999999 50
459554861 528.6521921711754 638.0928708096026 12.9640605 77.5908215 50
459554865 449.9793195506372 654.5325186131215 12.9642091 77.59009639999999 50
459554881 445.2270483898867 629.2756438245324 12.9639808 77.59005260000001 50
459554885 457.1836758361751 692.589307606976 12.9645531 77.5901628 50
459554889 463.5200373879835 727.880341586718 12.9648721 77.5902212 50
459554894 488.2144875442297 486.2086684561262 12.9626876 77.5904488 50
459554898 501.1150592631384 559.2246008279519 12.9633476 77.59056769999999 50
459554901 512.7895884231042 640.593113342087 12.9640831 77.5906753 50
459554904 706.6779119191325 744.7293211324974 12.9650244 77.59246229999999 50
459554907 789.3327103762033 742.5277801412724 12.9650045 77.5932241 50
459598606 280.1778498969679 621.0115678427069 12.9639061 77.58853139999999 50
459598607 192.499531923994 521.5882065961764 12.9630074 77.58772329999999 50
459598610 178.416317380482 310.5168469410841 12.9610995 77.5875935 50
459598613 191.5447377188241 491.6074222435369 12.9627364 77.5877145 50
459598616 238.123505081315 441.3370591072937 12.962282 77.5881438 50
459598618 313.8126458048309 590.4555064468336 12.9636299 77.58884140000001 50
459598620 205.2265046986411 476.8382904683392 12.9626029 77.58784060000001 50
459598623 252.553917518871 527.2856619250224 12.9630589 77.5882768 50
459598626 321.375049916963 456.8142241663631 12.9624219 77.5889111 50
459598629 267.7980750177451 409.6083175860195 12.9619952 77.5884173 50
459598632 287.7402540091 491.1649014411171 12.9627324 77.58860110000001 50
459598635 279.42920444061 396.7641513007762 12.9618791 77.58852450000001 50
459598638 238.0584054763549 360.422130415397 12.9615506 77.5881432 50
459598645 181.9967956547009 364.117179114151 12.961584 77.5876265 50
459598648 252.781766136924 370.3014073255709 12.9616399 77.58827890000001 50
459598650 186.976915436265 438.8146905346443 12.9622592 77.5876724 50
459598653 0 690.9851696987979 12.9645386 77.58594909999999 50
459656119 962.0419623866238 269.0305217299274 12.9607245 77.5948159 50
459656136 1079.091052139084 258.7308500576744 12.9606314 77.5958947 50
459656137 1011.528512104487 449.3688116683546 12.9623546 77.59527199999999 50
459656151 1528.430225574044 313.4706732965107 12.9611262 77.6000361 50
459656152 1474.668801795256 336.5813221940234 12.9613351 77.5995406 50
459656158 1260.675550296161 409.1215447034457 12.9619908 77.59756830000001 50
459656159 1210.624803998751 237.6668598700559 12.960441 77.59710699999999 50
459656165 1559.200638860876 295.3936985243023 12.9609628 77.6003197 50
459752689 1228.234247145451 299.3100076241783 12.9609982 77.59726929999999 50
459752716 1631.710748875247 249.4821652905308 12.9605478 77.600988 50
459752726 1250.259613498308 376.4524464768315 12.9616955 77.59747230000001 50
459752728 1183.391469249038 376.4524464768315 12.9616955 77.596856 50
459752729 1175.156369219439 352.3793148345175 12.9614779 77.5967801 50
459752731 1238.3246859185 334.6563567042449 12.9613177 77.5973623 50
459752736 1216.418668843014 257.9343126134946 12.9606242 77.59716040000001 50
459752738 1269.149348876362 242.6120298354041 12.9604857 77.5976464 50
459752740 1263.203584954318 219.6120111383643 12.9602778 77.5975916 50
459752750 1279.630385276414 283.4345738435467 12.9608547 77.59774299999999 50
459752754 1287.5074374808 330.8838668650013 12.9612836 77.5978156 50
459752758 1263.605032518012 331.2489465267558 12.9612869 77.59759529999999 50
459752759 1254.208989534431 291.2893180832879 12.9609257 77.59750870000001 50
459815971 1222.342732895818 1213.115464277696 12.9692582 77.59721500000001 50
459815973 1176.08946355951 1161.373719474265 12.9687905 77.5967887 50
459815975 1143.496261332398 1107.707009181055 12.9683054 77.5964883 50
459815977 949.7055872417407 1132.532426187395 12.9685298 77.5947022 50
491846849 464.6484305401755 1767.43914722063 12.9742688 77.5902316 50
646734817 1444.701283637193 748.8337015731599 12.9650615 77.5992644 50
663313885 151.8665284835461 1030.597759388209 12.9676084 77.5873488 50
663313886 325.6499239751281 972.3288327514167 12.9670817 77.5889505 50
663313887 304.6661513044021 1019.733873692717 12.9675102 77.5887571 50
663313888 280.9156454207759 1024.081640575019 12.9675495 77.5885382 50
663313889 279.6679029925931 1012.587162736496 12.9674456 77.5885267 50
663313890 293.9572662849171 1034.491942447921 12.9676436 77.5886584 50
663313891 281.6100412074841 1042.722829369938 12.967718 77.58854460000001 50
663313892 368.9303113524844 1036.173521496764 12.9676588 77.5893494 50
663313897 348.890482952999 1083.324112976607 12.968085 77.5891647 50
663317743 315.57033513739 1112.132217203494 12.9683454 77.5888576 50
663321320 457.2596253750659 1740.533882443357 12.9740256 77.5901635 50
663599740 451.8021084922974 1594.778593201328 12.9727081 77.5901132 50
665062621 142.7200339844981 1125.474219391306 12.968466 77.5872645 50
665062628 329.469100799949 993.5587682396568 12.9672736 77.58898569999999 50
665062638 346.134599676789 1018.384185246172 12.967498 77.5891393 50
1067769802 1339.825820015143 735.9784722680979 12.9649453 77.5982978 50
1067769804 1311.431542310067 847.869857117595 12.9659567 77.5980361 50
1067769809 1207.619372236629 742.6273473219268 12.9650054 77.5970793 50
1067769826 1200.219717137589 721.9394998164091 12.9648184 77.5970111 50
1067769827 1659.638479410288 231.9694045412098 12.9603895 77.6012454 50
1067769842 1204.375241921144 754.5864720025065 12.9651135 77.5970494 50
1067769844 445.8454946363231 466.7488161768617 12.9625117 77.5900583 50
1067769862 1217.232413905713 771.6235228894241 12.9652675 77.5971679 50
1067781007 1209.507260780489 714.8702300003254 12.9647545 77.59709669999999 50
1067781008 1066.505128508289 543.5814904680849 12.9632062 77.5957787 50
1067781019 1230.783981675609 719.0077995014992 12.9647919 77.59729280000001 50
1067781021 1162.592145459264 653.3598384871927 12.9641985 77.5966643 50
1067781025 1069.315261456909 536.7556070934641 12.9631445 77.59580459999999 50
1067781027 814.5696572386148 439.6776060989671 12.962267 77.5934567 50
1067781028 1183.478268723239 754.8630475041288 12.965116 77.5968568 50
1067781029 1132.537827827 606.0543647263707 12.9637709 77.5963873 50
1067781030 1179.91949031688 691.0183587589573 12.9645389 77.596824 50
1067781032 1190.085878630201 700.8755096289665 12.964628 77.59691770000001 50
1067781037 1125.431120949594 614.6060792298131 12.9638482 77.5963218 50
1067789488 1155.105690887404 734.6951619413444 12.9649337 77.5965953 50
1067789494 1029.940850378575 494.9152652401957 12.9627663 77.59544169999999 50
1067789495 1180.559636433938 714.0073144358266 12.9647467 77.5968299 50
1067789498 1164.360684727133 716.7620064299443 12.9647716 77.5966806 50
1067789501 1088.476245190116 754.0111949599764 12.9651083 77.5959812 50
1067789502 983.8828798557687 451.3490922586334 12.9623725 77.5950172 50
1067789505 675.3650019247555 447.7536107400061 12.96234 77.5921737 50
1067789515 1128.81630040755 728.4113665494458 12.9648769 77.59635299999999 50
1067789516 1082.487081532351 747.9929120490021 12.9650539 77.59592600000001 50
1067789518 1074.360480843433 533.9898520791759 12.9631195 77.5958511 50
1067789523 923.448746567818 423.7357941978404 12.9621229 77.5944602 50
1067789524 1149.550524595124 744.8067622729868 12.9650251 77.5965441 50
1067789527 1094.259260099068 555.1423464271024 12.9633107 77.5960345 50
1067789530 666.1642577546764 457.0133585273201 12.9624237 77.59208889999999 50
1067789532 1019.29706496543 507.3279737435415 12.9628785 77.59534360000001 50
1067789545 1005.409149236801 473.2981240500361 12.9625709 77.5952156 50
1067789550 928.6892647678442 447.6761695996925 12.9623393 77.5945085 50
1274615181 811.7486743560644 1015.474610971252 12.9674717 77.5934307 50
1274615189 582.4461657503743 1037.711281284447 12.9676727 77.5913173 50
1274615199 660.2184938340125 1030.221616706461 12.967605 77.59203410000001 50
1274615200 699.2891067554033 652.3088515817316 12.964189 77.5923942 50
1274615202 476.9522558818882 793.959760383098 12.9654694 77.590345 50
1274615203 1397.99231706478 759.6643982084926 12.9651594 77.5988339 50
1274615205 723.4519101352732 1023.594867692797 12.9675451 77.5926169 50
1274615213 506.9848736449114 595.2347311110325 12.9636731 77.59062179999999 50
1274615214 1339.825820015143 874.9521302156601 12.9662015 77.5982978 50
1274615223 537.3212895676388 788.6716367965122 12.9654216 77.59090140000001 50
1285102584 8.723347067493933 679.8778975621947 12.9644382 77.5860295 50
1285102588 47.01276473073699 644.3434771411655 12.964117 77.58638240000001 50
1454651895 1094.020561548466 572.7436113367316 12.9634698 77.5960323 50
1454651936 1106.053138535025 587.9773899541623 12.9636075 77.5961432 50
1454651937 1098.588383831025 568.8162392165091 12.9634343 77.59607440000001 50
1454651965 634.9489971670502 468.2865759647208 12.9625256 77.59180120000001 50
1454651988 1090.331583932186 568.3073402941222 12.9634297 77.59599830000001 50
1469034694 959.069080426292 943.2220269832704 12.9668186 77.59478850000001 50
1469034722 985.0112730079607 949.2956249942174 12.9668735 77.59502759999999 50
1568922432 34.75233912612498 655.7273247792152 12.9642199 77.58626940000001 50
1568922456 54.09777173752309 638.3583832907026 12.9640629 77.58644769999999 50
1568922538 1.584090388297 687.2348058997193 12.9645047 77.58596369999999 50
1611272361 329.848848497164 1072.305345000664 12.9679854 77.5889892 50
1611272461 299.4256331043759 1027.433735652183 12.9675798 77.58870880000001 50
1611272493 316.156231583416 1023.57274165228 12.9675449 77.588863 50
1650296745 410.8002072899459 491.0985233207981 12.9627318 77.5897353 50
1650296749 414.5868343115964 464.7906616269237 12.962494 77.5897702 50
1650296754 569.2092460713518 582.2909976453107 12.9635561 77.5911953 50
1650296755 419.2631559362168 505.4804493942524 12.9628618 77.5898133 50
1650296758 390.9339778361016 449.8777105909174 12.9623592 77.5895522 50
1650296761 554.8222333708968 489.2399359511627 12.962715 77.59106269999999 50
1650296764 408.4674714439105 483.2990941812056 12.9626613 77.5897138 50
1650296780 409.3463161101897 476.3515175857653 12.9625985 77.5897219 50
1650296782 400.3191708871327 446.9128212158482 12.9623324 77.58963869999999 50
1650296786 419.9033020518937 463.0869565382671 12.9624786 77.58981919999999 50
1650296797 429.1908456961738 501.0441783514671 12.9628217 77.5899048 50
1650296808 750.6743949510565 440.5958367637903 12.9622753 77.59286779999999 50
1650296813 420.1094508007058 499.1966540021781 12.962805 77.58982109999999 50
1650296814 411.0931555101985 468.8397269674377 12.9625306 77.589738 50
1650296824 395.8272981434643 483.9186233044174 12.9626669 77.58959729999999 50
1650296830 414.8689326006796 496.8844828103041 12.9627841 77.58977280000001 50
1652805635 908.2479888046641 425.6054445872946 12.9621398 77.5943201 50
1652805636 1004.964301936006 878.1604060318404 12.9662305 77.5952115 50
1652805646 823.8029512118644 430.0749046900634 12.9621802 77.5935418 50
1652805648 940.7001418865436 435.6838558587775 12.9622309 77.5946192 50
1652805652 865.8464460949675 438.9031946953042 12.96226 77.5939293 50
1842803325 1196.54158945524 1183.555074687136 12.968991 77.5969772 50
1842803378 451.4766104661136 1617.214397875481 12.9729109 77.5901102 50
1842803385 435.2993586285493 1651.697831390873 12.9732226 77.5899611 50
1842803386 436.4711515178418 1666.599719406884 12.9733573 77.58997189999999 50
1842803387 483.2777674997665 1830.332416240819 12.9748373 77.59040330000001 50
1842803388 486.0553506452163 1848.674903494303 12.9750031 77.59042890000001 50
1859880636 703.2276328562157 0 12.9582927 77.59243050000001 50
1859880640 665.9906588090348 9.846087850190543 12.9583817 77.5920873 50
1859880645 594.7608410260171 27.95625168238246 12.9585454 77.5914308 50
1859880653 725.8388956523391 67.37379214312807 12.9589017 77.5926389 50
1859880655 682.4717088021621 78.82401790132076 12.9590052 77.59223919999999 50
1859880664 704.0305279836041 131.0746616274911 12.9594775 77.59243789999999 50
1859880668 632.236513626561 157.9578003642473 12.9597205 77.5917762 50
1859880670 613.1189296304549 171.7976384548033 12.9598456 77.5916 50
1859880671 616.7428076417742 181.5220330845264 12.9599335 77.59163340000001 50
1859880672 563.5998301094215 182.0530580470783 12.9599383 77.5911436 50
1859880674 568.5582500217448 199.8202682575048 12.9600989 77.5911893 50
1859880677 777.7883804261588 207.2656807553375 12.9601662 77.59311769999999 50
1859880679 497.5345809903 213.5273501075987 12.9602228 77.59053470000001 50
1859880681 629.7410287688141 217.9304320898727 12.9602626 77.5917532 50
1859880682 735.5387367942436 221.8024891094188 12.9602976 77.5927283 50
1859880683 631.5421178384731 222.875602054869 12.9603073 77.59176979999999 50
1859880684 503.3609956349726 229.7125484496603 12.9603691 77.5905884 50
1859880687 579.332234646191 235.4653188790069 12.9604211 77.5912886 50
1859880690 642.7392498972343 253.7414280121723 12.9605863 77.59187300000001 50
1859880691 512.1928420445279 256.1642294043431 12.9606082 77.5906698 50
1859880692 586.7427396791606 262.0608190944981 12.9606615 77.59135689999999 50
1859880693 588.5438287515805 268.4994967673755 12.9607197 77.5913735 50
1859880695 519.4405980644057 281.2440958721403 12.9608349 77.5907366 50
1859880697 659.2853994953223 307.7510919271476 12.9610745 77.59202550000001 50
1859880698 720.7394265961644 321.8232534389961 12.9612017 77.5925919 50
1859880699 276.792670439012 324.1243616105236 12.9612225 77.5885002 50
1859880700 662.160632047523 328.6601998337874 12.9612635 77.592052 50
1859880701 609.7662999742889 342.4225967838539 12.9613879 77.5915691 50
1859880702 786.1536796670592 357.0921613785732 12.9615205 77.59319480000001 50
1859880703 542.0193110573587 358.8622445875487 12.9615365 77.59094469999999 50
1908194764 1694.314868996142 206.1261896897441 12.9601559 77.60156499999999 50
1925410536 251.566573510531 301.5779267357223 12.9610187 77.5882677 50
2017744720 1129.206898038694 610.3800055683311 12.96381 77.59635659999999 50
2017744721 924.8809378769533 408.037368737825 12.961981 77.5944734 50
2078431799 189.9389474626671 702.9996094798779 12.9646472 77.5876997 50
2189688551 1473.030461737308 757.1752186958267 12.9651369 77.5995255 50
2190050491 514.3628288774713 836.6519547805187 12.9658553 77.59068980000001 50
2190050494 529.7588854541269 912.1902557251698 12.9665381 77.5908317 50
2190050514 461.9793467381672 951.1210233033415 12.96689 77.59020700000001 50
2227971916 998.7798394633596 327.4764566875123 12.9612528 77.59515450000001 50
2227971917 965.6766903304929 343.2855123481767 12.9613957 77.5948494 50
2227971918 1015.206639785456 448.8045976454672 12.9623495 77.5953059 50
2228056212 697.4771677490535 632.1077769591395 12.9640064 77.5923775 50
2228386464 1410.599940560675 761.3902293373142 12.965175 77.5989501 50
2228386495 1264.939574420396 1339.001569498728 12.9703961 77.5976076 50
2406090831 512.8329881602048 472.1696960042615 12.9625607 77.59067570000001 50
2406092355 429.9286412172213 461.2062431286426 12.9624616 77.58991159999999 50
2511448714 720.7936762658147 917.1686147505015 12.9665831 77.5925924 50
2511448715 722.0305687614483 991.4678574489049 12.9672547 77.59260380000001 50
2577071149 726.2728930192039 1067.979704158528 12.9679463 77.5926429 50
2577072096 665.0358646024845 1077.991737309516 12.9680368 77.5920785 50
2577073659 610.7319441147692 1077.250514965836 12.9680301 77.591578 50
2577075429 727.1951374225838 1074.03117612931 12.968001 77.59265139999999 50
2577077220 666.1534078207463 1083.434743177256 12.968086 77.5920888 50
2577079353 562.720985441762 1069.417896765908 12.9679593 77.59113549999999 50
2577079354 536.5400943053497 1066.939780273237 12.9679369 77.59089419999999 50
2577079535 581.4588217420338 1073.057630364338 12.9679922 77.5913082 50
2600843683 815.318302696353 1048.309654498488 12.9677685 77.59346360000001 50
2600843684 822.837307071384 1049.758910125863 12.9677816 77.5935329 50
2760170981 670.0810839876286 1352.365697726881 12.9705169 77.592125 50
2760171119 673.6941120636375 1355.529721462731 12.9705455 77.59215829999999 50
2774694052 582.2183171337022 976.3115199717877 12.9671177 77.5913152 50
2774694055 581.6432706229859 1019.401983091122 12.9675072 77.5913099 50
2774694058 581.9362188446189 989.6092700796213 12.9672379 77.59131259999999 50
2774694060 581.6432706229859 1006.09316996347 12.9673869 77.5913099 50
2774694062 581.1441736511605 962.858887583327 12.9669961 77.5913053 50
3237687380 312.4564040332059 1000.008508932353 12.9673319 77.5888289 50
3239723348 167.501283612185 887.431216839325 12.9663143 77.5874929 50
3356616807 232.3296402384331 664.4781736439664 12.964299 77.5880904 50
3356616811 159.4940322006389 730.6571596206489 12.9648972 77.58741910000001 50
3382418783 1229.406040036124 1222.496905285654 12.969343 77.59728010000001 50
3525162933 355.8344408186937 908.860286688346 12.966508 77.58922870000001 50
3529574727 770.5406244049008 631.6210040765658 12.964002 77.59305089999999 50
3529610629 487.6285910982031 599.184229271068 12.9637088 77.5904434 50
3529644459 510.6196015901608 617.6926618255258 12.9638761 77.59065529999999 50
3529645061 537.7552869331232 767.1208737264957 12.9652268 77.5909054 50
3535929351 1009.597223823526 483.133148880584 12.9626598 77.5952542 50
3641923611 1167.279317016434 730.303142978889 12.964894 77.59670749999999 50
3641923612 1223.221577562097 787.510019690402 12.9654111 77.59722309999999 50
3641923613 1201.510859301493 764.8861436749354 12.9652066 77.59702299999999 50
3641923614 1204.689890012017 748.6677562723625 12.96506 77.5970523 50
3641923615 1160.942955466006 733.9428765776704 12.9649269 77.59664909999999 50
3641923616 1208.389717560847 762.7288547640403 12.9651871 77.59708639999999 50
3641923617 1146.414893620319 735.7240228066405 12.964943 77.5965152 50
3652356814 1001.155975043735 889.0685438074865 12.9663291 77.5951764 50
3652356820 1010.259069808443 866.6659281934936 12.9661266 77.59526030000001 50
3652356822 959.6115771324571 977.5173891580519 12.9671286 77.59479349999999 50
3652356823 999.5935845246781 895.0536376579496 12.9663832 77.595162 50
3652357826 952.9280176879852 973.1032441556074 12.9670887 77.5947319 50
3683283315 818.1067357771133 323.7150298684392 12.9612188 77.5934893 50
3683283316 1308.436960481875 528.5247201714462 12.9630701 77.59800850000001 50
3701772911 312.922951201861 1105.638224430468 12.9682867 77.5888332 50
3701772976 439.4331835442437 1677.131714500606 12.9734525 77.58999919999999 50
3730964459 484.6014594668405 1840.975041535013 12.9749335 77.59041550000001 50
3735580963 991.043836404206 926.9815135405325 12.9666718 77.5950832 50
3943325826 399.1256781285997 1122.454014915912 12.9684387 77.58962769999999 50
3943325832 331.335289475949 999.2672865886734 12.9673252 77.5890029 50
3943325834 311.1544119339919 1003.316351929363 12.9673618 77.5888169 50
3943325836 338.3768967497761 1010.673260266712 12.9674283 77.5890678 50
3943325837 290.116389590856 1010.728575367036 12.9674288 77.588623 50
3943325840 272.3658973003039 1056.042705517761 12.9678384 77.5884594 50
3943325844 288.6082487428289 1068.809430662867 12.9679538 77.5886091 50
3956139502 1157.047829100914 1135.143298920704 12.9685534 77.59661319999999 50
3956139503 1136.584853269874 1091.665630099274 12.9681604 77.59642460000001 50
3956139504 1166.454722022566 1149.414594793334 12.9686824 77.5966999 50
3956139505 1133.394972625419 1075.790196318291 12.9680169 77.5963952 50
4038254310 722.4862659961732 1001.656898920861 12.9673468 77.592608 50
4038254313 732.5767047678418 1072.703613722578 12.967989 77.59270100000001 50
4209350027 218.995071151279 949.4726333150095 12.9668751 77.5879675 50
4209350070 191.3819887043519 1055.124474853114 12.9678301 77.58771299999999 50
4685633734 838.2442135819697 1043.939761576197 12.967729 77.5936749 50
4685633735 880.580656688086 1017.742530082796 12.9674922 77.59406509999999 50
4726612440 1219.359001001555 419.896926238278 12.9620882 77.5971875 50
5164714983 1609.164585684085 263.7092090830062 12.9606764 77.6007802 50
5164714995 1483.945495504225 332.5986349736525 12.9612991 77.59962609999999 50
5276773728 478.3518973892333 890.5509884950212 12.9663425 77.5903579 50
5340711533 1256.096878076911 1276.528695240619 12.9698314 77.5975261 50
5396525021 826.0705874529391 342.5221639641564 12.9613888 77.59356270000001 50
5560544560 239.7943949424341 974.2206091812117 12.9670988 77.58815920000001 50
5560544561 512.1277424381868 1059.881573477324 12.9678731 77.59066919999999 50
6019610759 442.9919619506022 496.8512937503206 12.9627838 77.59003199999999 50
6308519860 622.3739234715646 1311.88610734068 12.970151 77.59168529999999 50
6455342676 1142.78016567645 956.3980838704606 12.9669377 77.5964817 50
6459101014 474.543570496962 775.6283361497841 12.9653037 77.5903228 50
6645712420 914.4216013420003 1291.939482178841 12.9699707 77.59437699999999 50
6834406251 1177.575904538295 685.940432553147 12.964493 77.5968024 50
6894860920 947.4813507377664 454.7675654559412 12.9624034 77.5946817 50
6894860921 966.7291339437941 464.149006463371 12.9624882 77.59485909999999 50
6991440385 928.461416151172 416.1908145191775 12.9620547 77.5945064 50
6991440386 915.2136465382193 445.0652968662073 12.9623157 77.5943843 50
6991440387 964.3638482959684 460.7858483665637 12.9624578 77.59483729999999 50
6991440388 959.6658268034878 455.3096534384875 12.9624083 77.59479399999999 50
7106320854 397.5741375448533 1121.181767609505 12.9684272 77.5896134 50
7131511279 1144.147257382005 430.1412828105584 12.9621808 77.5964943 50
7131511280 1641.833737448706 243.1319917781374 12.9604904 77.6010813 50
7132418218 524.9957643566856 482.4804306968608 12.9626539 77.5907878 50
7132495604 1225.478363869241 736.0780394484004 12.9649462 77.5972439 50
7140560441 1194.903249395912 423.2268952752777 12.9621183 77.5969621 50
7292436092 189.7110988446141 914.2037253754323 12.9665563 77.5876976 50
7292436095 252.6407169903121 987.0094603663065 12.9672144 77.5882776 50
7292436123 147.3095561349171 1093.867171090499 12.9681803 77.58730679999999 50
7293719437 1015.694886823352 709.4161611125903 12.9647052 77.5953104 50
7293719438 1026.458021512487 752.9380820141743 12.9650986 77.5954096 50
7293719439 1034.747371213117 783.1511897881062 12.9653717 77.59548599999999 50
7293719440 1044.230213673659 797.964573643458 12.9655056 77.59557340000001 50
7293719453 1644.416021779274 241.5167908497889 12.9604758 77.6011051 50
7395562810 967.2173809816894 1034.845959090032 12.9676468 77.5948636 50
7428700411 1327.565394410531 863.2585180160046 12.9660958 77.5981848 50
8785025867 951.2896776300378 1123.670947122347 12.9684497 77.5947168 50
