287793735 4209350070
4209350070 287794000
287794000 245615180
1067789502 459656137
459656137 2227971918
2227971918 61748559
61748559 7131511279
7131511279 7140560441
7140560441 4726612440
4726612440 459656158
459656158 248462912
248462912 248455233
248455233 248455434
248455434 459656152
459656152 5164714995
5164714995 459656151
459656151 459656165
459656165 5164714983
5164714983 459752716
459752716 7131511280
7131511280 7293719453
7293719453 1067769827
1067769827 1908194764
1067769802 248462899
3943325840 3943325844
3943325844 249088109
249088109 3701772911
3701772911 663317743
663317743 663599740
663599740 1842803378
1842803378 1842803385
1842803385 1842803386
1842803386 3701772976
3701772976 663321320
663321320 491846849
491846849 1842803387
1842803387 3730964459
3730964459 1842803388
245615180 428420614
428420614 663313888
663313888 663313889
663313889 249081348
1067781019 248455433
248455458 60952268
248459849 6645712420
6645712420 459815977
459815977 8785025867
8785025867 7395562810
7395562810 246167200
246167200 1469034722
1469034722 3735580963
3735580963 458263310
458263310 3652356823
3652356823 3652356814
3652356814 1652805636
1652805636 3652356820
3652356820 428435128
428435128 428435129
428435129 1067789501
1067789501 428435130
428435130 428435127
428435147 428420243
428420243 1067769826
1067769826 428420244
428420244 428435143
428435143 2017744720
2017744720 1454651937
428435126 428435125
428435125 60952268
428457182 249144444
249144444 249145531
249145531 428435123
428435123 1067789523
1067789523 248455441
248455441 1067789550
286679311 7292436092
7292436092 3239723348
3239723348 246171012
459598629 459598626
459598626 287793996
6894860921 248455442
248455442 1067789532
1067789532 248455443
248455443 248455444
248455444 248455445
248455445 248455446
248455446 248455447
1454651965 1067789530
1067789530 428435122
248455447 248455433
248455433 428435131
428435131 1067781028
1067781028 428435126
287793354 459554663
459554663 459554666
459554666 2190050491
2190050491 459554620
459554620 459554574
459554574 459554814
459554814 459554579
459554579 459554710
459554710 459554582
458263319 459554635
459554592 459554839
459554839 459554697
459554697 459554703
459554703 459554588
459554594 459554842
459554842 459554701
459554701 459554595
459554597 459554719
459554719 459554705
459554705 459554599
459554605 459554726
459554726 459554716
459554716 459554606
459554608 459554721
459554721 459554715
459554715 459554609
459554610 459554723
459554723 459554713
459554713 459554612
459554614 459554708
459554708 459554615
459554615 459554810
459554810 459554617
428435159 459554693
459554693 459554861
459554861 459554677
459554677 459554673
459554673 459554619
459554619 3529645061
3529645061 1274615223
1274615223 459554620
459554620 2190050494
459554730 459554574
459554574 459554617
459554617 459554630
459554630 459554623
459554625 459554792
459554792 2774694062
2774694062 459554648
459554648 459554623
459554627 3525162933
3525162933 459554662
459554662 459554653
459554653 459554667
459554667 459554668
459554668 2190050494
2190050494 459554630
459554630 459554806
459554806 2511448714
2511448714 459554636
459554636 459554632
459554632 459554633
459554633 459554635
459554636 459554825
459554825 459554821
459554821 1274615181
1274615181 459554643
459554643 2600843683
459554643 459554645
459554645 459554790
459554790 459554646
459554653 2190050514
2190050514 459554656
459554656 249081347
459554660 459554656
459554662 459554663
459554666 5276773728
5276773728 459554667
459554668 459554670
287793352 459554619
459554672 459554889
459554889 459554673
459554676 459554885
459554885 459554677
459554678 459554690
459554690 459554688
459554690 459554898
459554898 459554693
428435161 1650296761
1650296761 1650296754
459554697 459554851
459554851 459554701
459554703 459554728
459554728 459554705
459554705 459554716
459554716 459554715
459554715 459554733
459554733 459554713
459554713 459554710
459554710 459554708
459554719 459554726
459554726 459554907
459554907 459554721
459554721 459554731
459554731 459554723
459554731 249081341
249081341 459554783
459554783 459554730
459554733 459554738
459554783 459554814
459554814 459554810
459554810 459554806
459554806 459554792
459554792 459554837
459554837 459554830
459554830 1274615199
1274615199 459554790
459554790 2577072096
459554816 459554830
459554830 4038254310
459554822 459554825
459554831 459554837
459554837 459554833
459554839 459554854
459554854 459554849
459554849 459554842
459554845 459554851
459554851 459554849
459554849 459554847
459554854 459554856
459554861 459554901
459554901 459554865
459554881 459554865
459554865 459554885
459554885 459554889
459554894 459554898
459554898 1274615213
1274615213 3529644459
3529644459 459554901
459554904 459554907
459598606 459598607
459598613 459598620
459598620 459598616
459598616 459598629
459598629 459598635
459598635 62067302
459598616 459598632
459598632 287793997
459598618 459598623
459598623 459598620
459598623 459598632
459598632 459598626
287793996 429833270
429833270 1650296824
1650296824 429833269
429833269 1650296758
1650296758 328804269
459598635 459598648
459598648 459598638
459598638 459598645
459598648 459598650
459598607 1568922456
1568922456 1285102588
1285102588 1568922432
1568922432 1285102584
1285102584 1568922538
1568922538 459598653
459656136 61748559
459656158 459752726
459752726 459752731
459752731 459752689
459752689 459752736
459752736 459656159
459752726 459752728
459752729 459752731
459752731 459752758
459752758 459752754
459752740 459752738
459752738 459752750
459752750 459752754
459752758 459752759
248462912 459752754
248462903 3683283316
3683283316 248462910
245615180 663313891
663313891 663313890
663313890 1611272461
1611272461 663313887
663313887 3943325834
3943325834 3237687380
3237687380 663313886
663313886 459554660
459554660 459554627
459554627 287793354
287793354 287793353
287793353 287793352
287793352 459554672
459554672 459554676
459554676 287793997
663313892 665062638
665062638 3943325836
3943325836 3943325832
3943325832 665062628
665062628 663313886
428435133 1067769809
1067769809 3641923614
3641923614 1067769842
1067769842 3641923616
3641923616 1067769862
1067769862 1067769804
1067769804 7428700411
7428700411 1274615214
1274615214 60952268
1067781021 248462899
248455450 2189688551
2189688551 646734817
646734817 1067769802
1067769802 1067781019
1067781019 1067781007
428435127 3641923617
3641923617 1067789488
1067789488 3641923615
3641923615 3641923611
3641923611 248455433
248455433 1067789495
1067789495 1067781030
459554688 459554857
459554857 3529610629
3529610629 1274615213
1274615181 1274615205
1274615205 1274615199
1274615199 1274615189
459554666 1274615202
1274615202 1274615223
248459840 2228386495
2228386495 5340711533
5340711533 248459844
248459844 3382418783
3382418783 459815971
459815971 1842803325
1842803325 459815973
459815973 3956139504
3956139504 3956139502
3956139502 459815975
459815975 3956139503
3956139503 3956139505
3956139505 248459845
248459845 6455342676
6455342676 248455457
459598607 459598613
459598613 459598650
459598650 459598645
459598645 459598610
1454651937 428435139
428435139 1067781025
1067781025 428435138
428435138 3535929351
3535929351 428435136
428435136 428435135
248455441 1652805635
1652805635 428457177
428457177 249144490
249144490 249145483
249145483 428435164
428435164 1067789505
1067789505 249144445
249144445 249144455
249144455 249144453
249144453 62013206
62013206 2406090831
2406090831 62013201
62013201 1067769844
1067769844 2406092355
428435122 1650296808
1650296808 428435121
428435121 1652805646
1652805646 428435118
428435118 1652805652
1652805652 428435134
428435134 6991440386
6991440386 428435117
428435117 6991440387
1454651936 1067781037
1067781037 428435109
428435109 428435107
428435107 428435105
428435105 3641923613
3641923613 427619864
427619864 3641923612
3641923612 248455458
249081348 286679252
286679252 7292436095
7292436095 5560544560
5560544560 4209350027
4209350027 286679311
286679311 286679388
286679388 286679393
286679393 286679409
286679409 286679410
286679410 286679427
286679458 663313885
663313885 287793733
287793733 287793735
2406092355 1650296786
1650296786 1650296749
1650296749 1650296814
1650296814 1650296780
1650296780 1650296764
1650296764 1650296745
1650296745 1650296830
1650296830 1650296813
1650296813 1650296797
248455447 1067789498
1067789498 428420200
245615180 3943325840
3943325840 287793665
287793665 1611272361
1611272361 663313897
663313897 428420786
428420786 7106320854
7106320854 3943325826
3943325826 6308519860
6308519860 2760170981
2760170981 2760171119
2760171119 248459848
1859880645 1859880668
1859880668 1859880670
1859880670 1859880671
1859880671 1859880681
1859880681 1859880683
1859880683 1859880690
1859880690 1859880697
1859880697 1859880700
1859880700 1067789505
1859880703 1859880701
1859880700 1859880698
249144490 5396525021
5396525021 3683283315
3683283315 1859880677
1859880677 1859880653
1859880653 1859880636
1859880701 1859880693
1859880693 1859880692
1859880692 1859880687
1859880687 1859880674
1859880674 1859880672
249145483 1859880702
1859880702 1859880682
1859880682 1859880664
1859880664 1859880655
1859880655 1859880640
1859880679 1859880684
1859880684 1859880691
1859880691 1859880695
1859880695 1859880703
1859880703 249144453
428435127 1067789524
1067789524 248455457
248455457 428435126
2774694062 2774694052
2774694052 2774694058
2774694058 2774694060
2774694060 2774694055
2774694055 1274615189
1274615189 459554646
459554646 2577079535
1859880701 249144455
2227971918 2227971916
459554728 3529574727
3529574727 2228056212
458263319 4685633735
4685633735 246167202
246167202 4685633734
4685633734 2600843684
2600843684 4038254313
4038254313 2577075429
2577075429 246167203
246167203 2577077220
2577077220 459554786
459554786 287793969
287793969 459554651
459554651 2577079354
2577079354 5560544561
5560544561 287794001
287794001 428420790
428420790 249081347
249081347 663313892
663313892 1611272493
1611272493 663313887
663313887 3943325837
3943325837 249081348
2577071149 459554645
459554645 1274615205
1274615205 4038254310
4038254310 2511448715
2511448715 459554833
459554833 459554822
459554822 459554625
459554625 2511448714
2511448714 459554615
459554615 459554579
459554579 459554610
459554610 249081341
249081341 459554608
459554608 459554904
459554904 459554605
459554605 459554597
459554597 1274615200
1274615200 2228056212
2228056212 459554592
459554592 459554856
459554856 459554847
459554847 459554594
459554594 428435162
2577079354 2577079353
2577079353 2577079535
2577079535 2577073659
2577073659 2577072096
2577072096 2577071149
2577071149 2600843683
459554635 459554614
459554614 459554582
459554582 459554583
459554583 428420203
459554582 459554612
459554612 459554738
459554738 459554609
459554609 459554587
459554587 459554606
459554606 459554599
459554599 459554588
459554588 459554845
459554845 459554595
459554595 248455451
287793997 287793996
287793996 459554678
459554678 1650296755
1650296755 1650296797
1650296797 428435155
428435155 6019610759
6019610759 459554894
459554894 428435159
428435159 7132418218
7132418218 428435161
428435161 1454651965
1454651965 428435162
428435162 428435120
428435120 1067781027
1067781027 248455451
248455451 248455452
248455452 1067789550
246167200 458263312
458263312 3652356822
3652356822 3652357826
3652357826 458263316
458263316 458263319
428420200 1067789515
1067789515 428420201
428420201 1067789516
1067789516 428420202
428420202 7293719440
7293719440 428420203
428420203 428420204
428420204 1469034694
1469034694 458263319
2511448715 459554821
2227971917 459656119
248455433 428420200
1859880702 5396525021
1067781030 6834406251
6834406251 1067781021
1067781021 1067781029
1067781029 1067789527
1067789527 1067789518
1067789518 1067789494
1067789494 1067789545
1067789545 1067789502
248462899 248462903
1274615202 6459101014
1067781007 1067781032
1067781032 1067781030
1067789502 428457189
428457189 248455441
6894860920 428457189
428435135 1652805648
1652805648 248455440
248455440 6991440385
6991440385 2017744721
2017744721 248455439
248455439 248455438
428435135 6991440388
6991440388 6991440387
2406092355 287793188
287793188 1650296782
1650296782 328804269
328804269 62067302
62067302 1859880699
1859880699 1925410536
6894860921 1067789502
248455450 428435132
428435132 2228386464
2228386464 1274615203
1274615203 7132495604
7132495604 428435133
428435133 248455433
1067789550 6894860920
6894860920 6894860921
3356616811 2078431799
2078431799 3356616807
3356616807 459598606
459598606 459598618
459598618 287793997
6991440387 428435116
428435116 428435114
428435114 1067781008
1067781008 428435113
428435113 1454651988
1454651988 1454651895
1454651895 1454651936
428457189 428457186
428457186 428457184
428457184 428457180
665062621 7292436123
7292436123 287793968
287793968 287793960
287793960 287793735
7293719440 7293719439
7293719439 7293719438
7293719438 7293719437
