304816879 2821.440656283514 169.8801969062465 32.0598307 118.8030628 50
305370899 2008.600658523016 2402.152557160667 32.0799616 118.7944551 50
305370900 2461.561335272026 2252.609193225733 32.078613 118.7992518 50
305370901 2607.175062116582 2244.891398380118 32.0785434 118.8007938 50
305370903 2638.450850915355 2263.509469569068 32.0787113 118.801125 50
305370904 2658.753672752436 2300.667990445217 32.0790464 118.80134 50
305370905 2656.883924510663 2334.23374475596 32.0793491 118.8013202 50
305370906 2631.415687072042 2370.948714204516 32.0796802 118.8010505 50
305370907 2598.052957051174 2381.682658761712 32.079777 118.8006972 50
305370908 2559.014880086169 2374.330793842643 32.0797107 118.8002838 50
305370909 2545.945528729638 2365.914405497495 32.0796348 118.8001454 50
305370910 2528.853385692823 2340.543263818457 32.079406 118.7999644 50
305370912 2480.117170113007 2159.707346640866 32.0777752 118.7994483 50
305370913 2446.017872603684 2023.969520901305 32.0765511 118.7990872 50
305370914 2587.146092296288 1691.982365863139 32.0735572 118.8005817 50
305370915 2799.825233408575 1301.224646619921 32.0700333 118.8028339 50
305370916 2800.712891665741 565.2952061423612 32.0633966 118.8028433 50
428101872 2912.699479645387 2812.437628019646 32.0836616 118.8040292 50
809919380 2813.631152255964 569.4645895658235 32.0634342 118.8029801 50
809919546 2494.111952422486 2156.535953930721 32.0777466 118.7995965 50
809919816 2811.751960841447 1305.626894542288 32.070073 118.8029602 50
809920293 2829.269046656552 254.9533607880708 32.0605979 118.8031457 50
809920493 2863.387230513766 1065.543595376377 32.0679079 118.803507 50
893166966 2353.021505420858 2274.908741267298 32.0788141 118.7981024 50
893166967 2483.960541503945 2229.755205900557 32.0784069 118.799489 50
893166969 2542.215475414032 2222.647294267971 32.0783428 118.8001059 50
893170701 2946.288845816918 2789.461664051582 32.0834544 118.8043849 50
893203302 2976.270919923321 2407.563884581812 32.0800104 118.8047024 50
893203304 2958.583856994018 2420.571030207093 32.0801277 118.8045151 50
893203313 2859.515529606997 2376.415485553669 32.0797295 118.803466 50
893203316 2885.22928954177 2330.197426761551 32.0793127 118.8037383 50
893203324 2920.140699926306 2317.911052206724 32.0792019 118.804108 50
893203328 2964.098669994298 2331.206506260331 32.0793218 118.8045735 50
893226111 2949.263445293776 2425.028722058174 32.0801679 118.8044164 50
893226134 2523.961822108069 2217.535364061315 32.0782967 118.7999126 50
893226135 2701.823984565664 2236.34194460662 32.0784663 118.8017961 50
893226136 2728.614266214887 2244.514379665995 32.07854 118.8020798 50
893226137 2755.725615744617 2255.181791508308 32.0786362 118.8023669 50
893226138 2776.755561899812 2266.780661349062 32.0787408 118.8025896 50
893226139 2840.223127275159 2299.126649232339 32.0790325 118.8032617 50
893228218 2356.22274104838 2288.037863534058 32.0789325 118.7981363 50
893240990 1063.584569023525 2436.427993756405 32.0802707 118.7844477 50
893240994 721.6283902647478 2351.765114945792 32.0795072 118.7808265 50
893240995 1068.164507902919 2424.973278130165 32.0801674 118.7844962 50
893240996 2004.851718864324 2392.627290246183 32.0798757 118.7944154 50
897463254 2521.648244735311 2322.568342201032 32.0792439 118.7998881 50
897463269 2509.844278552917 2325.063318982563 32.0792664 118.7997631 50
897463271 2514.197581279245 2339.068455320459 32.0793927 118.7998092 50
897463273 2519.731280627415 2352.818549587118 32.0795167 118.7998678 50
897463274 2526.048763327761 2362.665391287716 32.0796055 118.7999347 50
897463275 2532.385132375998 2369.17450849344 32.0796642 118.8000018 50
897463276 2540.194636403548 2375.983022912244 32.0797256 118.8000845 50
897463277 2552.12136383642 2383.601018687301 32.0797943 118.8002108 50
897463284 2562.943240031805 2389.511341464753 32.0798476 118.8003254 50
897463286 2570.460005697079 2392.571846316765 32.0798752 118.800405 50
897463288 2576.371431964624 2394.434762315052 32.079892 118.8004676 50
897463290 2591.61271310035 2395.843038098876 32.0799047 118.800629 50
897463291 2600.272102691687 2396.042636241397 32.0799065 118.8007207 50
897463292 2610.083559384232 2394.224075386363 32.0798901 118.8008246 50
897463293 2623.285115163985 2389.655495678562 32.0798489 118.8009644 50
897463294 2633.719821269653 2385.098004756221 32.0798078 118.8010749 50
897463301 2644.636129197284 2377.280410838639 32.0797373 118.8011905 50
897463303 2654.881971843265 2368.298494423011 32.0796563 118.801299 50
897463305 2661.473306562801 2359.715774291721 32.0795789 118.8013688 50
897463306 2678.489904212858 2338.979745034659 32.0793919 118.801549 50
897463307 2687.234282358892 2329.620809904905 32.0793075 118.8016416 50
897463308 2697.46123866419 2320.261874775153 32.0792231 118.8017499 50
897463309 2705.072436056906 2313.331383713461 32.0791606 118.8018305 50
897463315 2715.856539563717 2306.467425365945 32.0790987 118.8019447 50
897463323 2761.108224324077 2300.080284802405 32.0790411 118.8024239 50
897463325 2819.212067470258 2337.405137466104 32.0793777 118.8030392 50
897463337 2824.679664604414 2354.304446870576 32.0795301 118.8030971 50
897463342 2820.817406870391 2378.63324269375 32.0797495 118.8030562 50
897463349 2818.947658626215 2384.964939327871 32.0798066 118.8030364 50
897463350 2816.652967601348 2391.130304177264 32.0798622 118.8030121 50
897463351 2813.923890618239 2397.118248454351 32.0799162 118.8029832 50
897463352 2809.551701544021 2402.939860946001 32.0799687 118.8029369 50
897463353 2805.15118295157 2407.674772438534 32.0800114 118.8028903 50
897463355 2798.862029769457 2412.664726003006 32.0800564 118.8028237 50
897463357 2793.130023788854 2417.255483283141 32.0800978 118.802763 50
897463363 2782.799192585774 2422.921852774817 32.0801489 118.8026536 50
897463364 2776.198414693494 2427.845273625116 32.0801933 118.8025837 50
897463365 2770.36253381511 2432.380586976536 32.0802342 118.8025219 50
897463367 2761.854234987679 2437.592316255158 32.0802812 118.8024318 50
897463370 2757.774784275736 2439.898783681038 32.080302 118.8023886 50
897463372 2752.854891167945 2443.469372675523 32.0803342 118.8023365 50
897463374 2747.878339026091 2448.725457097397 32.0803816 118.8022838 50
897463376 2744.733762435034 2453.781943375341 32.0804272 118.8022505 50
897463379 2741.76860613092 2458.649920296925 32.0804711 118.8022191 50
897463380 2739.001756456835 2464.85964028816 32.0805271 118.8021898 50
897463381 2736.008270632086 2469.672173281739 32.0805705 118.8021581 50
897463383 2732.004365302096 2473.34256134819 32.0806036 118.8021157 50
897463385 2727.98157362902 2477.035126986265 32.0806369 118.8020731 50
897463389 2715.913198600181 2484.675300332246 32.0807058 118.8019453 50
897498059 2902.85969343461 2506.198633373937 32.0808999 118.803925 50
897498092 2838.013424807391 2448.714368310526 32.0803815 118.8032383 50
897498095 2583.482141192293 2611.586452656154 32.0818503 118.8005429 50
897498099 2511.156879593178 2666.797516650771 32.0823482 118.799777 50
897498137 2737.509735129631 2481.31539826504 32.0806755 118.802174 50
897498138 2864.671502035794 2393.436771602439 32.079883 118.8035206 50
897507106 2652.766701105341 2532.623209694303 32.0811382 118.8012766 50
897565124 3034.903580750379 2561.919781511028 32.0814024 118.8053233 50
897565127 2971.908174021848 2540.839999896928 32.0812123 118.8046562 50
897565133 2948.96126376116 2530.272387125875 32.081117 118.8044132 50
897565140 2863.89716185396 2472.355659421036 32.0805947 118.8035124 50
897565141 2842.395057054353 2462.076355078307 32.080502 118.8032847 50
897565142 2827.68259360431 2461.632803650009 32.080498 118.8031289 50
897565145 2804.924546800907 2465.558233787694 32.0805334 118.8028879 50
897565147 2786.349825612035 2475.571407273023 32.0806237 118.8026912 50
897565154 2669.528333086502 2558.160683159483 32.0813685 118.8014541 50
897579014 2881.130952481936 2488.988837968811 32.0807447 118.8036949 50
897579027 2866.796215948865 2465.236659002284 32.0805305 118.8035431 50
897579032 2858.684530386297 2455.301107015885 32.0804409 118.8034572 50
897579038 2814.660458109096 2376.992102411022 32.0797347 118.802991 50
897579040 2797.917712473423 2357.952657365399 32.079563 118.8028137 50
897579043 2783.837941609248 2348.992918520692 32.0794822 118.8026646 50
897579074 2763.03463160712 2338.791235678301 32.0793902 118.8024443 50
897579079 2744.204944751754 2334.167212041787 32.0793485 118.8022449 50
897579085 2718.415639432626 2331.472637117026 32.0793242 118.8019718 50
897579120 2676.242429051711 2352.973792587093 32.0795181 118.8015252 50
897592104 2771.65624850748 2300.091373588571 32.0790412 118.8025356 50
897592105 2762.685234205977 2293.670966669351 32.0789833 118.8024406 50
897592106 2725.960734618536 2275.063984266569 32.0788155 118.8020517 50
897592107 2703.278233199489 2266.159689350573 32.0787352 118.8018115 50
897592108 2645.259378610407 2251.023496871012 32.0785987 118.8011971 50
897595264 2879.686147020856 2417.133506640253 32.0800967 118.8036796 50
897605155 2924.824513708288 2655.841796380133 32.0822494 118.8041576 50
897605158 2918.903644270401 2555.57699609074 32.0813452 118.8040949 50
897605167 2913.284956367534 2495.775174817399 32.0808059 118.8040354 50
897605171 2910.952492649287 2483.688398405094 32.0806969 118.8040107 50
897605174 2902.812477568486 2465.935252501114 32.0805368 118.8039245 50
897605180 2846.427291902576 2399.457982235906 32.0799373 118.8033274 50
897605201 2826.077254201774 2361.445624860954 32.0795945 118.8031119 50
897605212 2799.286972550149 2337.992843107506 32.079383 118.8028282 50
897605213 2765.187675038423 2327.946403264385 32.0792924 118.8024671 50
897605214 2747.510055281864 2326.150019981682 32.0792762 118.8022799 50
897605240 2832.460839113732 2364.373064285323 32.0796209 118.8031795 50
897605242 2813.772799851931 2337.427315036321 32.0793779 118.8029816 50
897605244 2805.566682559519 2324.542146055337 32.0792617 118.8028947 50
897605247 2788.965584519812 2304.183135511692 32.0790781 118.8027189 50
897605254 2729.605799374641 2267.290745491534 32.0787454 118.8020903 50
897605256 2691.115426443209 2252.531571726803 32.0786123 118.8016827 50
897605257 2656.5722998029 2243.693809524278 32.0785326 118.8013169 50
897605258 2625.428715422544 2237.539533461756 32.0784771 118.8009871 50
897605259 2589.535215050999 2235.05564546498 32.0784547 118.800607 50
897605260 2486.481868679477 2244.569823594707 32.0785405 118.7995157 50
897607924 2549.883331845615 2232.627201396917 32.0784328 118.8001871 50
897624903 2611.31117186499 2226.106995405733 32.078374 118.8008376 50
897624904 2654.759210597592 2232.028406969349 32.0784274 118.8012977 50
897624905 2710.596692232332 2248.351099518586 32.0785746 118.801889 50
897624906 2745.602534346712 2263.132450854238 32.0787079 118.8022597 50
897624907 2795.689123657765 2289.756625317125 32.078948 118.8027901 50
897624908 2811.024836523334 2300.313149303424 32.0790432 118.8029525 50
897624913 2969.037449445174 2494.644118676437 32.0807957 118.8046258 50
897624914 2989.689668680995 2494.3003663194 32.0807926 118.8048445 50
897624915 3016.017234858549 2480.505916909488 32.0806682 118.8051233 50
897624916 3027.235724318796 2454.968443445015 32.0804379 118.8052421 50
897624917 3023.703977638023 2430.118474693908 32.0802138 118.8052047 50
897624919 2995.789958405824 2397.473089596142 32.0799194 118.8049091 50
897624920 2976.714749051904 2395.277510027689 32.0798996 118.8047071 50
897624922 2951.973635931397 2409.570954793202 32.0800285 118.8044451 50
897624925 2944.777938144226 2419.451062851594 32.0801176 118.8043689 50
897624928 2935.788037499638 2438.157844324934 32.0802863 118.8042737 50
897624929 2936.411286915165 2655.331712237662 32.0822448 118.8042803 50
897707228 2505.642066590496 2114.664699132257 32.077369 118.7997186 50
897707230 2522.573675683453 2144.327200876234 32.0776365 118.7998979 50
897707233 2542.432668389548 2168.655996700819 32.0778559 118.8001082 50
897707235 2567.381531317634 2186.808338889138 32.0780196 118.8003724 50
897707238 2598.430683968146 2200.880007941208 32.0781465 118.8007012 50
897707241 2667.101437638412 2218.52226598776 32.0783056 118.8014284 50
897707247 2701.55013255128 2227.659425403364 32.078388 118.8017932 50
897707248 2736.05548649821 2236.663519391326 32.0784692 118.8021586 50
897741219 2384.590032581907 2262.289703141601 32.0787003 118.7984367 50
897741224 2399.812427372144 2252.708992297698 32.0786139 118.7985979 50
897741228 2430.82380733168 2232.682645324925 32.0784333 118.7989263 50
897741257 2450.909436188438 2209.551438357593 32.0782247 118.799139 50
897741258 2461.30636960313 2185.79925939036 32.0780105 118.7992491 50
897741260 2465.319718105865 2164.930164705655 32.0778223 118.7992916 50
897741327 2832.413623247609 856.2760316670307 32.0660207 118.803179 50
897741334 2851.422730389917 1063.381282165011 32.0678884 118.8033803 50
897741336 2820.118612070509 850.0995780321774 32.065965 118.8030488 50
897741337 2504.357795068467 1841.836215797319 32.0749086 118.799705 50
897741342 2459.974882217381 2024.268918115089 32.0765538 118.799235 50
897741351 2518.843622370249 1842.778762581218 32.0749171 118.7998584 50
897741390 2478.134103795903 2064.643186843929 32.0769179 118.7994273 50
897741395 2493.630350600524 2092.331884735014 32.0771676 118.7995914 50
897741458 2466.396239820315 2143.395742877797 32.0776281 118.799303 50
897741460 2464.148764661571 2096.146427015274 32.077202 118.7992792 50
898614626 2646.515320614204 2211.902260926021 32.0782459 118.8012104 50
898614629 2674.485998880465 2213.277270352756 32.0782583 118.8015066 50
898614630 2692.352482099114 2216.082733133532 32.0782836 118.8016958 50
898614631 2725.743541640617 2223.490041981313 32.0783504 118.8020494 50
898614633 2752.373289348385 2233.370150038998 32.0784395 118.8023314 50
898614641 2805.387262272575 2269.419792345814 32.0787646 118.8028928 50
898614643 2834.0945080345 2303.761761655021 32.0790743 118.8031968 50
898614647 2849.760731950917 2340.6763292461 32.0794072 118.8033627 50
898620954 2899.885093955349 2437.492517183191 32.0802803 118.8038935 50
898620955 2888.062241425064 2414.183889644963 32.0800701 118.8037683 50
898620956 2869.053134282756 2378.145336122904 32.0797451 118.803567 50
898620958 2853.368024018448 2359.150246221241 32.0795738 118.8034009 50
898620959 2824.547460183594 2330.141982832838 32.0793122 118.8030957 50
898625154 3041.33438152846 2549.988248098698 32.0812948 118.8053914 50
898625158 2945.712812267515 2488.268066898357 32.0807382 118.8043788 50
898625161 2959.103231506956 2498.746969384315 32.0808327 118.8045206 50
898625162 2983.192765691303 2515.047484361219 32.0809797 118.8047757 50
898626371 2970.397266349155 2298.760719305087 32.0790292 118.8046402 50
898626377 2956.666892886122 2337.97066553588 32.0793828 118.8044948 50
898626379 2947.21427676506 2377.524364124415 32.0797395 118.8043947 50
898626380 2941.690020592036 2407.652594868317 32.0800112 118.8043362 50
898627600 3047.717966440417 2105.061810716728 32.0772824 118.805459 50
898627601 2959.660378708468 2306.77791136519 32.0791015 118.8045265 50
898627602 2950.037785478013 2333.524062470261 32.0793427 118.8044246 50
898627603 2919.215268978164 2376.781415482333 32.0797328 118.8040982 50
898627605 2880.422714511713 2407.419730368003 32.0800091 118.8036874 50
898627606 2681.728912533758 2538.544621257215 32.0811916 118.8015833 50
898627607 2503.262387006126 2654.533319667572 32.0822376 118.7996934 50
898627608 2428.378025535699 2705.597177811058 32.0826981 118.7989004 50
898627609 2994.203505348777 2227.648336618609 32.0783879 118.8048923 50
898627610 3021.654809106905 2180.520997398269 32.0779629 118.805183 50
898640094 2304.663016758014 2774.61378000105 32.0833205 118.7975903 50
898640095 2426.102220858722 2697.746317535686 32.0826273 118.7988763 50
898640101 2498.852425240932 2648.656263247206 32.0821846 118.7996467 50
898640103 2674.977043875171 2530.372186197842 32.0811179 118.8015118 50
898640108 2912.992218005259 2369.573704777779 32.0796678 118.8040323 50
898640109 2925.910478597885 2355.989942296556 32.0795453 118.8041691 50
898640110 2941.605032034937 2330.153071618298 32.0793123 118.8043353 50
898640114 3004.147166462142 2185.666193962013 32.0780093 118.8049976 50
898640116 3039.95567827899 2101.990217077846 32.0772547 118.8053768 50
898640121 3054.17709673673 2108.477156711943 32.0773132 118.8055274 50
898649992 2921.594948560131 2489.909207182494 32.080753 118.8041234 50
898649994 2918.554246871662 2430.772713050189 32.0802197 118.8040912 50
898649996 2922.709242967961 2385.597000113231 32.0798123 118.8041352 50
898650002 2931.746359476269 2336.174282253176 32.0793666 118.8042309 50
898650003 2943.767518638985 2305.292014081731 32.0790881 118.8043582 50
898650005 3032.967730296995 2099.33999729634 32.0772308 118.8053028 50
898776371 715.8019525567056 2386.328859969147 32.0798189 118.7807648 50
921273652 2832.914111415059 2430.040853194273 32.0802131 118.8031843 50
921273653 2819.976964479348 2448.403882311282 32.0803787 118.8030473 50
1038201629 546.3914298876748 2378.566709979576 32.0797489 118.7789708 50
1038201637 547.0618951669217 2357.997012507948 32.0795634 118.7789779 50
1038862162 803.8500971159108 1575.361606667424 32.0725055 118.7816972 50
1214448580 2823.215972797846 0 32.0582987 118.8030816 50
1214448581 2829.609000882547 69.84826111716781 32.0589286 118.8031493 50
1214448583 2818.352738728921 72.88658839896384 32.058956 118.8030301 50
1685028149 2456.745317069225 2100.005324438786 32.0772368 118.7992008 50
1685028194 2775.565722107627 2245.878300306565 32.0785523 118.802577 50
1685028214 2726.291245669385 2302.730504585321 32.079065 118.8020552 50
1685028266 2823.839222213372 2345.910236097054 32.0794544 118.8030882 50
1685028288 2659.877410333009 2364.71681664236 32.079624 118.8013519 50
1685028369 2815.482014154651 2462.054177506679 32.0805018 118.8029997 50
1727663252 2626.675214251194 2218.622065059023 32.0783065 118.8010003 50
1727663254 2652.936678217137 2282.615447327452 32.0788836 118.8012784 50
1727663255 2661.293886275858 2317.556211064933 32.0791987 118.8013669 50
1727663256 2780.835012611755 2331.417193188313 32.0793237 118.8026328 50
1727663257 2702.588881572351 2337.682357108261 32.0793802 118.8018042 50
1727663258 2814.046651866315 2347.695530594296 32.0794705 118.8029845 50
1727663259 2641.378234530895 2362.155307145949 32.0796009 118.801156 50
1727663265 2617.06206419108 2378.16751369453 32.0797453 118.8008985 50
1727663267 2573.878434304923 2380.507247476792 32.0797664 118.8004412 50
1727663269 2850.856140015661 2411.578025005299 32.0800466 118.8033743 50
1727663271 2864.378763673519 2429.375526052533 32.0802071 118.8035175 50
1727663272 2873.425323356974 2436.66085825672 32.0802728 118.8036133 50
1727663274 2887.646741817116 2444.844382101553 32.0803466 118.8037639 50
1727663275 2899.025765216415 2456.775915513882 32.0804542 118.8038844 50
1727704468 2903.246863524325 2428.277736267954 32.0801972 118.8039291 50
1727704486 3008.236060349232 2528.342938414823 32.0810996 118.8050409 50
1727830243 2986.006831231511 2395.277510027689 32.0798996 118.8048055 50
1727830248 2963.173239046155 2400.522505664104 32.0799469 118.8045637 50
1727830251 3002.87233811526 2400.733192591383 32.0799488 118.8049841 50
1727830255 2901.783171717756 2415.980272927666 32.0800863 118.8039136 50
1727830265 3013.646998446924 2409.637487507377 32.0800291 118.8050982 50
1727830272 3020.559401046966 2419.950058207899 32.0801221 118.8051714 50
1727830282 3026.971315477156 2442.549003462545 32.0803259 118.8052393 50
1727830298 2920.565642709401 2452.107536734819 32.0804121 118.8041125 50
1727830313 3024.402772435502 2468.263897497915 32.0805578 118.8052121 50
1727830320 3011.295648383189 2485.551314402675 32.0807137 118.8050733 50
1727830323 3004.439904824416 2488.889038898255 32.0807438 118.8050007 50
1727830326 2979.415496514378 2496.617922530037 32.0808135 118.8047357 50
1727914741 2530.855338357818 2157.52285585858 32.0777555 118.7999856 50
1727914742 2553.216771896359 2178.525015972338 32.0779449 118.8002224 50
1727914746 2758.775760605831 2247.0758891617 32.0785631 118.8023992 50
1727914749 2789.11667528612 2255.769497150417 32.0786415 118.8027205 50
1727915031 2881.688099685851 2394.390407172505 32.0798916 118.8037008 50
1727935191 2403.693571454059 2707.315939594127 32.0827136 118.798639 50
1727935193 2415.62029888693 2720.578127290646 32.0828332 118.7987653 50
1727942633 2709.274648019328 2541.494238253916 32.0812182 118.801875 50
1727942649 2676.922337501299 2561.542762796904 32.081399 118.8015324 50
1728017735 2419.633647389665 2689.540616119225 32.0825533 118.7988078 50
1728017736 2438.897720200869 2712.94904272942 32.0827644 118.7990118 50
1728125089 2810.920961620746 0.6098832137334966 32.0583042 118.8029514 50
1742159072 2834.670541583902 165.9215004121781 32.059795 118.8032029 50
2052844463 2584.35091310397 2381.804635403893 32.0797781 118.8005521 50
2052886004 2574.208945358174 2214.28634985083 32.0782674 118.8004447 50
2052886005 2597.646900613568 2214.674457350415 32.0782709 118.8006929 50
2052886006 2554.652134184696 2214.874055492937 32.0782727 118.8002376 50
2052886007 2519.183576596245 2224.321700908491 32.0783579 118.799862 50
2052886008 2666.355426974811 2229.078789973355 32.0784008 118.8014205 50
2052886009 2532.167939398079 2232.926598610702 32.0784355 118.7999995 50
2052886010 2513.092730044159 2236.330855820454 32.0784662 118.7997975 50
2052886011 2532.045178150003 2241.132300028572 32.0785095 118.7999982 50
2052886012 2571.498754722956 2241.487141170363 32.0785127 118.800416 50
2052886013 2512.620571397344 2241.664561741965 32.0785143 118.7997925 50
2052886014 2427.924753234372 2247.186777019831 32.0785641 118.7988956 50
2052886015 2624.578829856355 2253.008389510777 32.0786166 118.8009781 50
2052886016 2677.687234510389 2258.38645057554 32.0786651 118.8015405 50
2052886017 2392.711161317219 2273.58917576857 32.0788022 118.7985227 50
2052886018 2646.477547920824 2271.149642914342 32.0787802 118.80121 50
2052886019 2753.600901833949 2277.093232048881 32.0788338 118.8023444 50
2052886020 2821.204576960106 2286.463255964798 32.0789183 118.8030603 50
2052886021 2754.176935383352 2299.093382875958 32.0790322 118.8023505 50
2052886022 2744.771535128413 2299.337336161027 32.0790344 118.8022509 50
2052886023 2735.328362180096 2300.00266330277 32.0790404 118.8021509 50
2052886024 2780.334524446708 2308.341430148988 32.0791156 118.8026275 50
2052886025 2649.367158842986 2351.565516803269 32.0795054 118.8012406 50
2052886026 2879.544499427292 2377.823761337494 32.0797422 118.8036781 50
2593548605 709.767765043488 2375.051564913099 32.0797172 118.7807009 50
2593548607 0 2361.024251003577 32.0795907 118.7731847 50
2593548609 0.3777269193737993 2351.35482987458 32.0795035 118.7731887 50
2593548611 716.632951777407 2366.21380271128 32.0796375 118.7807736 50
2593548615 1423.397787823402 2545.186803891288 32.0812515 118.788258 50
2593548617 1425.446956352117 2537.391387545333 32.0811812 118.7882797 50
2593548619 379.3511436278668 2359.516176149199 32.0795771 118.7772019 50
2593548689 915.3739696214848 2400.744281376843 32.0799489 118.7828782 50
2593548690 875.0516211368549 2365.892227925869 32.0796346 118.7824512 50
2602895102 2455.413829685879 1943.198805870586 32.0758227 118.7991867 50
2602895103 2467.973249702216 1946.547619151625 32.0758529 118.7993197 50
2602895104 2457.906827343178 1995.116500512172 32.0762909 118.7992131 50
2602895105 2444.308658298561 1993.231406943669 32.0762739 118.7990691 50
2884941981 816.9005621293559 2368.20978413721 32.0796555 118.7818354 50
2884943904 2342.709560560863 2278.390619976688 32.0788455 118.7979932 50
3146917123 2983.287197423549 2362.244017431045 32.0796017 118.8047767 50
3261336498 2508.560007030889 2243.671631953357 32.0785324 118.7997495 50
3763449964 717.2089853268099 2791.169337049189 32.0834698 118.7807797 50
3763449965 723.7153314868428 2761.739699804822 32.0832044 118.7808486 50
3763449966 718.0966435839759 2575.703142134068 32.0815267 118.7807891 50
3763449967 721.4961858439278 2469.084467640337 32.0805652 118.7808251 50
3763449968 785.2942622725268 1845.428982364134 32.074941 118.7815007 50
3763449969 785.3792508320289 1748.302308427093 32.0740651 118.7815016 50
3874317763 818.5720037410997 2361.567601503138 32.0795956 118.7818531 50
3881440583 579.7069440448217 2379.830831548884 32.0797603 118.7793236 50
3881440586 581.47281738641 2358.407297579159 32.0795671 118.7793423 50
3897625972 206.389987930173 2356.045386225271 32.0795458 118.7753703 50
3897625973 206.7677148471448 2364.87205964163 32.0796254 118.7753743 50
4225212843 2921.76492567433 3125.130295941658 32.0864815 118.8041252 50
4225212926 2938.432125923245 3123.777464086549 32.0864693 118.8043017 50
4225739597 2929.857724889008 2431.792881334428 32.0802289 118.8042109 50
4225739610 2945.750584958492 2318.465491491745 32.0792069 118.8043792 50
4225739611 2984.51480990671 2385.541556184518 32.0798118 118.8047897 50
4225739613 2907.364086929647 2319.530014919237 32.0792165 118.8039727 50
4225739614 2978.952781040307 2347.296334309251 32.0794669 118.8047308 50
4225739618 2873.63307316215 2345.677371596738 32.0794523 118.8036155 50
4225739630 2861.479709581017 2381.704836332633 32.0797772 118.8034868 50
4225739634 2961.190172726648 2516.677535859897 32.0809944 118.8045427 50
4225739635 2941.180089251842 2499.866936739816 32.0808428 118.8043308 50
4225739641 2915.872385754676 2468.884869497108 32.0805634 118.8040628 50
4225739650 3006.781811715407 2543.72308417875 32.0812383 118.8050255 50
4225739659 2884.738244547064 2418.896623566573 32.0801126 118.8037331 50
4226753219 970.1915885782398 2379.98607454886 32.0797617 118.7834587 50
4226753224 955.6302158921019 2385.153448685639 32.0798083 118.7833045 50
4226753234 935.7712231860069 2392.183738817886 32.0798717 118.7830942 50
4226753235 672.4672319042406 2384.266345829044 32.0798003 118.7803059 50
4226753238 2895.550677572107 2322.346566486884 32.0792419 118.8038476 50
4226753258 652.6932277528417 2355.036306726492 32.0795367 118.7800965 50
4386532131 2735.243373622996 2461.943289649957 32.0805008 118.80215 50
4386532132 2725.611337217394 2444.301031602699 32.0803417 118.802048 50
5390296887 748.4658877800948 2281.240437901422 32.0788712 118.7811107 50
5539158185 2528.617306369415 2106.237222000942 32.077293 118.7999619 50
5539158187 2479.98496569459 2086.576804957537 32.0771157 118.7994469 50
5539158192 2593.45413182389 2176.296170046799 32.0779248 118.8006485 50
5539158194 2553.94389621207 2145.546967303701 32.0776475 118.8002301 50
5539158196 2653.739347917204 2184.35771724945 32.0779975 118.8012869 50
5539158205 2546.342141989695 2133.449102106642 32.0775384 118.8001496 50
5539158207 2470.230168038509 2091.899422092882 32.0771637 118.7993436 50
5539158208 2538.239899604676 2121.351236908172 32.0774293 118.8000638 50
5539158214 2558.504948745975 2152.100439651269 32.0777066 118.8002784 50
5539158220 2504.811067372197 2086.576804957537 32.0771157 118.7997098 50
5539159421 2637.024931802166 2183.348637751376 32.0779884 118.8011099 50
5539159422 2495.688962304387 2084.059650602969 32.077093 118.7996132 50
5539159424 2516.454499613136 2094.139356803882 32.0771839 118.7998331 50
5539159425 2579.780417394918 2169.742697698526 32.0778657 118.8005037 50
5539159426 2670.453764034645 2190.412194241416 32.0780521 118.8014639 50
5539159427 2616.759882656061 2181.840562896291 32.0779748 118.8008953 50
5539159429 2569.137961486477 2162.180145852181 32.0777975 118.800391 50
5549569186 2677.33783711165 2213.72082178035 32.0782623 118.8015368 50
5549569189 2681.728912533758 2205.492942791558 32.0781881 118.8015833 50
5549569190 2686.799896405455 2195.912231947656 32.0781017 118.801637 50
6153529610 2978.612826814312 2527.333858916045 32.0810905 118.8047272 50
6153529611 2910.244254676662 2511.099876653317 32.0809441 118.8040032 50
7134285314 917.1303997879259 2368.121073851409 32.0796547 118.7828968 50
7134285315 868.9041155483048 2395.03355674262 32.0798974 118.7823861 50
7134285316 1331.421283320965 2522.732012851156 32.081049 118.787284 50
7134285317 1554.147960446802 2515.568657289151 32.0809844 118.7896426 50
7134285318 1478.432599758076 2532.179658266711 32.0811342 118.7888408 50
7134285319 1556.017708690977 2523.840891421196 32.081059 118.7896624 50
7134285320 1328.031184231353 2530.937714267617 32.081123 118.7872481 50
7134285321 1376.15359357079 2541.139397110713 32.081215 118.7877577 50
7134285322 1491.473621598777 2540.651490539867 32.0812106 118.7889789 50
7134285326 2853.141387865382 1203.421556756384 32.0691513 118.8033985 50
7134285327 2843.263828963628 1193.707780484134 32.0690637 118.8032939 50
7699942785 2579.308258750506 2622.054266355945 32.0819447 118.8004987 50
7699942786 2540.402386206321 2646.272174322397 32.0821631 118.8000867 50
7699942787 2914.7486481717 2662.672488370562 32.082311 118.8040509 50
7699942788 2943.644757390909 2664.213829583439 32.0823249 118.8043569 50
7699942821 1375.322594350088 2532.856074193913 32.0811403 118.7877489 50
8222979649 776.6065431629579 1792.812694223014 32.0744665 118.7814087 50
8225037244 2942.587122019544 3086.330634782077 32.0861316 118.8043457 50
8225037245 2916.363430749382 3089.823602276926 32.0861631 118.804068 50
8225037246 2946.477709276605 2889.693197983889 32.0843583 118.8043869 50
8225037247 2912.680593297496 2898.187207828671 32.0844349 118.804029 50
8773088067 2923.880196412254 2735.29294591283 32.0829659 118.8041476 50
8773088068 2936.524604990496 2735.137702912854 32.0829645 118.8042815 50
8773088071 2924.314582370496 2699.010439105701 32.0826387 118.8041522 50
8773088072 2936.467945951629 2698.334023177792 32.0826326 118.8042809 50
