893166966 897741219
897741219 2052886014
2052886014 893166967
893166967 2052886007
2052886007 893166969
897624913 1727830326
1727830326 897624914
897624914 1727830323
1727830323 1727830320
1727830320 897624915
897624915 1727830313
1727830313 897624916
897624916 1727830282
1727830282 897624917
897624917 1727830272
1727830272 1727830265
1727830265 1727830251
1727830251 897624919
897624919 1727830243
1727830243 897624920
897624920 1727830248
1727830248 897624922
897624922 897624925
897624925 897624928
893166967 893226134
893226134 2052886006
2052886006 2052886004
2052886004 2052886005
2052886005 1727663252
1727663252 2052886008
2052886008 893226135
893226135 893226136
893226136 893226137
893226137 893226138
893226138 893226139
897463269 305370912
305370912 897741460
897741460 305370913
305370913 2602895105
2602895105 2602895102
2602895102 897741337
897741337 305370914
305370914 305370915
305370915 7134285327
7134285327 897741334
897741334 897741336
897741336 305370916
305370916 304816879
304816879 1214448583
1214448583 1728125089
893228218 305370899
305370899 7134285319
7134285319 7134285322
7134285322 2593548615
2593548615 7134285321
7134285321 7134285320
7134285320 893240990
897463254 305370910
305370910 305370909
305370909 305370908
305370908 1727663267
1727663267 2052844463
2052844463 305370907
305370907 1727663265
1727663265 305370906
305370906 1727663259
897507106 897463389
897463389 897463385
897463385 897463383
897463383 897463381
897463381 897463380
897463380 897463379
897463379 897463376
897463376 897463374
897463374 897463372
897463372 897463370
897463370 897463367
897463367 897463365
897463365 897463364
897463364 897463363
897463363 897463357
897463357 897463355
897463355 897463353
897463353 897463352
897463352 897463351
897463351 897463350
897463350 897463349
897463349 897463342
897463342 897463337
897463337 1685028266
1685028266 897463325
897565124 897565127
897565127 897565133
897565133 6153529611
6153529611 897579014
897565147 897565154
897565154 897498095
897579014 897579027
897579027 897579032
897579032 897579038
897579038 897579040
897579040 897579043
897579085 1727663257
1727663257 897579120
897579120 1685028288
1685028288 897463303
893203313 897463325
897605155 897605158
897605180 897605201
897605201 1727663258
1727663258 897605212
897605212 1727663256
1727663256 897605213
897605213 897605214
897605214 897579085
897605180 897605240
897605240 897605242
897605242 897605244
897605244 897605247
897605258 897605259
897605259 897607924
897607924 2052886009
2052886009 2052886010
2052886010 897605260
893166969 897624903
897624903 897624904
897624904 897624905
897624905 897624906
897624906 897624907
897624907 897624908
897624908 898614647
897707228 897707230
897707230 1727914741
1727914741 897707233
897707233 1727914742
1727914742 897707235
897707235 897707238
897707238 898614626
897741219 897741224
897741224 897741228
897741228 897741257
897741257 897741258
897741258 897741260
897741342 897741390
897741390 897741395
897741395 897707228
897741260 897741458
897741458 897741460
898614626 898614629
898614629 5549569186
5549569186 898614630
897565124 4225739650
4225739650 6153529610
6153529610 4225739634
4225739634 4225739635
4225739635 4225739641
4225739641 898620954
898620954 898620955
898620955 898620956
898620956 898620958
898620958 898620959
898620959 897605247
898625158 898625161
898625161 898625162
898625162 1727704486
1727704486 898625154
898627600 898627609
898627609 898627601
898627601 898627602
898627602 898627603
898627603 898627605
898627605 921273653
897565140 897565141
897565141 897565142
897565142 1685028369
1685028369 897565145
897565145 897565147
898627606 898627607
898627607 898627608
898627608 1727935193
898640094 1727935191
898640110 898640114
898640114 898640116
921273652 1727915031
1727915031 898640108
898640108 898640109
898640109 898640110
898640103 921273652
898640095 898640101
898640101 898640103
897605158 898649992
898649992 898649994
898649994 898649996
898649996 898650002
898650002 898650003
898650003 898650005
897498092 1727942633
1727942633 1727942649
1727942649 7699942785
7699942785 897498099
898614626 897707241
897707241 897707247
897707247 897707248
897707248 1727914746
1727914746 893226139
897605247 2052886019
2052886019 897605254
897605254 897605256
897605256 897605257
897605257 897605258
898776371 4226753235
893240994 3874317763
3874317763 2593548690
2593548690 7134285314
7134285314 4226753219
4226753219 893240995
921273653 898627606
1214448580 1214448581
1214448581 1742159072
1742159072 809920293
809920293 809919380
809919380 897741327
897741327 809920493
809920493 7134285326
7134285326 809919816
809919816 897741351
897741351 2602895103
2602895103 2602895104
2602895104 897741342
897741342 809919546
809919546 3261336498
3261336498 897463254
897507106 897498137
897498137 897498138
897498099 1728017736
1728017736 1727935193
898625158 897624913
898614647 2052886026
2052886026 1727830255
1727830255 1727830298
1727830298 898625158
897605158 897605167
897605167 897605171
897605171 897605174
897605174 1727663275
1727663275 1727663274
1727663274 1727663272
1727663272 1727663271
1727663271 1727663269
1727663269 897605180
897498059 1727704468
7699942788 893170701
893170701 8225037246
8225037246 8225037244
8225037244 4225212926
897624928 897624929
893226139 893203316
1727935191 1728017735
1728017735 897507106
1727935191 898640095
897579014 897565140
2052886024 897463323
897463323 2052886021
2052886021 2052886022
2052886022 2052886023
2052886023 1685028214
1685028214 897463315
897463315 897463309
897463309 897463308
897463308 897463307
897463307 897463306
897463306 897463305
897463305 897463303
1727663259 2052886025
2052886025 305370905
305370905 1727663255
1727663255 305370904
305370904 1727663254
1727663254 2052886018
2052886018 305370903
305370903 2052886015
2052886015 305370901
305370901 2052886012
2052886012 2052886011
2052886011 2052886013
2052886013 897605260
897463303 897463301
897463301 897463294
897463294 897463293
897463293 897463292
897463292 897463291
897463291 897463290
897463290 897463288
897463288 897463286
897463286 897463284
897463284 897463277
897463277 897463276
897463276 897463275
897463275 897463274
897463274 897463273
897463273 897463271
897463271 897463269
897463325 2052886024
897605260 305370900
305370900 2052886017
2052886017 893228218
2052886024 897592104
897592104 897592105
897592105 897592106
897592106 897592107
897592107 2052886016
2052886016 897592108
897592108 305370901
893240990 4226753234
4226753234 2593548605
2593548605 3897625973
3897625973 2593548607
2593548609 3897625972
3897625972 2593548619
2593548619 2593548611
2593548611 2884941981
2884941981 4226753224
4226753224 893240995
893203316 4226753238
4226753238 4225739613
4225739613 893203324
893203324 4225739610
4225739610 893203328
893203328 4225739614
4225739614 3146917123
3146917123 4225739611
4225739611 893203302
893240990 2593548689
2593548689 7134285315
7134285315 898776371
4226753235 3881440583
3881440583 1038201629
4226753258 893240994
4225212843 8225037245
8225037245 8225037247
8225037247 428101872
428101872 7699942787
4386532131 4386532132
3763449967 5390296887
5390296887 3763449968
3763449968 8222979649
8222979649 3763449969
3763449969 1038862162
1038201637 3881440586
3881440586 4226753258
5549569186 5549569189
5549569189 5549569190
5549569190 5539159426
5539159426 5539158196
5539158196 5539159421
5539159421 5539159427
5539159427 5539158192
5539158192 5539159425
5539159425 5539159429
5539159429 5539158214
5539158214 5539158194
5539158194 5539158205
5539158205 5539158208
5539158208 5539158185
5539158185 5539159424
5539159424 5539158220
5539158220 5539159422
5539159422 5539158187
5539158187 5539158207
5539158207 1685028149
897579043 897579074
897579074 897579079
897579079 897579085
898614630 898614631
898614631 898614633
898614633 1685028194
1685028194 1727914749
1727914749 898614641
898614641 2052886020
2052886020 898614643
898614643 898614647
3763449964 3763449965
3763449965 3763449966
3763449966 3763449967
893240995 7134285316
7134285316 7699942821
7699942821 2593548617
2593548617 7134285318
7134285318 7134285317
7134285317 893240996
893240996 2884943904
2884943904 893166966
898640121 898627610
898627610 898626371
898626371 898626377
898626377 898626379
898626379 898626380
898626380 897624928
897498095 7699942786
897595264 897498138
897498138 4225739630
4225739630 893203313
893203313 4225739618
4225739618 893203316
893203304 893226111
893226111 4225739597
4225739597 1727704468
8773088067 8773088071
8773088071 897605155
897624929 8773088072
8773088072 8773088068
1727704468 4225739659
4225739659 897595264
