142841507 2038070878
142841507 142841187
2038070878 476480550
476480550 3715892222
476480550 1906560788
3715892222 142834580
142834580 142834579
142834580 142835893
142834580 2000100505
142834579 142778727
142834579 763701320
142834579 142841187
148399176 148386059
148399176 1110784471
148386059 148385552
148386059 1110784442
148385577 763697545
763697545 142826990
142826990 142790212
142790212 1110784442
142790212 1110784469
142790212 2000100507
1110784442 1110784467
1110784469 2427530931
2427530931 142788266
142788266 142790213
142788266 1906560788
142788266 3358855931
1906560788 1906560781
3358855931 142825288
2000100507 2000100505
