142841507 1041.343646417983 138.9808072801442 -22.9570131 -43.1881266 50
2038070878 985.486721947402 117.7726611775156 -22.9572049 -43.1886715 50
142841187 1036.946028396627 147.7161750697859 -22.9569341 -43.1881695 50
476480550 928.1024196541638 95.97847141296529 -22.957402 -43.1892313 50
3715892222 855.3315797166314 272.0680056590372 -22.9558095 -43.1899412 50
1906560788 727.4213753575407 26.15081623185074 -22.9580335 -43.191189 50
142834580 854.849789397201 273.2400929825291 -22.9557989 -43.1899459 50
142834579 961.3151991167314 323.0206319582173 -22.9553487 -43.1889073 50
142835893 805.2868916514784 387.905617009758 -22.9547619 -43.1904294 50
2000100505 835.8549497846936 263.9297389583101 -22.9558831 -43.1901312 50
142778727 1069.051715209486 375.5212981183411 -22.9548739 -43.1878563 50
763701320 862.8352076695368 544.1802410288594 -22.9533486 -43.189868 50
148399176 598.7218549440037 309.0440434940168 -22.9554751 -43.1924445 50
148386059 619.6541066912189 251.8439706115263 -22.9559924 -43.1922403 50
1110784471 507.0176805417497 270.3983340941385 -22.9558246 -43.1933391 50
148385552 365.873618687388 167.60848729063 -22.9567542 -43.194716 50
1110784442 634.6203591651724 212.4684709914335 -22.9563485 -43.1920943 50
148385577 397.7537866276411 73.44343400050434 -22.9576058 -43.194405 50
763697545 542.8444287574945 126.2094784228759 -22.9571286 -43.1929896 50
142826990 641.9702242489396 167.8075209867004 -22.9567524 -43.1920226 50
142790212 649.8121305104277 172.6949039781449 -22.9567082 -43.1919461 50
1110784469 680.1341680570648 88.78008605727427 -22.9574671 -43.1916503 50
2000100507 709.2773569479174 201.8533405124231 -22.9564445 -43.191366 50
1110784467 544.9356037600363 168.6368280554775 -22.9567449 -43.1929692 50
2427530931 695.8897365854646 46.38590870705787 -22.9578505 -43.1914966 50
142788266 703.9674125778487 20.79902128208812 -22.9580819 -43.1914178 50
142790213 708.1907660154415 0.5528713788330606 -22.958265 -43.1913766 50
3358855931 652.4363501225473 20.22403504751094 -22.9580871 -43.1919205 50
1906560781 717.9393318380704 0 -22.95827 -43.1912815 50
142825288 611.1048912370427 12.26268718851679 -22.9581591 -43.1923237 50
