344889214 344889215
344889214 2246309801
344889214 2246309833
344889214 5367829508
344889215 344889216
344889215 4160788556
2246309801 2246309772
2246309772 2246309769
2246309833 2246309837
2246309833 2246309889
2246309833 5388869175
2246309837 2246309896
2246309896 2246309889
2246309896 2246309927
2246309889 2246309989
2246309989 2246309978
2246309978 2246309927
5388869175 5388869174
5388869175 5388869183
5388869174 3803044746
3803044746 5388869180
5388869183 5367829508
5367829508 5367829507
5367829508 5541880409
5367829507 5367829506
344891112 344891113
344891598 344892366
344891113 344891115
344891115 344891866
344891866 344891116
344891116 344891872
344891872 5458429226
5458429226 344891897
344891897 344891875
344891897 2246309589
344891897 5490831636
2246309589 2246309593
5490831636 5458429014
5490831636 5458429224
5458429014 5458429013
5458429013 5458429230
5458429230 5458429012
5458429012 5458429010
