344889214 49.46139977419075 311.3337094352981 19.0319168 73.0169784 50
344889215 55.68090770362411 88.87508072510036 19.0299051 73.0170375 50
2246309801 0 314.5295410053777 19.0319457 73.01650840000001 50
2246309833 54.08130498704861 387.0716001763234 19.0326017 73.01702229999999 50
5367829508 57.71198220557407 310.7918556397009 19.0319119 73.01705680000001 50
344889216 55.51252846994804 34.8445165318908 19.0294165 73.0170359 50
4160788556 46.06224400180253 54.32913669311142 19.0295927 73.0169461 50
2246309772 37.58014012562084 268.505143098629 19.0315295 73.01686549999999 50
2246309769 37.01186021347032 260.6095592191744 19.0314581 73.0168601 50
2246309837 0.01052370051486662 390.4443635977537 19.0326322 73.0165085 50
2246309889 59.87986483430008 492.3239354178885 19.0335535 73.01707740000001 50
5388869175 61.97408154737235 386.5297463803745 19.0325968 73.0170973 50
2246309896 8.934623063924747 495.9178636543867 19.033586 73.0165933 50
2246309927 16.41697524258147 550.2912333105116 19.0340777 73.0166644 50
2246309989 69.60376555465885 649.8706910592173 19.0349782 73.0171698 50
2246309978 12.28116032570552 640.7365842181968 19.0348956 73.0166251 50
5388869174 67.68845177711637 491.5940915300993 19.0335469 73.01715160000001 50
5388869183 58.57492577498414 325.8200047879453 19.0320478 73.017065 50
3803044746 77.84382428418844 652.7679501297466 19.0350044 73.0172481 50
5388869180 79.11719223526553 668.6475838139795 19.035148 73.0172602 50
5367829507 63.36321022151806 87.54809183785915 19.0298931 73.0171105 50
5541880409 67.15174297052701 310.1836523994077 19.0319064 73.0171465 50
5367829506 62.88964362872872 32.04678162752634 19.0293912 73.017106 50
344891112 282.5403534390131 375.6152627828946 19.0324981 73.0191932 50
344891113 234.983743740511 306.556549441089 19.0318736 73.0187413 50
344891598 347.4400241659843 35.08779782793778 19.0294187 73.0198099 50
344892366 400.5215774555079 19.32980479155248 19.0292762 73.0203143 50
344891115 210.7160867436819 257.690183667314 19.0314317 73.01851069999999 50
344891866 201.897224400148 207.3751883580985 19.0309767 73.01842689999999 50
344891116 195.7198112794684 157.7015710117003 19.0305275 73.0183682 50
344891872 189.1740685858755 102.0012124679824 19.0300238 73.018306 50
5458429226 206.5592244217597 40.87125772815534 19.029471 73.01847119999999 50
344891897 209.6952876424494 37.43214486202879 19.0294399 73.018501 50
344891875 220.8083170382928 25.23490533961768 19.0293296 73.0186066 50
2246309589 173.1254229135296 8.43743767505174 19.0291777 73.0181535 50
5490831636 214.5782854070058 49.0764723480014 19.0295452 73.0185474 50
2246309593 152.6673460720945 16.23349738798964 19.0292482 73.0179591 50
5458429014 201.202660064414 101.780047653618 19.0300218 73.0184203 50
5458429224 259.3776851609238 4.788218235050408 19.0291447 73.0189731 50
5458429013 208.1377797346277 157.4361732339707 19.0305251 73.0184862 50
5458429230 213.568010007627 203.106707437666 19.0309381 73.0185378 50
5458429012 223.2708633256172 256.2083794097013 19.0314183 73.01863 50
5458429010 245.9283939026784 302.1885443541398 19.0318341 73.0188453 50
