263360959 109.6232458801169 618.8576434271961 -12.0760471 -77.0264758 50
316629264 477.8719963698855 396.6273161511966 -12.078056 -77.02309339999999 50
316629265 493.0052083847643 381.3060456410334 -12.0781945 -77.0229544 50
316629266 510.8493339187208 369.2039012815001 -12.0783039 -77.0227905 50
316629267 551.7634423728575 356.2167737876528 -12.0784213 -77.0224147 50
316629268 573.7555922067222 356.0619017393369 -12.0784227 -77.0222127 50
316629269 593.8098199265809 359.6682080111084 -12.0783901 -77.0220285 50
316629270 612.8515377774345 366.8697582650083 -12.078325 -77.0218536 50
316629271 646.5147691087225 392.147089034754 -12.0780965 -77.0215444 50
316629272 659.5249765589331 409.791440271766 -12.077937 -77.0214249 50
316629273 673.515032271571 448.4873278129611 -12.0775872 -77.0212964 50
316629274 674.8541582257434 467.8684584507282 -12.077412 -77.0212841 50
316629275 669.508541607553 499.5397923645694 -12.0771257 -77.0213332 50
316629276 664.9468035984734 511.1220091326996 -12.077021 -77.0213751 50
316629277 644.1849076894684 541.7424255747959 -12.0767442 -77.0215658 50
316629278 626.0032788676905 556.5990799393078 -12.0766099 -77.0217328 50
316629279 600.5816601229478 569.6193943005006 -12.0764922 -77.0219663 50
316629280 558.9381090743564 575.6372796129218 -12.0764378 -77.0223488 50
316629281 514.9646966106665 565.0174820030876 -12.0765338 -77.0227527 50
316629282 493.386260485973 550.4041980003406 -12.0766659 -77.0229509 50
316629283 474.6820459229409 530.6358872410801 -12.0768446 -77.0231227 50
316629284 457.2189724915782 494.5617622347782 -12.0771707 -77.0232831 50
316629285 453.3540154662204 466.4303608578416 -12.077425 -77.0233186 50
316629286 454.3338637258776 451.0427166126356 -12.0775641 -77.0233096 50
316629287 456.8052587810218 436.3851834532519 -12.0776966 -77.0232869 50
316629288 466.3533357151618 413.8070512430852 -12.0779007 -77.02319919999999 50
316629410 566.5918127064924 254.9968278183984 -12.0793363 -77.0222785 50
316629411 601.8119140491928 258.2933899933622 -12.0793065 -77.02195500000001 50
316629412 655.8015531708504 275.6611840010881 -12.0791495 -77.0214591 50
316629414 723.7268119918749 327.1118909631289 -12.0786844 -77.02083519999999 50
316629415 735.2019238359817 341.4596800257049 -12.0785547 -77.0207298 50
316629416 751.4347433410995 368.5954753766482 -12.0783094 -77.0205807 50
316629417 762.7465471426226 394.40379602656 -12.0780761 -77.0204768 50
316629418 771.8917975702454 429.5265641635051 -12.0777586 -77.0203928 50
316629419 774.0256893347979 485.4464359530494 -12.0772531 -77.02037319999999 50
316629421 745.2399248992579 572.9270187647555 -12.0764623 -77.0206376 50
316629422 729.671224768514 594.4431712137102 -12.0762678 -77.02078059999999 50
316629423 709.1706217287511 617.375296677497 -12.0760605 -77.0209689 50
316629425 668.0278820147203 647.4647232390751 -12.0757885 -77.0213468 50
316629427 628.4202379081784 664.4895862822959 -12.0756346 -77.02171060000001 50
316629428 560.6582871311225 674.4345842524114 -12.0755447 -77.022333 50
316629430 525.3946369778054 670.8614648485132 -12.075577 -77.0226569 50
316629432 459.1351202002758 646.5244286590092 -12.075797 -77.02326549999999 50
316629433 444.1434418226721 637.0993582801209 -12.0758822 -77.0234032 50
316629434 414.9330764725363 612.8397581149509 -12.0761015 -77.02367150000001 50
316629435 367.7479391552081 540.791068705439 -12.0767528 -77.0241049 50
316629436 355.2058814288252 487.2606513781382 -12.0772367 -77.02422009999999 50
316629437 353.5945754013716 453.7640397502689 -12.0775395 -77.0242349 50
316629438 363.872094927196 399.6030719398858 -12.0780291 -77.0241405 50
316629439 372.9737965414319 376.7373202111417 -12.0782358 -77.02405690000001 50
316629440 391.7651087270829 344.0261311146705 -12.0785315 -77.02388430000001 50
316629441 413.3653192570847 318.1956858863524 -12.078765 -77.0236859 50
316629442 464.4916240197354 279.9644144909845 -12.0791106 -77.0232163 50
316629519 206.8350804684718 655.1530142170325 -12.075719 -77.0255829 50
316629520 308.8263971259164 693.1962266963873 -12.0753751 -77.0246461 50
316629521 460.1911788798978 750.8528778868624 -12.0748539 -77.0232558 50
316629522 537.8604842828385 776.9156311880062 -12.0746183 -77.02254240000001 50
408629729 219.0614093109565 342.2672271355093 -12.0785474 -77.02547060000001 50
408629733 76.90720120052347 285.993362092169 -12.0790561 -77.02677629999999 50
408629740 0.04354880923189342 255.5720668557289 -12.0793311 -77.0274823 50
408629750 85.78027155348002 262.7293679531683 -12.0792664 -77.0266948 50
408629760 139.3017609526952 135.9334094066517 -12.0804126 -77.0262032 50
408629765 118.169700146521 186.0455793783702 -12.0799596 -77.0263973 50
408629782 46.92384444670117 362.2125345216677 -12.0783671 -77.0270517 50
408629796 0 481.5303855844703 -12.0772885 -77.02748269999999 50
408629812 9.058152800848703 232.274885848855 -12.0795417 -77.0273995 50
408629820 227.5969763760915 319.0253575749149 -12.0787575 -77.0253922 50
408629881 141.8711408331125 537.2400738795951 -12.0767849 -77.02617960000001 50
408629889 159.051146992695 493.5108447630331 -12.0771802 -77.0260218 50
408629898 169.8294778516949 466.0763676040456 -12.0774282 -77.0259228 50
408629906 188.0655426895143 419.6700645070146 -12.0778477 -77.0257553 50
408629913 258.0811444644743 238.2374597151727 -12.0794878 -77.0251122 50
408629921 292.0927662862381 154.8831107669926 -12.0802413 -77.0247998 50
408629927 296.5674066726987 146.5532070168378 -12.0803166 -77.02475870000001 50
408629932 316.4583263499737 122.8688458888224 -12.0805307 -77.024576 50
408629937 328.0096486140452 113.5875852693106 -12.0806146 -77.0244699 50
408629941 340.7803376017074 105.2576815191558 -12.0806899 -77.0243526 50
408629946 357.7317124986256 97.06052523873461 -12.080764 -77.02419690000001 50
408629951 468.6178739143351 75.59968423553164 -12.080958 -77.02317840000001 50
408629961 491.143496690723 70.48890663583086 -12.0810042 -77.0229715 50
408630017 891.9340966148471 55.72075058476787 -12.0811377 -77.0192902 50
408630042 707.8314957745788 50.84228105771672 -12.0811818 -77.02098119999999 50
408630052 477.2405386020891 4.933780972978752 -12.0815968 -77.0230992 50
408630056 452.4503776265278 0 -12.0816414 -77.0233269 50
408630227 529.6297589017177 360.9293089770969 -12.0783787 -77.02261799999999 50
408630232 488.7047632435416 169.5406439263763 -12.0801088 -77.0229939 50
408630324 425.3847912449837 307.210832733783 -12.0788643 -77.02357550000001 50
408630349 375.7391460751657 150.0488903965781 -12.080285 -77.02403150000001 50
408630353 423.0658170297691 140.4136365234462 -12.0803721 -77.02359680000001 50
408630358 441.6284979555259 226.2016890908581 -12.0795966 -77.0234263 50
408630368 331.3846815088819 207.6834170084711 -12.079764 -77.02443890000001 50
408630388 363.7741101019229 157.0734440239319 -12.0802215 -77.0241414 50
408630393 417.9814932808205 241.0915303230674 -12.079462 -77.02364350000001 50
408630429 323.5894442408557 558.2031118698013 -12.0765954 -77.02451050000001 50
408630433 254.8367580014884 531.3881229049568 -12.0768378 -77.025142 50
408630436 84.9855057444851 464.3617127816968 -12.0774437 -77.02670209999999 50
408630441 58.92154202929179 454.1069707149497 -12.0775364 -77.02694150000001 50
411809390 69.11196393111223 426.6724935557863 -12.0777844 -77.02684790000001 50
411809398 94.8057627477511 436.728114417581 -12.0776935 -77.02661190000001 50
411809407 266.8235683814248 504.0310817704791 -12.0770851 -77.0250319 50
411809416 309.0985771964274 520.5692040899944 -12.0769356 -77.0246436 50
411809455 237.5696542220572 573.314198885897 -12.0764588 -77.02530059999999 50
411809463 335.4456081861711 614.3442294432321 -12.0760879 -77.0244016 50
411809489 386.3977177021988 577.0643149168692 -12.0764249 -77.02393360000001 50
411934844 908.4173217879377 30.65360330944168 -12.0813643 -77.01913879999999 50
411934904 905.0096272837533 53.67422708685342 -12.0811562 -77.0191701 50
411941280 912.5762332905001 107.7798834513088 -12.0806671 -77.0191006 50
411941289 917.8129778793781 133.610328679627 -12.0804336 -77.0190525 50
411941297 925.4122454968578 152.7591512450962 -12.0802605 -77.0189827 50
411941304 935.9183962825765 169.5848930831887 -12.0801084 -77.0188862 50
411941309 967.6981415131296 227.6065998163992 -12.0795839 -77.0185943 50
411941313 1026.750329978428 343.8159476202511 -12.0785334 -77.0180519 50
411941320 1063.24423406076 416.7938693208896 -12.0778737 -77.01771669999999 50
411941329 1084.855331793416 460.8881539801868 -12.0774751 -77.0175182 50
411941342 1131.572319385531 551.4219286045643 -12.0766567 -77.01708910000001 50
411941345 1173.041675188885 632.6633803201389 -12.0759223 -77.0167082 50
411941363 1162.524637197742 638.4600198488496 -12.0758699 -77.0168048 50
411941370 1116.384671358766 550.8466895674096 -12.0766619 -77.0172286 50
411941373 1074.338293802273 467.857396161613 -12.0774121 -77.0176148 50
411941393 973.0110965219723 266.6454183219233 -12.079231 -77.0185455 50
411941403 924.2364275838841 176.5430729753239 -12.0800455 -77.01899349999999 50
411941408 913.142367840986 157.3942504102065 -12.0802186 -77.0190954 50
411941415 906.1310091806856 139.9932695347834 -12.0803759 -77.0191598 50
411941422 899.3047329696626 109.2843547794141 -12.0806535 -77.0192225 50
411941462 697.0531649155788 105.7554845319765 -12.0806854 -77.0210802 50
411941465 665.2298708730237 185.2490945578569 -12.0799668 -77.0213725 50
411941473 635.975956712271 267.408716275267 -12.0792241 -77.0216412 50
411941518 845.1626730066903 114.7159387653896 -12.0806044 -77.0197198 50
411941524 964.8239199500832 96.07598150220815 -12.0807729 -77.0186207 50
411941587 848.319961842902 138.2564901340284 -12.0803916 -77.01969080000001 50
411941593 854.1555025916136 159.7173311372313 -12.0801976 -77.01963720000001 50
411941600 874.8629624845771 207.240925441402 -12.079768 -77.019447 50
411941607 932.4236041557731 287.0110926965687 -12.0790469 -77.0189183 50
411941619 756.1924510034956 172.9588912821346 -12.0800779 -77.020537 50
411941634 756.7041495393253 183.8884329891282 -12.0799791 -77.0205323 50
411941646 747.8419663890229 209.0662031557819 -12.0797515 -77.0206137 50
411941649 626.8960295033437 375.1664751479937 -12.07825 -77.0217246 50
411941710 970.1913109735822 115.1473680433436 -12.0806005 -77.0185714 50
411941718 989.7882761736525 155.1486057071637 -12.0802389 -77.0183914 50
411941726 1014.741745193183 202.1743969985137 -12.0798138 -77.01816220000001 50
411941759 1008.546926749956 145.2146700261635 -12.0803287 -77.0182191 50
411941765 1025.139023950974 137.6148773614791 -12.0803974 -77.01806670000001 50
411941769 1058.660721644987 128.3446790314344 -12.0804812 -77.0177588 50
412189079 1189.982162881764 694.1697081439745 -12.0753663 -77.0165526 50
412189080 1202.241153332211 720.8630119282004 -12.075125 -77.01644 50
412189081 1209.829533745651 744.0716946214494 -12.0749152 -77.01637030000001 50
412189082 1213.923122032289 771.9265387689238 -12.0746634 -77.01633270000001 50
412189083 1216.263870652812 807.9121654617768 -12.0743381 -77.0163112 50
412189084 1214.05376846691 834.7603412941427 -12.0740954 -77.01633150000001 50
412189085 775.3757024930095 457.3924706000947 -12.0775067 -77.02036080000001 50
412189086 770.1498451067858 511.6640613025089 -12.0770161 -77.0204088 50
412189087 941.2857873060755 353.3405786017036 -12.0784473 -77.0188369 50
412189088 870.6605021713978 359.6682080111084 -12.0783901 -77.0194856 50
412189093 939.6091580613114 284.1238352215044 -12.079073 -77.01885230000001 50
412189097 864.6616533801024 297.830011511707 -12.0789491 -77.01954069999999 50
412189101 826.8286233435978 301.9562453748815 -12.0789118 -77.0198882 50
412189105 823.943514576512 280.8051484683102 -12.079103 -77.0199147 50
412189106 765.9691591961447 291.1483888486823 -12.0790095 -77.02044720000001 50
412189107 668.7682118132142 429.6371870553603 -12.0777576 -77.02134 50
412189108 614.5934902395092 563.656820434183 -12.0765461 -77.0218376 50
412189109 1049.591681638713 479.4617375083255 -12.0773072 -77.0178421 50
412189110 1024.39869415525 487.6588937883948 -12.0772331 -77.0180735 50
412189111 951.5524196306308 491.3536983736153 -12.0771997 -77.0187426 50
412189113 946.8709223881993 416.3513777536444 -12.0778777 -77.0187856 50
412189114 955.1343093800531 556.7539519877996 -12.0766085 -77.0187097 50
412189115 949.3532046459977 582.4627120353232 -12.0763761 -77.0187628 50
412189116 939.500286033384 608.1382852149736 -12.076144 -77.0188533 50
412189122 1045.149702860216 649.7435548092874 -12.0757679 -77.0178829 50
412189143 907.2306166723097 493.5440316303786 -12.0771799 -77.0191497 50
412189147 909.930642988733 538.1361193030244 -12.0767768 -77.01912489999999 50
412189152 830.4322874983286 515.8124197437377 -12.0769786 -77.0198551 50
412189154 829.1149359494647 471.4858270117907 -12.0773793 -77.01986719999999 50
412189157 905.4995514128893 472.7690525561854 -12.0773677 -77.01916559999999 50
412189171 1075.916938221764 655.9826859052431 -12.0757115 -77.0176003 50
412189172 1091.354991916501 656.7238592801806 -12.0757048 -77.0174585 50
412189173 1108.08862275618 655.1972633736691 -12.0757186 -77.01730480000001 50
412189175 1111.724948521643 667.1445356847105 -12.0756106 -77.0172714 50
412189176 1071.398749023301 668.7043184587435 -12.0755965 -77.01764180000001 50
412189177 1057.38691890674 666.4476114665855 -12.0756169 -77.0177705 50
412189178 1041.948865210617 661.6465779638683 -12.0756603 -77.01791230000001 50
412189179 1015.699819047531 650.5621642085587 -12.0757605 -77.0181534 50
412189180 934.7534655736421 619.3886333077141 -12.0760423 -77.0188969 50
412189182 684.870384883711 636.4245586402261 -12.0758883 -77.02119209999999 50
412189183 613.6898523998166 668.6711315912221 -12.0755968 -77.0218459 50
412189184 530.96888485589 570.5707511698575 -12.0764836 -77.0226057 50
412189186 445.1232900823294 745.1889858282373 -12.0749051 -77.0233942 50
412189192 438.6780659725149 763.5413235728415 -12.0747392 -77.02345339999999 50
412189196 923.2456921215726 643.4822991352772 -12.0758245 -77.01900259999999 50
412189197 902.973720343089 654.2680310827184 -12.075727 -77.01918879999999 50
412189198 813.0127628775828 677.2665302818998 -12.0755191 -77.02001509999999 50
412189199 777.2265269830115 686.4150434309743 -12.0754364 -77.02034380000001 50
412189200 648.2022855547557 719.4027897569076 -12.0751382 -77.02152890000001 50
412189202 556.6409092658353 744.9788023339938 -12.074907 -77.0223699 50
412189203 543.5218297863122 761.417364050769 -12.0747584 -77.0224904 50
412189204 798.3259261812231 648.4382046864863 -12.0757797 -77.02015 50
1273538310 403.8499039336775 88.56468715079689 -12.0808408 -77.0237733 50
1273544770 816.148277309871 217.672664135399 -12.0796737 -77.0199863 50
1273586940 697.6628482752966 180.8684280436266 -12.0800064 -77.02107460000001 50
1273607335 393.4199635665385 725.8742289251612 -12.0750797 -77.0238691 50
1273796374 1012.379222167351 315.2752415439427 -12.0787914 -77.0181839 50
1273842374 1103.809952021651 497.1171510348046 -12.0771476 -77.0173441 50
1273882974 673.6565659088462 161.5868580082478 -12.0801807 -77.0212951 50
1273935927 413.4959656917057 669.9432948465018 -12.0755853 -77.0236847 50
1273981726 1030.364881337198 377.2129986457322 -12.0782315 -77.0180187 50
1482412715 867.5794237523806 529.5296583230555 -12.0768546 -77.01951390000001 50
1658531441 315.7071093502106 555.1720446355364 -12.0766228 -77.0245829 50
2177261770 284.83100195935 457.8128375887576 -12.0775029 -77.0248665 50
2871473965 215.3597603281824 144.1969394219398 -12.0803379 -77.0255046 50
2945294607 164.8322517239802 478.7869378684308 -12.0773133 -77.02596870000001 50
2945294608 261.3364181273442 518.102313603417 -12.0769579 -77.02508229999999 50
2945294609 312.3538508606824 536.9856412285392 -12.0767872 -77.0246137 50
2974860565 897.3450364503481 49.05019021068233 -12.081198 -77.0192405 50
2986922531 365.9950994918644 535.5586059247678 -12.0768001 -77.02412099999999 50
2986922532 461.4105456034884 506.9294015346585 -12.0770589 -77.0232446 50
3235587567 1200.150810378276 904.9616284112203 -12.0734608 -77.0164592 50
3394759578 1096.874803781315 483.853466311671 -12.0772675 -77.0174078 50
3394759580 1083.396446605892 457.9123981914976 -12.077502 -77.0175316 50
4103906156 893.0445913091253 64.05065433474681 -12.0810624 -77.01927999999999 50
4103906157 906.5338356872028 62.65680589849671 -12.081075 -77.0191561 50
4172468599 67.51154510769794 508.0356304525072 -12.0770489 -77.0268626 50
4172468600 112.4865802391239 388.9058383057178 -12.0781258 -77.0264495 50
4172468601 161.2285875692494 544.4969355795987 -12.0767193 -77.0260018 50
4172468602 178.2670600901717 501.0774505598443 -12.0771118 -77.0258453 50
4172468605 340.8674352243263 271.136707727657 -12.0791904 -77.02435180000001 50
4172468606 361.2047302201205 219.2656337769532 -12.0796593 -77.024165 50
4172468607 454.4753973631528 286.347355345965 -12.0790529 -77.0233083 50
4172468608 424.688010261262 236.8657358575047 -12.0795002 -77.0235819 50
4172468609 431.7429177321793 180.116192379574 -12.0800132 -77.02351710000001 50
4172468610 290.5467834747099 158.821285713802 -12.0802057 -77.02481400000001 50
4172468616 504.2625761702461 132.3271031352321 -12.0804452 -77.022851 50
4172468618 356.251052907178 496.8848429621549 -12.0771497 -77.0242105 50
4172468619 454.5407205804633 481.7958805248173 -12.0772861 -77.0233077 50
4172468620 605.9817127544094 670.1756029191514 -12.0755832 -77.02191670000001 50
4172468621 585.8839362239338 573.6018184042985 -12.0764562 -77.0221013 50
4172468624 1020.816804405828 639.632622501741 -12.0758593 -77.01810639999999 50
4172468628 1046.935204132907 480.5237172695375 -12.0772976 -77.0178665 50
4172468630 864.0519700176145 468.5875072472594 -12.0774055 -77.0195463 50
4172468631 859.7624120804311 423.0108758380871 -12.0778175 -77.01958569999999 50
4172468632 824.9560244469022 489.1080536707484 -12.07722 -77.0199054 50
4270043870 904.7374472104719 542.1627925634588 -12.0767404 -77.0191726 50
4270043872 826.9157209662167 512.2724872073609 -12.0770106 -77.0198874 50
4270043875 827.5689531379364 472.7358656888401 -12.077368 -77.0198814 50
4270653069 148.0986208856871 314.1800749152092 -12.0788013 -77.02612240000001 50
4270653070 157.1241120813432 291.048828246294 -12.0790104 -77.0260395 50
4347809223 519.0800593026119 566.2453961015549 -12.0765227 -77.0227149 50
4347809224 661.2233802103907 518.1465627602295 -12.0769575 -77.0214093 50
4347809230 536.9241848351833 359.0487198171413 -12.0783957 -77.02255100000001 50
4347809238 672.0125982720448 491.1103280116745 -12.0772019 -77.0213102 50
4356341640 955.6786695238454 234.9630221189669 -12.0795174 -77.0187047 50
4356341641 984.4644339607706 260.096543128984 -12.0792902 -77.01844029999999 50
4356341646 1014.763519598491 345.4089172618054 -12.078519 -77.018162 50
4356341647 1001.481132074999 346.7253296738976 -12.0785071 -77.01828399999999 50
4356375212 1140.336517711945 656.325616869748 -12.0757084 -77.0170086 50
4356375213 1137.092131250345 644.7655246796721 -12.0758129 -77.0170384 50
4356505464 430.0009652701047 626.4684983809956 -12.0759783 -77.02353309999999 50
4356505465 424.9710775371975 640.2852975630535 -12.0758534 -77.02357929999999 50
4357701408 1005.389637912359 207.1192402606075 -12.0797691 -77.01824809999999 50
4358041413 1064.267631131034 473.0124229181263 -12.0773655 -77.0177073 50
4405806705 904.3672823119175 469.6052378514831 -12.0773963 -77.019176 50
4405806706 900.1321603893904 466.1427413392643 -12.0774276 -77.01921489999999 50
4405806707 907.7314280040999 540.8574424406577 -12.0767522 -77.0191451 50
4405806709 824.5096491283831 507.7037617771174 -12.0770519 -77.0199095 50
4405806710 826.175391170493 474.4837073788861 -12.0773522 -77.0198942 50
4429297332 767.0687666905388 171.4876068215507 -12.0800912 -77.0204371 50
4429302956 791.3581163329247 168.2021069360539 -12.0801209 -77.020214 50
4429302960 821.5483299413327 164.120122229516 -12.0801578 -77.0199367 50
4442732663 398.0361375902744 233.5691736827169 -12.07953 -77.0238267 50
4442732672 437.894187363404 208.9334556855205 -12.0797527 -77.02346060000001 50
4442732675 340.6061423550844 181.0011755137121 -12.0800052 -77.0243542 50
4442732801 513.9521867416613 261.0589622874561 -12.0792815 -77.022762 50
4442732802 479.788144078583 73.0774823032026 -12.0809808 -77.0230758 50
4442732804 456.8161459850611 20.43204810986401 -12.0814567 -77.02328679999999 50
4442732805 480.8333155555507 21.8812079922177 -12.0814436 -77.0230662 50
4442732806 488.1059670837079 166.73082247547 -12.0801342 -77.0229994 50
4442732808 510.3485225855454 160.989494392511 -12.0801861 -77.0227951 50
4442732809 544.5778884659342 357.367251862138 -12.0784109 -77.0224807 50
4442752489 27.84946498649975 266.5790445867046 -12.0792316 -77.0272269 50
4442752490 63.8861065462736 254.0344086599263 -12.079345 -77.0268959 50
4442752491 51.67066490505799 276.0041149654171 -12.0791464 -77.0270081 50
4442752493 40.44595872892403 244.7310234621843 -12.0794291 -77.02711119999999 50
4442752494 174.6307343233229 324.6892496333641 -12.0787063 -77.02587870000001 50
4442752495 183.6888871269418 301.5911898317944 -12.0789151 -77.0257955 50
4442775476 902.581781039226 467.6140257998482 -12.0774143 -77.01919239999999 50
4442913791 820.198316783121 245.9036261150757 -12.0794185 -77.01994910000001 50
4442913798 892.1300662667786 236.4785557363633 -12.0795037 -77.01928839999999 50
4442989658 777.6075790856053 286.4801028160506 -12.0790517 -77.0203403 50
4471811918 207.6842822935081 512.726041063721 -12.0770065 -77.0255751 50
4471811919 218.7783420377912 485.2362524589818 -12.077255 -77.02547319999999 50
4471811960 283.7858304823823 367.8985511586991 -12.0783157 -77.0248761 50
4471811961 292.35405915548 344.7341176220866 -12.0785251 -77.0247974 50
4471811962 373.768562353197 403.5191223084649 -12.0779937 -77.0240496 50
4471811963 383.098895228712 380.7639934712242 -12.0781994 -77.0239639 50
4471811965 362.0321576384632 405.2005902631163 -12.0779785 -77.02415740000001 50
4471811967 354.4764388357556 395.8750804873199 -12.0780628 -77.02422679999999 50
4471811968 363.4148324074078 372.9429550233571 -12.0782701 -77.02414469999999 50
4471811970 374.5959897729248 372.9429550233571 -12.0782701 -77.02404199999999 50
4471811974 450.0878545993111 433.7302340506615 -12.0777206 -77.02334860000001 50
4471811975 459.2657666348967 410.9972297920029 -12.0779261 -77.02326429999999 50
4471812006 114.2720815118154 607.4856101533093 -12.0761499 -77.02643310000001 50
4567948708 1166.9557287722 620.7492948766188 -12.07603 -77.0167641 50
4567948709 1156.11207469589 626.2804394649825 -12.07598 -77.0168637 50
4567948711 1148.316837427864 639.4888127421884 -12.0758606 -77.0169353 50
4567948712 1152.802365018364 649.367436977437 -12.0757713 -77.0168941 50
4567948714 1167.97912584386 649.533371315044 -12.0757698 -77.01675470000001 50
4567948790 914.3181857525747 650.1086103523745 -12.0757646 -77.0190846 50
4567948791 809.0171594162189 664.0913438720394 -12.0756382 -77.0200518 50
4570591794 894.3728300620286 73.68590820805457 -12.0809753 -77.01926779999999 50
5491440830 687.2655695188904 177.5608035797236 -12.0800363 -77.02117010000001 50
5491440831 682.801816333699 174.81735586386 -12.0800611 -77.0212111 50
5491440832 675.5944880228523 166.3215177757463 -12.0801379 -77.02127729999999 50
5491440835 327.9225509914262 637.0551091233084 -12.0758826 -77.02447069999999 50
5874072706 630.7936481366642 377.9099228636813 -12.0782252 -77.02168880000001 50
5874072719 657.6197160542748 524.6843756638776 -12.0768984 -77.0214424 50
5874072761 762.6594495186185 537.0077658069455 -12.076787 -77.02047760000001 50
5874072762 757.9344034655702 548.435110526584 -12.0766837 -77.020521 50
5874072763 491.2305943147271 661.4695813367944 -12.0756619 -77.0229707 50
5874072764 474.8671283722181 654.6662734931509 -12.0757234 -77.023121 50
5874072765 356.9913827015167 503.7102753842045 -12.077088 -77.0242037 50
5874072767 362.2825633050509 404.2160465265899 -12.0779874 -77.0241551 50
5874072768 367.8132623725186 388.3305992683872 -12.078131 -77.0241043 50
5874072769 358.058328585178 420.4776116168189 -12.0778404 -77.0241939 50
5874072770 375.0423650914439 372.1132833351465 -12.0782776 -77.0240379 50
5874072771 496.9463758300869 265.9816809713197 -12.079237 -77.02291820000001 50
5874072772 530.8600128279626 257.6849640885103 -12.079312 -77.0226067 50
5874072773 692.4043292824953 297.9406344035623 -12.0789481 -77.02112289999999 50
5874072774 720.0360502117551 606.4457549706793 -12.0761593 -77.0208691 50
5874072775 737.9999349776782 584.0778062549319 -12.0763615 -77.0207041 50
5874072776 751.7722466316912 561.3558642855645 -12.0765669 -77.0205776 50
5874072777 766.7530378066407 524.4963167478645 -12.0769001 -77.02043999999999 50
5874072778 772.7301121912424 498.6437469413161 -12.0771338 -77.0203851 50
5874072779 775.397476898318 471.4526401440934 -12.0773796 -77.0203606 50
5874072780 774.4067414346214 443.3544256346782 -12.0776336 -77.0203697 50
5874072781 768.6256367019512 411.6277802752611 -12.0779204 -77.02042280000001 50
5874072782 759.0013493492314 383.4189428739905 -12.0781754 -77.0205112 50
5874072783 745.3814585351479 356.7477636683468 -12.0784165 -77.02063630000001 50
5874072784 708.811344034236 311.735309007214 -12.0788234 -77.0209722 50
5874072885 674.6799629791204 285.8716769113745 -12.0790572 -77.02128570000001 50
5874072886 619.0899050326633 262.1430666268985 -12.0792717 -77.02179630000001 50
5874072887 584.2726301964802 255.9149978202339 -12.079328 -77.02211610000001 50
5874072888 548.8892208098113 255.5499422774986 -12.0793313 -77.02244109999999 50
5874072889 480.4304890490336 272.2871858023181 -12.07918 -77.0230699 50
5874072890 437.142970365026 297.3764576553469 -12.0789532 -77.0234675 50
5874072891 402.0426282542924 330.6850103675549 -12.0786521 -77.0237899 50
5874072892 382.5980838969217 358.1416121045969 -12.0784039 -77.0239685 50
5874072893 353.3877185467859 470.5676570099552 -12.0773876 -77.0242368 50
5874072894 355.1514454127838 437.0378585145645 -12.0776907 -77.02422060000001 50
5874072895 360.7256932922535 519.8501552932871 -12.0769421 -77.02416940000001 50
5874072896 377.5464217559359 562.3072211545696 -12.0765583 -77.0240149 50
5874072897 401.2587496465666 597.8282317019471 -12.0762372 -77.0237971 50
5874072898 542.9448080331721 673.3836667806662 -12.0755542 -77.02249569999999 50
5874072899 578.3935406371517 674.0142172637485 -12.0755485 -77.0221701 50
5874072900 649.9006892075985 656.5026134966461 -12.0757068 -77.0215133 50
5874072901 508.1166459929497 666.8790407445395 -12.075613 -77.0228156 50
5874072902 697.5430890461 627.4972912743345 -12.075969 -77.0210757 50
5874072903 631.0005049912498 663.7594751966495 -12.0756412 -77.02168690000001 50
5874072904 596.0199221124831 672.1004412360955 -12.0755658 -77.0220082 50
5874072905 753.7210559483515 373.0757024936186 -12.0782689 -77.02055970000001 50
5874072906 449.597930470175 289.4447963156246 -12.0790249 -77.02335309999999 50
5874072907 389.1086312212764 581.5777289008332 -12.0763841 -77.02390870000001 50
5874072908 479.6466104413078 656.6574855449619 -12.0757054 -77.02307709999999 50
5874072909 495.4548290346 662.8191806167597 -12.0756497 -77.0229319 50
5874072910 568.2357803419088 739.8459001557109 -12.0749534 -77.0222634 50
5874072911 548.3230862607104 752.113978853027 -12.0748425 -77.0224463 50
5874072912 805.271961625598 656.1818071103714 -12.0757097 -77.02008619999999 50
5874072913 1127.250099840385 662.1775678442104 -12.0756555 -77.01712879999999 50
5874072914 1085.356143125206 669.3459312309409 -12.0755907 -77.0175136 50
5874072915 1098.986921141944 668.9034396638717 -12.0755947 -77.0173884 50
5874072916 1060.174042845782 653.8144772265341 -12.0757311 -77.0177449 50
5874072917 1123.254496379021 650.495790473516 -12.0757611 -77.0171655 50
5874072954 686.5796757364378 293.9692725890556 -12.078984 -77.0211764 50
5874072955 508.5847957181624 262.6187450611372 -12.0792674 -77.0228113 50
5874072956 539.8963912248879 358.3960447558287 -12.0784016 -77.02252369999999 50
5874072957 345.2440907855138 173.7553761028238 -12.0800707 -77.0243116 50
5874072969 352.8542456042627 165.2927248824074 -12.0801472 -77.0242417 50
5874072970 305.0049889111755 134.8824919349066 -12.0804221 -77.0246812 50
5874072971 893.0119296983925 294.5113247585129 -12.0789791 -77.01928030000001 50
5874072972 907.9056232507229 263.2050463877588 -12.0792621 -77.0191435 50
5874072973 910.2681462793248 275.8603052062163 -12.0791477 -77.01912179999999 50
5874072974 902.1354057193217 289.4005471588121 -12.0790253 -77.01919650000001 50
5874072975 907.4810223388973 283.3826618467428 -12.0790797 -77.01914739999999 50
5874072976 915.9403789826825 277.0882193050354 -12.0791366 -77.0190697 50
5874072977 915.9621533879911 291.6019427050424 -12.0790054 -77.0190695 50
5874072978 921.0138155289768 282.6636130500356 -12.0790862 -77.0190231 50
5874072979 926.3920937551301 285.7168048630587 -12.0790586 -77.0189737 50
5874072980 754.1238824562537 196.3113837347602 -12.0798668 -77.020556 50
5874072981 678.534032801824 171.0119283867843 -12.0800955 -77.02125030000001 50
5874072983 1041.415392269479 132.1722310865644 -12.0804466 -77.0179172 50
5874072984 980.1422144142393 137.8471854344807 -12.0803953 -77.01848 50
5967557101 479.0587014855135 13.49599279613517 -12.0815194 -77.0230825 50
5967557102 454.2903149152607 8.595398690677825 -12.0815637 -77.02331 50
8098882417 519.178044127885 260.0191071046502 -12.0792909 -77.02271399999999 50
8194737543 540.4407513686803 125.3136117968176 -12.0805086 -77.02251870000001 50
8539654682 465.6347803247464 737.2462621992239 -12.0749769 -77.0232058 50
8539654683 450.5777787284472 731.1841277301662 -12.0750317 -77.0233441 50
8891173334 903.6922757335043 37.63390778015889 -12.0813012 -77.0191822 50
