408629812 4442752493
4442752493 4442752490
4442752490 408629750
408629750 4270653070
4270653070 4442752495
4442752495 408629820
408629820 4471811961
4471811961 4471811968
4471811968 316629439
316629439 4471811963
4471811963 4471811975
4471811975 316629288
263360959 4471812006
4471812006 408629881
408629881 408629889
408629889 2945294607
2945294607 408629898
408629898 408629906
408629906 408629729
408629729 408629820
408629820 408629913
408629913 4172468610
4172468610 408629921
408630052 5967557101
5967557101 4442732805
4442732805 408629961
408629961 4172468616
4172468616 4442732808
4442732808 5874072772
5874072772 316629267
408630227 5874072955
5874072955 408630232
408630232 4442732806
4442732806 408629951
408629951 4442732804
4442732804 5967557102
5967557102 408630056
408629760 2871473965
2871473965 408629921
408630324 4172468605
4172468605 408629913
408629946 408630349
408629782 4172468600
4172468600 408629906
408629906 2177261770
2177261770 316629436
1658531441 408630429
408630429 316629435
408629796 4172468599
4172468599 408629881
408629881 4172468601
4172468601 411809455
411809455 411809463
411809489 411809463
411809463 5491440835
5491440835 316629520
408630368 4172468606
4172468606 4442732663
4442732663 408630393
408630042 411941462
411941462 1273882974
1273882974 411941465
411941465 411941473
411941518 411941587
411941587 411941593
411941593 411941600
411941600 4442913798
4442913798 5874072972
5874072972 5874072976
5874072976 5874072978
5874072978 5874072979
5874072979 411941607
411941593 4429302960
4429302960 4429302956
4429302956 4429297332
4429297332 411941619
411941619 1273586940
1273586940 411941465
411941726 411941718
411941718 5874072984
5874072984 411941710
411941710 411941524
411941718 411941759
411941759 411941765
411941765 5874072983
5874072983 411941769
316629416 412189088
412189088 412189087
412189087 4356341647
4356341647 4356341646
4356341641 411941393
411941393 412189093
412189093 411941607
411941607 5874072977
5874072977 5874072971
5874072971 412189097
412189097 412189101
412189088 412189097
412189107 316629417
411941373 4358041413
4358041413 412189109
412189109 4172468628
4172468628 412189110
412189110 412189111
412189087 412189113
412189113 412189111
412189111 412189114
412189114 412189115
412189115 412189116
412189113 4172468631
4172468631 316629418
412189143 412189147
412189147 4405806707
4405806707 4270043870
4270043870 1482412715
1482412715 412189152
412189152 4270043872
4270043872 4405806709
4405806709 4172468632
4172468632 4405806710
4405806710 4270043875
4270043875 412189154
412189154 4172468630
4172468630 4405806706
4405806706 4442775476
4442775476 4405806705
4405806705 412189157
412189157 412189143
316629275 5874072761
5874072761 412189116
411941363 4567948712
4567948712 4356375212
4356375212 5874072913
5874072913 412189175
412189175 5874072915
5874072915 5874072914
5874072914 412189176
412189176 412189177
412189177 412189178
412189178 412189179
412189179 412189180
316629278 412189182
412189184 5874072909
5874072909 8539654682
8539654682 316629521
412189192 412189186
412189186 8539654683
8539654683 5874072908
5874072908 316629281
412189116 412189180
316629422 412189204
412189204 5874072912
5874072912 4567948791
4567948791 412189198
412189101 412189105
412189105 4442913791
4442913791 1273544770
1273607335 1273935927
1273935927 4356505465
4356505465 4356505464
316629438 5874072767
5874072767 4471811965
4471811965 5874072769
5874072769 5874072894
5874072894 316629437
316629437 5874072893
5874072893 316629436
316629436 4172468618
4172468618 5874072765
5874072765 5874072895
5874072895 2986922531
2986922531 316629435
316629435 5874072896
5874072896 411809489
411809489 5874072907
5874072907 5874072897
5874072897 316629434
316629434 4356505464
4356505464 316629433
316629433 316629432
316629432 5874072764
5874072764 5874072908
411809390 411809398
411809398 408629898
408629898 4471811919
4471811919 411809407
411809407 411809416
316629519 411809455
411809455 408630433
408630433 2945294608
2945294608 411809407
411809407 2177261770
3235587567 412189084
412189084 412189083
412189083 412189082
412189082 412189081
412189081 412189080
412189080 412189079
412189079 4567948714
4567948714 411941363
411941363 4567948709
4567948709 411941370
411941370 411941373
411941373 1273981726
1273981726 4356341646
4356341646 411941393
411941393 4356341640
4356341640 411941403
411941403 411941408
411941408 411941415
411941415 411941422
411941422 4570591794
4570591794 4103906156
4103906156 408630017
408630017 2974860565
2974860565 8891173334
8891173334 411934844
411809416 2945294609
2945294609 1658531441
1658531441 408630433
408630433 4471811918
4471811918 4172468602
4172468602 408629889
408629889 408630436
408630436 408630441
408629921 408629927
408629927 5874072970
5874072970 408629932
408629932 408629937
408629937 408629941
408629941 408629946
408629946 1273538310
1273538310 408629951
408629951 4442732802
4442732802 408629961
316629287 4471811974
4471811974 4471811962
4471811962 316629438
316629438 4471811967
4471811967 4471811960
4471811960 408629729
408629729 4442752494
4442752494 4270653069
4270653069 408629733
408629733 4442752491
4442752491 4442752489
4442752489 408629740
411934904 4103906157
4103906157 411941280
411941280 411941289
411941289 411941297
411941297 411941304
411941304 411941309
411941309 4356341641
4356341641 1273796374
1273796374 411941313
411941313 411941320
411941320 3394759580
3394759580 411941329
411941329 3394759578
3394759578 1273842374
1273842374 411941342
411941342 4567948708
4567948708 411941345
408630227 4347809230
4347809230 5874072956
5874072956 4442732809
4442732809 316629267
316629267 316629268
316629268 316629269
316629269 316629270
316629270 411941649
411941649 5874072706
5874072706 316629271
316629271 316629272
316629272 412189107
412189107 316629273
316629273 316629274
316629274 4347809238
4347809238 316629275
316629275 316629276
316629276 4347809224
4347809224 5874072719
5874072719 316629277
316629277 316629278
316629278 412189108
412189108 316629279
316629279 4172468621
4172468621 316629280
316629280 412189184
412189184 4347809223
4347809223 316629281
316629281 316629282
316629282 316629283
316629283 2986922532
2986922532 316629284
316629284 4172468619
4172468619 316629285
316629285 316629286
316629286 316629287
316629287 316629288
316629288 316629264
316629264 316629265
316629265 316629266
316629266 408630227
4172468616 8194737543
4172468620 4172468621
412189105 4442989658
4442989658 412189106
412189106 316629414
408630358 4442732672
4442732672 4172468609
4172468609 408630353
408630393 4172468608
4172468608 408630358
408630353 408630349
408630349 408630388
408630388 5874072969
5874072969 5874072957
5874072957 4442732675
4442732675 408630368
411941619 411941634
411941634 5874072980
5874072980 411941646
411941646 5874072954
5874072954 411941649
4356341640 411941309
411941309 4357701408
4357701408 411941726
408629913 408629765
412189111 412189143
1273882974 5491440832
5491440832 5874072981
5874072981 5491440831
5491440831 5491440830
5491440830 1273586940
5491440835 1273935927
412189116 4172468624
4172468624 412189122
412189122 5874072916
5874072916 412189171
412189171 412189172
412189172 412189173
412189173 5874072917
5874072917 4356375213
4356375213 4567948711
4567948711 411941363
412189180 5874072762
5874072762 316629276
412189180 412189196
412189196 4567948790
4567948790 412189197
412189197 412189198
412189198 412189199
412189199 412189200
412189200 5874072910
5874072910 412189202
412189202 5874072911
5874072911 412189203
412189203 316629522
5874072777 412189086
412189086 5874072778
5874072778 316629419
316629419 5874072779
5874072779 412189085
412189085 5874072780
5874072780 316629418
316629418 5874072781
5874072781 316629417
316629417 5874072782
5874072782 5874072905
5874072905 316629416
316629416 5874072783
5874072783 316629415
316629415 316629414
316629414 5874072784
5874072784 5874072773
5874072773 5874072954
5874072954 5874072885
5874072885 316629412
316629412 411941473
411941473 5874072886
5874072886 316629411
316629411 5874072887
5874072887 316629410
316629410 5874072888
5874072888 5874072772
5874072772 8098882417
8098882417 4442732801
4442732801 5874072955
5874072955 5874072771
5874072771 5874072889
5874072889 316629442
316629442 4172468607
4172468607 5874072906
5874072906 5874072890
5874072890 408630324
408630324 316629441
316629441 5874072891
5874072891 316629440
316629440 5874072892
5874072892 5874072770
5874072770 4471811970
4471811970 316629439
316629439 5874072768
5874072768 316629438
5874072908 5874072763
5874072763 5874072909
5874072909 5874072901
5874072901 316629430
316629430 5874072898
5874072898 316629428
316629428 5874072899
5874072899 5874072904
5874072904 4172468620
4172468620 412189183
412189183 316629427
316629427 5874072903
5874072903 5874072900
5874072900 316629425
316629425 412189182
412189182 5874072902
5874072902 316629423
316629423 5874072774
5874072774 316629422
316629422 5874072775
5874072775 316629421
316629421 5874072776
5874072776 5874072762
5874072762 5874072761
5874072761 5874072777
1273544770 411941600
5874072971 5874072974
5874072974 5874072975
5874072975 5874072973
5874072973 5874072972
