42424757 42447209
42424757 5481922046
42447209 42447208
42447209 589928030
42447209 1332843611
42447208 42434129
42447208 5482291305
42434129 589928028
42434129 42444457
42434129 5482291307
589928028 42444456
589928028 589928029
589928028 589928042
42444456 42438707
42438707 42452330
42438707 596776656
42438707 5481977611
42452330 42445185
42452330 596776659
42452330 4980798182
42445185 42456162
42445185 596776578
42445185 42445189
42456162 42443818
42456162 596776613
42456162 5481978523
42443818 596776594
42443818 5481978522
596776594 42443817
596776594 596776613
42443817 42446169
42443817 42435211
42443817 3023172096
42446169 596776613
42446169 42445183
596776613 596776578
596776578 596776659
596776578 5481977615
596776659 596776656
596776659 5481977613
596776656 42438704
596776656 596776654
42438704 42446171
42438704 4207764477
42438704 4577988774
42446171 3023173318
42446171 5481977613
3023173318 42445183
42445183 5481977615
4207764477 42444453
42444453 42434122
42434122 42434117
42434122 589928042
42434122 42446177
42434117 4207764479
42434117 3846051360
5475082071 42429552
42429552 42435207
42429552 3023172096
42435207 42435211
3023173650 42438702
42438702 4577988774
42438702 4207764479
42446187 42446184
42446187 42446190
42446187 589928037
42446184 589928038
42446184 2799368116
42448979 42446182
42446182 589928040
42446182 2799368116
42446182 42446177
589928040 589928030
589928040 589928039
589928040 589928041
589928030 589928033
589928030 3627799978
589928033 589928034
589928033 589928039
589928033 5481922046
589928034 589928035
589928034 589928038
589928035 589928020
589928035 589928037
589928020 589927991
589927991 373850916
589927991 5482250748
589927991 5482250750
5482250748 42446190
42446190 4207675399
5482250750 589928037
589928037 589928038
589928038 589928039
589928039 2799368116
3627799978 589928029
589928029 589928041
589928041 589928042
589928041 42446177
589928042 596776654
42446177 4970616806
5481978523 42447206
42447206 42445189
42445189 42445196
42445189 42447207
42447207 42438772
42447207 4980798182
42447207 5482291259
42438772 42444457
42438772 5481977611
42438772 5482291303
5482291303 42438774
5482291259 42450083
5482291307 42434131
42434131 4980798211
4980798211 42444458
