42424757 2273.740523041618 582.7947160627439 40.8069238 -73.9355687 50
42447209 2235.924740157275 512.6748358923405 40.806296 -73.936016 50
5481922046 2185.917953713324 631.7937466958351 40.8073625 -73.93660749999999 50
42447208 2197.457981353656 442.7560002956543 40.80567 -73.936471 50
589928030 2110.066577891529 582.3702886261042 40.80692 -73.93750470000001 50
1332843611 2294.132132323183 481.0661610143886 40.806013 -73.9353275 50
42434129 2158.881317525096 373.1610698487493 40.8050469 -73.93692729999999 50
5482291305 2255.521651564534 410.8010819836895 40.8053839 -73.9357842 50
589928028 2033.166877215456 443.1804277330045 40.8056738 -73.93841430000001 50
42444457 2116.838418288175 299.2660193220254 40.8043853 -73.9374246 50
5482291307 2211.492007641848 344.288835022237 40.8047884 -73.936305 50
42444456 1991.766499665289 368.235477756442 40.8050028 -73.93890399999999 50
589928029 2071.811174907421 513.1216016146331 40.8063 -73.9379572 50
589928042 2009.199127500588 456.5275536961743 40.8057933 -73.9386978 50
42438707 1950.070223969312 292.7655780570917 40.8043271 -73.9393972 50
42452330 1911.366746650767 222.7127127436468 40.8036999 -73.93985499999999 50
596776656 1926.203925045787 305.9116594458338 40.8044448 -73.9396795 50
5481977611 1974.029519451658 279.362606376948 40.8042071 -73.9391138 50
42445185 1872.688632028713 152.7045240036389 40.8030731 -73.9403125 50
596776659 1887.593444287138 235.8364558474465 40.8038174 -73.9401362 50
4980798182 1916.836635209938 219.6523675431365 40.8036725 -73.9397903 50
42456162 1833.553988841849 81.8586495324675 40.8024388 -73.94077540000001 50
596776578 1849.059051622266 165.9064511086444 40.8031913 -73.940592 50
42445189 1998.140991124783 82.60698211817783 40.8024455 -73.93882859999999 50
42443818 1795.163318133083 12.36424137384199 40.8018166 -73.94122950000001 50
596776613 1809.975133830536 94.99356177909362 40.8025564 -73.9410543 50
5481978523 1892.953427821368 48.77564777087912 40.8021426 -73.9400728 50
596776594 1771.626734285457 25.39863133218864 40.8019333 -73.9415079 50
5481978522 1803.642913535805 7.673201286573203 40.8017746 -73.94112920000001 50
42443817 1645.76011778934 95.09408406666273 40.8025573 -73.94299669999999 50
42446169 1682.087955718565 166.2080179706413 40.803194 -73.942567 50
42435211 1608.561493890957 23.68975244351373 40.801918 -73.94343670000001 50
3023172096 1602.533625973482 119.0295576580414 40.8027716 -73.94350799999999 50
42445183 1721.400137790548 237.243767873414 40.80383 -73.94210200000001 50
5481977615 1814.887043032479 185.0056857524586 40.8033623 -73.9409962 50
5481977613 1856.608681426023 252.936413881284 40.8039705 -73.9405027 50
42438704 1800.447213574611 374.9593018828772 40.805063 -73.94116699999999 50
596776654 1967.824112646912 381.4485740042741 40.8051211 -73.93918720000001 50
42446171 1759.52872728682 306.4924548863061 40.80445 -73.94165099999999 50
4207764477 1822.394401673625 412.4652842996377 40.8053988 -73.9409074 50
4577988774 1751.564840078714 402.6699458298658 40.8053111 -73.9417452 50
3023173318 1729.820553564539 252.534324731718 40.8039669 -73.94200240000001 50
42444453 1844.493765961267 450.2393261506263 40.805737 -73.940646 50
42434122 1886.004048538526 525.1507686972885 40.8064077 -73.940155 50
42434117 1749.383648041709 601.2461404084167 40.807089 -73.941771 50
42446177 1923.540841744255 596.4545780328684 40.8070461 -73.939711 50
4207764479 1694.566403188234 502.0641499784788 40.806201 -73.94241940000001 50
3846051360 1763.299315072438 626.5665877393997 40.8073157 -73.9416064 50
5475082071 1500.23741025508 175.7129587198218 40.8032791 -73.94471799999999 50
42429552 1510.46703182649 170.005526613325 40.803228 -73.944597 50
42435207 1472.000273023947 99.75161672616281 40.802599 -73.945052 50
3023173650 1632.021989644806 469.9305253763181 40.8059133 -73.9431592 50
42438702 1666.278540561967 451.0211661648158 40.805744 -73.94275399999999 50
42446187 2078.76900842171 873.036067787071 40.8095224 -73.9378749 50
42446184 2040.24306998936 803.5081521985454 40.8088999 -73.9383306 50
42446190 2118.334817476892 944.440399411641 40.8101617 -73.9374069 50
589928037 2201.397653792947 805.3063842326735 40.808916 -73.93642440000001 50
589928038 2162.837898430507 735.3205337783183 40.8082894 -73.9368805 50
2799368116 2001.336691085977 733.2877497398624 40.8082712 -73.93879080000001 50
42448979 1826.317165647871 740.3019715861785 40.808334 -73.940861 50
42446182 1963.072833868271 664.2512764470664 40.8076531 -73.9392434 50
589928040 2085.929743522988 595.7732603062479 40.80704 -73.93779019999999 50
589928039 2124.193600740693 665.7144341885869 40.8076662 -73.93733760000001 50
589928041 2047.648977838087 526.3011904325648 40.806418 -73.938243 50
589928033 2147.172205230015 653.4172076724137 40.8075561 -73.9370658 50
3627799978 2074.854698678911 518.6391582895285 40.8063494 -73.93792120000001 50
589928034 2187.118454756229 721.8170398113159 40.8081685 -73.9365933 50
589928035 2225.754298213521 791.758213693655 40.8087947 -73.9361363 50
589928020 2264.212602783542 861.3643132833863 40.8094179 -73.93568140000001 50
589927991 2239.915137992774 875.2028815422858 40.8095418 -73.9359688 50
373850916 2284.350585085136 949.8574337989673 40.8102102 -73.93544319999999 50
5482250748 2180.042261983402 909.3022753238126 40.8098471 -73.936677 50
5482250750 2213.461843862569 827.1867354999433 40.8091119 -73.93628169999999 50
4207675399 2199.892800372784 1095.22383080793 40.8115117 -73.9364422 50
4970616806 1796.499086900648 666.0495084797734 40.8076692 -73.94121370000001 50
42447206 1959.16697835907 11.90630650801256 40.8018125 -73.9392896 50
42445196 2133.434077085481 7.003052702068658 40.8017686 -73.9372283 50
42447207 2036.827559977208 152.469971999311 40.803071 -73.938371 50
42438772 2075.463403433424 222.6121904567881 40.803699 -73.93791400000001 50
5482291259 2106.786335602961 113.556677556583 40.8027226 -73.9375435 50
5482291303 2159.092673342456 176.1150478708087 40.8032827 -73.9369248 50
42438774 2211.069296006053 147.2204747579332 40.803024 -73.93631000000001 50
42450083 2172.17982556879 77.18994773156197 40.802397 -73.93677 50
42434131 2293.52342756867 299.2660193220254 40.8043853 -73.9353347 50
4980798211 2257.964924816185 235.0099392605304 40.80381 -73.9357553 50
42444458 2252.503490489536 225.1364167895527 40.8037216 -73.9358199 50
