186159386 9.038132009497534 365.6504781924793 -22.9112136 -43.2082096 50
186159388 139.5011567306515 405.6618410160149 -22.9108523 -43.2069379 50
331658559 663.7025543970608 338.2416426020944 -22.9114611 -43.2018282 50
331658635 763.5118464859473 74.96178105513491 -22.9138385 -43.2008553 50
331658725 774.4478836298283 360.7999448637191 -22.9112574 -43.2007487 50
331658726 772.4884248161339 204.0214052863087 -22.9126731 -43.2007678 50
331658752 835.3962857577623 372.9705752937494 -22.9111475 -43.2001546 50
331658754 839.243390756134 216.6128582419867 -22.9125594 -43.2001171 50
331658804 819.7103563089431 580.912274640207 -22.9092698 -43.2003075 50
331658806 907.3525376553313 325.7830809701012 -22.9115736 -43.1994532 50
331658808 909.558211188227 230.9761955193323 -22.9124297 -43.1994317 50
331658809 904.1825231359055 18.3943741069383 -22.9143493 -43.1994841 50
331658857 970.6399796218785 243.9773967249463 -22.9123123 -43.1988363 50
331658858 982.7455366857187 37.54179905102569 -22.9141764 -43.1987183 50
331658859 1001.119310160046 0 -22.9145154 -43.1985392 50
331658889 1020.857523540666 253.4126807343927 -22.9122271 -43.1983468 50
331658891 1028.838984044341 146.2358278671857 -22.9131949 -43.198269 50
331658908 1063.165419580881 262.1392110148198 -22.9121483 -43.1979344 50
331658909 1083.180624521336 147.7973009253252 -22.9131808 -43.1977393 50
331659006 1245.087320765883 112.0495347491515 -22.9135036 -43.1961611 50
331659007 1095.994048904103 673.3381905343733 -22.9084352 -43.1976144 50
331659196 609.207029720157 172.492938649015 -22.9129578 -43.2023594 50
331661511 364.03872235438 86.61192046578537 -22.9137333 -43.2047492 50
331661643 0 113.6996020231982 -22.9134887 -43.2082977 50
331661644 12.98782647556274 125.9809752230246 -22.9133778 -43.2081711 50
331661645 74.10037174984859 147.6865581551769 -22.9131818 -43.2075754 50
331661782 20.59996490010916 326.9237315015364 -22.9115633 -43.2080969 50
331661798 150.7244443801587 368.1200419649891 -22.9111913 -43.2068285 50
331661799 204.8506469766288 188.9825371113052 -22.9128089 -43.2063009 50
436321586 1013.840404022868 407.9985134644877 -22.9108312 -43.1984152 50
476497952 963.8998516652219 400.0582568511622 -22.9109029 -43.198902 50
476497953 885.7471959816147 384.8754230753535 -22.91104 -43.1996638 50
498695878 1331.92930427144 318.5294295308496 -22.9116391 -43.1953146 50
498703221 544.5448888995688 158.7497608840769 -22.9130819 -43.2029897 50
498713796 567.1658662926832 501.9637538622003 -22.9099827 -43.2027692 50
498713802 1018.785216314792 310.3233902687456 -22.9117132 -43.198367 50
498713803 1095.286181584524 310.5891729175241 -22.9117108 -43.1976213 50
498713807 1108.222713327219 271.0540040048865 -22.9120678 -43.1974952 50
498713808 1144.129026649269 151.9058576947613 -22.9131437 -43.1971452 50
498713812 796.8739410353039 495.4077818748475 -22.9100419 -43.2005301 50
498713817 448.931505995949 464.3112120417308 -22.9103227 -43.2039217 50
498713917 975.4514256074328 145.6156683551304 -22.9132005 -43.1987894 50
498713918 907.619270268724 144.9290631810565 -22.9132067 -43.1994506 50
498713921 840.6283485559655 143.0132132585835 -22.913224 -43.2001036 50
498713922 771.8318522307267 141.5071115860465 -22.9132376 -43.2007742 50
525158911 1300.054756987651 311.3975951388668 -22.9117035 -43.1956253 50
525159056 1229.503980782799 297.875902913873 -22.9118256 -43.196313 50
525159166 1109.084464846708 677.5907129049669 -22.9083968 -43.1974868 50
525159245 1234.243614141947 715.5533344823447 -22.908054 -43.1962668 50
642708962 375.7031447113798 440.4461450929201 -22.9105382 -43.2046355 50
814276693 645.7391387889394 446.5702202771526 -22.9104829 -43.2020033 50
814276694 620.6560141966322 518.9406205128611 -22.9098294 -43.2022478 50
814276695 596.0550600975899 594.0906642776355 -22.9091508 -43.2024876 50
851256291 590.7511846723276 428.3641088787971 -22.9106473 -43.2025393 50
868892922 30.85891156373892 134.2645344239154 -22.913303 -43.2079969 50
1111981236 453.2094867540652 452.450661367552 -22.9104298 -43.20388 50
1111981242 442.6017359041931 462.2403222413319 -22.9103414 -43.2039834 50
1111981251 396.2312969844299 373.3581749890922 -22.911144 -43.2044354 50
1111981253 472.732262254813 394.3217813612159 -22.9109547 -43.2036897 50
1482077079 520.1901495210332 149.1705112741774 -22.9131684 -43.2032271 50
1482077091 536.0094452755698 155.7929289239009 -22.9131086 -43.2030729 50
1482077188 363.0230866356347 90.38824892477669 -22.9136992 -43.2047591 50
1483294250 500.1031319535182 283.0917431108797 -22.9119591 -43.2034229 50
1483294252 573.4033058638412 293.9002374688262 -22.9118615 -43.2027084 50
1672517196 693.7920449612559 464.0122065615908 -22.9103254 -43.2015349 50
1672517242 1002.319606919334 641.8650952826821 -22.9087194 -43.1985275 50
1672517246 1005.725577212171 569.2621352295565 -22.909375 -43.1984943 50
1672517251 903.9157905225128 52.1819932532137 -22.9140442 -43.1994867 50
1786646622 580.6563811550496 327.9314907092868 -22.9115542 -43.2026377 50
1786646625 656.9111317055787 320.4342051758499 -22.9116219 -43.2018944 50
1786804119 502.3088054864139 134.2645344239154 -22.913303 -43.2034014 50
1837857515 782.9115146267682 570.3141915454366 -22.9093655 -43.2006662 50
1839085356 772.2422100969325 567.0251312741113 -22.9093952 -43.2007702 50
2016850863 478.8671123589301 375.9274072542776 -22.9111208 -43.2036299 50
2135463876 1105.062957754236 367.7767393774239 -22.9111944 -43.197526 50
2135485142 1059.287537741874 585.4305796588746 -22.909229 -43.1979722 50
2135485146 924.0028080900278 540.9562832015694 -22.9096306 -43.1992909 50
2135486131 1020.990889847037 278.174764120101 -22.9120035 -43.1983455 50
2135486132 1104.724412515088 283.2135601581485 -22.911958 -43.1975293 50
2283565687 1195.60842100731 290.2900231645289 -22.9118941 -43.1966434 50
2344500268 813.1754072837581 599.3177230242658 -22.9091036 -43.2003712 50
2344500271 815.3810808166538 593.2268706710425 -22.9091586 -43.2003497 50
2344500272 808.8461317914688 577.83362563241 -22.9092976 -43.2004134 50
2344500274 808.8461317914688 610.80174827987 -22.9089999 -43.2004134 50
2344500276 844.9576240469496 589.1958338407455 -22.909195 -43.2000614 50
2344500279 792.8113981564073 572.7726810404738 -22.9093433 -43.2005697 50
2446667868 1139.317580664369 173.1130981614225 -22.9129522 -43.1971921 50
2446667869 1021.144774047597 573.7139945862057 -22.9093348 -43.198344 50
2446667870 1133.398168438819 192.814236955899 -22.9127743 -43.1972498 50
2446671178 1084.975940188026 315.7940831102657 -22.9116638 -43.1977218 50
2446673353 985.1256123114092 24.75100910893997 -22.9142919 -43.1986951 50
2446674368 989.6600667371277 14.42978293865968 -22.9143851 -43.1986509 50
2446674371 911.4150805342279 300.5337293953179 -22.9118016 -43.1994136 50
2446674373 903.9157905225128 38.22840422509961 -22.9141702 -43.1994867 50
2446674374 910.6559184811271 313.6678219249689 -22.911683 -43.199421 50
2446676350 837.4583340371923 358.4743466923667 -22.9112784 -43.2001345 50
2446679082 1001.601480653311 407.9985134644877 -22.9108312 -43.1985345 50
2446679083 1008.474974918295 408.4747073757378 -22.9108269 -43.1984675 50
2446683611 834.0831405843373 539.1511760495969 -22.9096469 -43.2001674 50
2446683612 787.2510490661531 523.5585940249088 -22.9097877 -43.2006239 50
2446686137 405.6079742356844 348.1863433538001 -22.9113713 -43.204344 50
2446686138 405.7208226485158 374.4766769662864 -22.9111339 -43.2043429 50
2446686141 426.5670022691316 377.5553259740834 -22.9111061 -43.2041397 50
2446686142 410.0603570865956 354.166452936875 -22.9113173 -43.2043006 50
2446686143 415.415527246031 362.0956352734323 -22.9112457 -43.2042484 50
2446691204 562.2313129472019 500.291538034617 -22.9099978 -43.2028173 50
2446692136 502.2575107522409 308.4296889012181 -22.9117303 -43.2034019 50
2446692137 545.1604256992039 295.9600529921045 -22.9118429 -43.2029837 50
2446693423 418.790720698886 253.0029324851612 -22.9122308 -43.2042155 50
2446695684 566.7349905335913 161.640147183291 -22.9130558 -43.2027734 50
2446713306 176.2794805186352 291.2867080958632 -22.9118851 -43.2065794 50
2446713312 305.1523685065285 222.2496652382008 -22.9125085 -43.2053232 50
2446713321 43.58000542656153 249.946432031253 -22.9122584 -43.2078729 50
2446713695 148.6418782071899 375.0303908166755 -22.9111289 -43.2068488 50
2446717067 358.2629353836008 475.8506086815286 -22.9102185 -43.2048055 50
2446719386 884.516122381692 601.9866237828312 -22.9090795 -43.1996758 50
2446724818 993.0660370286594 8.505044740482788 -22.9144386 -43.1986177 50
2915314571 5.765528024336062 120.4438367194861 -22.9134278 -43.2082415 50
2917465276 547.5199834320084 495.5960445841348 -22.9100402 -43.2029607 50
2917465279 510.6903649098516 483.469711261882 -22.9101497 -43.2033197 50
2917465296 412.276289566587 452.3399185974037 -22.9104308 -43.204279 50
2917467221 534.9527737690945 412.1292187874604 -22.9107939 -43.2030832 50
2917467238 476.9179124936366 382.0625567159827 -22.9110654 -43.2036489 50
2917467262 397.995835811138 369.8144063464612 -22.911176 -43.2044182 50
2917467267 399.2782041439286 366.51427179872 -22.9112058 -43.2044057 50
2917467289 408.1521930083795 337.9647856765476 -22.9114636 -43.2043192 50
2917467305 410.327089700641 331.0544368248613 -22.911526 -43.204298 50
2917467324 556.311900722957 298.5514338115308 -22.9118195 -43.202875 50
2917467325 564.0779233467597 298.4185424871416 -22.9118207 -43.2027993 50
2917467328 569.7921566388804 297.3221890638362 -22.9118306 -43.2027436 50
2917467337 421.417011043778 299.1051476619199 -22.9118145 -43.2041899 50
2917467353 486.284330797143 277.5656788844616 -22.912009 -43.2035576 50
2917467395 333.2208465777184 230.0238076968322 -22.9124383 -43.2050496 50
2917467400 325.4958597403406 202.736789153716 -22.9126847 -43.2051249 50
2917467401 326.6858975525334 198.6171581071594 -22.9127219 -43.2051133 50
2917467403 335.9805032302857 171.5184022729783 -22.9129666 -43.2050227 50
3711818026 1093.162579624478 684.1023877845422 -22.908338 -43.197642 50
3711839825 973.5022257421393 726.1846404081243 -22.907958 -43.1988084 50
3711839826 1071.485425325006 664.3569518822882 -22.9085163 -43.1978533 50
3711839925 1079.128340588883 666.9704812556033 -22.9084927 -43.1977788 50
3741766293 983.3713324311442 635.7742429294588 -22.9087744 -43.1987122 50
3741766294 977.7289117673877 633.9248386693564 -22.9087911 -43.1987672 50
3867199817 434.2099175330072 380.9772775694456 -22.9110752 -43.2040652 50
4093533594 528.9923257577723 153.267993766493 -22.9131314 -43.2031413 50
4217617519 1110.972111033343 363.4023999602659 -22.9112339 -43.1974684 50
4217617520 1113.865133991628 351.0878039294303 -22.9113451 -43.1974402 50
4217617521 1111.17728996612 326.8019144546199 -22.9115644 -43.1974664 50
4217617522 1105.329690367628 318.6623208548866 -22.9116379 -43.1975234 50
4217617523 1089.233403052604 314.9745866118026 -22.9116712 -43.1976803 50
4266219527 428.5264610815207 457.6444972835253 -22.9103829 -43.2041206 50
4266219531 171.0268998275459 306.270204884912 -22.9117498 -43.2066306 50
4266219535 178.8852529719464 280.7882934934162 -22.9119799 -43.206554 50
4266219536 39.77393621396203 262.6707763113201 -22.9121435 -43.20791 50
4266219540 46.14474209214268 241.3306445202696 -22.9123362 -43.2078479 50
4266241794 490.6136062894323 399.7813999256155 -22.9109054 -43.2035154 50
4833707672 697.1774973599014 446.7917058174491 -22.9104809 -43.2015019 50
4833707696 502.1856981258343 291.0541482784462 -22.9118872 -43.2034026 50
4833707697 503.0166728053416 296.026498654123 -22.9118423 -43.2033945 50
4833707698 503.1602980588073 301.5525628801888 -22.9117924 -43.2033931 50
4833707699 421.406752097335 369.9694462250914 -22.9111746 -43.20419 50
4833707700 418.8625333246399 376.1821156252312 -22.9111185 -43.2042148 50
4833707701 411.6402348740658 374.9528708775364 -22.9111296 -43.2042852 50
4833756768 576.0501141029246 306.7685473504031 -22.9117453 -43.2026826 50
4833756790 652.4997846397872 306.7353245193938 -22.9117456 -43.2019374 50
4833756791 578.0095729159663 316.0266429276827 -22.9116617 -43.2026635 50
5084466674 149.6780318201265 371.5752163910084 -22.9111601 -43.2068387 50
5084466682 23.08262999284069 318.6069494699886 -22.9116384 -43.2080727 50
5226463691 997.3440177874281 622.9059330475295 -22.9088906 -43.198576 50
5226463692 1012.219490450278 611.7652103798429 -22.9089912 -43.198431 50
5226463693 1008.423680184122 623.7143552695768 -22.9088833 -43.198468 50
5226463694 999.0264850399815 615.0431963733432 -22.9089616 -43.1985596 50
5226478875 939.4117459783586 621.5437969757979 -22.9089029 -43.1991407 50
5232473572 1004.740718332102 577.3352831672712 -22.9093021 -43.1985039 50
5232473574 843.5111125684598 512.428945633638 -22.9098882 -43.2000755 50
5232473585 834.4319447705798 538.1544911189669 -22.9096559 -43.200164 50
5232473598 836.565805677069 532.1079358738735 -22.9097105 -43.2001432 50
5232498441 994.2458158950616 632.0089887472358 -22.9088084 -43.1986062 50
5233879832 971.8813121695495 557.1800990157856 -22.9094841 -43.1988242 50
5396574045 976.7953476208395 715.398294604419 -22.9080554 -43.1987763 50
5475059476 1066.745791966511 758.4440093272694 -22.9076667 -43.1978995 50
6123271114 156.1411682182524 351.6304435023467 -22.9113402 -43.2067757 50
6314867312 186.5281682364745 258.5511452647635 -22.9121807 -43.2064795 50
7400527032 156.1309092718093 174.1097830920524 -22.9129432 -43.2067758 50
7476863300 705.2410294370784 546.1722676714314 -22.9095835 -43.2014233 50
7979944468 1113.311150872609 357.9317071187459 -22.9112833 -43.1974456 50
7991928424 441.2885907314208 267.08941283696 -22.9121036 -43.2039962 50
7991928425 437.8826204392366 269.0052627590808 -22.9120863 -43.2040294 50
7991928426 435.0614101067058 270.8878898498401 -22.9120693 -43.2040569 50
7991928427 433.1327281336459 272.8369626029702 -22.9120517 -43.2040757 50
7991928428 427.0491727623966 270.0351705203677 -22.912077 -43.204135 50
7991928429 426.1566444022731 266.4028076621817 -22.9121098 -43.2041437 50
7991928430 424.433141363295 262.5046621559216 -22.912145 -43.2041605 50
7991928431 448.2338976215065 262.3053251702183 -22.9121468 -43.2039285 50
7991928432 428.0135137489266 278.7838493550358 -22.911998 -43.2041256 50
7991949994 587.9197153927012 416.7471922991558 -22.9107522 -43.2025669 50
7991949995 586.5552754864084 418.5855222824898 -22.9107356 -43.2025802 50
7991949996 584.3188251141834 420.2577381100731 -22.9107205 -43.202602 50
7991949997 580.3486127552321 422.1846623093144 -22.9107031 -43.2026407 50
7991949998 592.6696076982919 418.2532939723973 -22.9107386 -43.2025206 50
7991949999 594.7624328170511 422.5611877275367 -22.9106997 -43.2025002 50
7991950000 596.8962937235403 427.1791612388799 -22.910658 -43.2024794 50
7991950001 599.5738788026055 431.2434209008907 -22.9106213 -43.2024533 50
7991950002 590.0125405127656 412.4392985440164 -22.9107911 -43.2025465 50
7991950003 576.5322845961896 423.6243183205373 -22.9106901 -43.2026779 50
7991974975 991.8759992164665 638.8196691055421 -22.9087469 -43.1986293 50
7991974976 995.8872473618427 661.1786343814636 -22.908545 -43.1985902 50
7999075820 999.2624408140451 651.267156460767 -22.9086345 -43.1985573 50
7999075821 1108.294525954278 321.7409698626836 -22.9116101 -43.1974945 50
7999813838 567.6685546794869 257.2443805782821 -22.9121925 -43.2027643 50
7999813840 976.5593918474285 112.093831856929 -22.9135032 -43.1987786 50
7999856478 513.1114763226196 144.1760123442596 -22.9132135 -43.2032961 50
7999856482 261.264594679497 206.2141121336241 -22.9126533 -43.205751 50
7999869994 1005.797389837925 632.0754344085498 -22.9088078 -43.1984936 50
8001962929 19.94339231404928 130.3553146401826 -22.9133383 -43.2081033 50
8002303814 929.357978248158 542.7724646306625 -22.9096142 -43.1992387 50
8006177960 102.8459403019422 156.9335794553361 -22.9130983 -43.2072952 50
8034515264 1024.714887486786 201.9726640401509 -22.9126916 -43.1983092 50
8511201385 702.337747531698 455.7286473610523 -22.9104002 -43.2014516 50
8763931555 484.6018635445895 398.0538127131342 -22.910921 -43.203574 50
8840164344 1073.896277791332 746.6609785929342 -22.9077731 -43.1978298 50
8840164345 800.3825007945289 639.1186745849776 -22.9087442 -43.2004959 50
8840164346 795.7351979559791 647.7344620956087 -22.9086664 -43.2005412 50
8840164347 789.6413836382868 654.5783652856287 -22.9086046 -43.2006006 50
8840164348 792.5036297572424 651.400047784804 -22.9086333 -43.2005727 50
8840164349 797.9408714888748 644.8330015203308 -22.9086926 -43.2005197 50
8842302700 708.575187102856 468.2425803782957 -22.9102872 -43.2013908 50
8842601862 309.2662061176404 220.355963870321 -22.9125256 -43.2052831 50
8842601863 313.1030521708742 217.9639200373023 -22.9125472 -43.2052457 50
8842601864 320.1509485286535 211.4300966031339 -22.9126062 -43.205177 50
8842601865 323.1260430604405 207.2661684487997 -22.9126438 -43.205148 50
8842601866 316.6218708758898 215.1289051236906 -22.9125728 -43.2052114 50
8842601867 317.1450771562321 225.6051711711923 -22.9124782 -43.2052063 50
8866211054 365.4134212077684 471.1329666771576 -22.9102611 -43.2047358 50
8866211055 369.1271599004226 462.6500704902113 -22.9103377 -43.2046996 50
8866696754 1077.815195416762 737.8237055413022 -22.9078529 -43.1977916 50
8939847901 173.530082812511 299.1162219390404 -22.9118144 -43.2066062 50
8939847909 362.0382277549134 474.5549182718154 -22.9102302 -43.2047687 50
8974368429 1002.535044799207 591.9090317074407 -22.9091705 -43.1985254 50
8974368430 1199.301641806425 273.9333160262756 -22.9120418 -43.1966074 50
8976139471 212.1652759484533 191.1863182353888 -22.912789 -43.2062296 50
