476497952 2446679082
2446679082 2446679083
2446679083 436321586
331658635 498713922
498713922 331658726
2344500274 2344500268
2344500268 2344500271
2344500271 331658804
2446667869 5226463692
5226463692 5226463693
5226463693 7999869994
7999869994 1672517242
331658909 331658908
498713817 2917465279
2917465279 2917465276
2917465276 2446691204
2446691204 498713796
498713796 814276694
814276694 7476863300
331659196 4833756790
4833756790 1786646625
1786646625 331658559
331661645 4266219540
4266219540 2446713321
2446713321 4266219536
4266219536 5084466682
5084466682 331661782
331661782 186159386
186159388 2446713695
2446713695 5084466674
5084466674 331661798
331661798 6123271114
6123271114 4266219531
4266219531 8939847901
8939847901 2446713306
2446713306 4266219535
4266219535 6314867312
6314867312 331661799
498713917 7999813840
7999813840 331658858
331658858 2446673353
2446673353 2446674368
2446674368 2446724818
2446724818 331658859
436321586 2135463876
2135463876 4217617519
4217617519 7979944468
7979944468 4217617520
4217617520 4217617521
4217617521 7999075821
7999075821 4217617522
4217617522 498713803
498713803 4217617523
4217617523 2446671178
2446671178 498713802
498713812 8842302700
8842302700 1672517196
1672517196 814276693
814276693 7991950001
7991950001 851256291
851256291 7991950003
7991950003 2917467221
2917467221 4266241794
4266241794 8763931555
8763931555 1111981253
1483294250 4833707696
4833707696 4833707697
4833707697 4833707698
4833707698 2446692136
2446692136 2016850863
2016850863 2917467238
2917467238 1111981253
1111981253 1111981236
1111981236 498713817
498713808 331658909
642708962 2917465296
2917465296 4266219527
4266219527 1111981242
1111981242 498713817
642708962 1111981251
2344500276 2446719386
2446719386 5226478875
5226478875 3741766294
3741766294 3741766293
3741766293 7991974975
7991974975 1672517242
1672517242 3711839826
3711839826 3711839925
3711839925 331659007
331659007 525159166
2917467395 8842601867
8842601867 2446713312
7991928431 2917467353
2917467353 1483294250
7400527032 8006177960
8006177960 331661645
331661645 868892922
868892922 8001962929
8001962929 331661644
331661644 2915314571
2915314571 331661643
2446692137 2917467324
2917467324 2917467325
2917467325 2917467328
2917467328 1483294252
436321586 498713802
498713802 2135486131
2135486131 331658889
2135486131 2135486132
7991950002 1786646622
1786646622 4833756791
4833756791 4833756768
4833756768 1483294252
1483294252 7999813838
7999813838 498703221
498713807 2446667870
2446667870 2446667868
2446667868 498713808
331658889 8034515264
8034515264 331658891
331658808 498713918
498713918 1672517251
1672517251 2446674373
2446674373 331658809
331658752 498713812
498713812 2446683612
2446683612 1839085356
1111981253 3867199817
3867199817 2446686141
498695878 525158911
525158911 525159056
2446686141 4833707700
4833707700 4833707701
4833707701 2446686138
2446686138 1111981251
7991974976 5396574045
5396574045 3711839825
5475059476 8840164344
8840164344 8866696754
8866696754 3711818026
3711818026 331659007
331661511 1482077188
1482077188 2917467403
2917467403 2917467401
2917467401 2917467400
331658804 2446683611
2446683611 5232473585
5232473585 5232473598
5232473598 5232473574
5232473574 476497953
476497953 331658806
331658806 2446674374
2446674374 2446674371
2446674371 331658808
814276695 814276694
7991974975 5232498441
5232498441 5226463691
5226463691 5226463694
5226463694 8974368429
8974368429 5232473572
5232473572 1672517246
2135485142 2446667869
2446667869 1672517246
1672517246 5233879832
5233879832 8002303814
8002303814 2135485146
331658808 331658754
331658754 331658726
331658726 331659196
331659196 2446695684
2446695684 498703221
498703221 1482077091
1482077091 4093533594
4093533594 1482077079
1482077079 7999856478
7999856478 1786804119
1111981251 2917467262
2446686141 4833707699
4833707699 2446686143
2446686143 2446686142
2446686142 2446686137
2917467262 2917467267
2917467267 2446686137
2446686137 2917467289
2917467289 2917467305
2917467305 2917467337
2917467337 7991928432
2446717067 8939847909
8939847909 8866211054
8866211054 8866211055
8866211055 642708962
331658725 331658726
331658804 2344500276
8840164347 8840164348
8840164348 8840164346
8840164346 8840164349
8840164349 8840164345
8840164345 2344500274
2283565687 498713807
498713807 331658908
331658908 331658889
331658889 331658857
331658857 331658808
2446713312 7999856482
7999856482 8976139471
8976139471 331661799
331661799 7400527032
525159056 2283565687
525159166 525159245
7476863300 1839085356
1839085356 1837857515
1837857515 2344500279
2344500279 2344500272
2344500272 331658804
7991928432 7991928427
7991928427 7991928426
7991928426 7991928425
7991928425 7991928424
7991928424 7991928431
7991928432 7991928428
7991928428 7991928429
7991928429 7991928430
7991928430 2446693423
7991950003 7991949997
7991949997 7991949996
7991949996 7991949995
7991949995 7991949994
7991949994 7991950002
7991950001 7991950000
7991950000 7991949999
7991949999 7991949998
7991949998 7991950002
1672517242 7999075820
7999075820 7991974976
331658857 498713917
331658857 476497952
498713917 331658891
498713921 498713918
498713918 498713917
498713922 498713921
331658754 2446676350
2446676350 331658752
331658754 498713921
331658752 476497953
331658559 331658725
1672517246 436321586
4833707672 8511201385
8511201385 8842302700
814276694 814276693
498713803 2135486132
2135486132 498713807
476497952 476497953
331658891 331658909
331658725 331658752
331658559 4833707672
4833707672 1672517196
2917467400 8842601865
8842601865 8842601864
8842601864 8842601866
8842601866 8842601863
8842601863 8842601862
8842601862 2446713312
2917467395 2446693423
1483294250 2446692137
2446693423 7991928431
331659006 8974368430
8974368430 2283565687
