148385552 142778666
148385552 148386031
148385552 148385577
142778665 148386771
148386771 142778663
148386771 2322568810
142778663 148386613
142778663 1210313638
148386613 148386030
148386613 148388114
148386030 148386031
148386030 148386611
148386030 148387041
148386031 142826986
148386031 2322568810
142826986 142826984
142826986 763698082
142826984 148386611
142826984 2217941634
763698082 1210535563
1210535563 148385577
1210535563 3715889949
148388114 2217949342
2217949342 2217949343
1210313638 2217942284
2217942284 2217942282
