148385552 365.873618687388 167.60848729063 -22.9567542 -43.194716 50
142778666 311.4620651744465 330.9488075344744 -22.955277 -43.1952468 50
148386031 216.1290870893549 117.5625700530456 -22.9572068 -43.1961768 50
148385577 397.7537866276411 73.44343400050434 -22.9576058 -43.194405 50
142778665 212.1312525256722 291.9382030244889 -22.9556298 -43.1962158 50
148386771 175.4024288182 278.9014959049728 -22.9557477 -43.1965741 50
142778663 108.1465504080657 252.2641528594113 -22.9559886 -43.1972302 50
2322568810 177.9343907089672 268.8502942328432 -22.9558386 -43.1965494 50
148386613 134.3067396629394 149.529593193329 -22.9569177 -43.196975 50
1210313638 22.6953992994645 220.4187614230831 -22.9562766 -43.1980638 50
148386030 147.0793085540563 94.67369495817377 -22.9574138 -43.1968504 50
148388114 80.10020330732709 136.5260583569016 -22.9570353 -43.1975038 50
148386611 159.605856857291 49.9353429609738 -22.9578184 -43.1967282 50
148387041 38.05118437149599 59.1130078538929 -22.9577354 -43.197914 50
142826986 238.7424795264094 21.66150063289888 -22.9580741 -43.1959562 50
142826984 172.8089617802991 7.994520141379439 -22.9581977 -43.1965994 50
763698082 303.1281177358899 36.83229127563197 -22.9579369 -43.1953281 50
2217941634 116.6240098568178 0.5860436615699882 -22.9582647 -43.1971475 50
1210535563 314.7628414050355 43.5109775355786 -22.9578765 -43.1952146 50
3715889949 316.218463220313 39.57453331616318 -22.9579121 -43.1952004 50
2217949342 36.25728424633189 135.6967512884762 -22.9570428 -43.1979315 50
2217949343 22.49038214213533 139.5005063765919 -22.9570084 -43.1980658 50
2217942284 20.12243397618818 256.1010802302641 -22.9559539 -43.1980889 50
2217942282 9.318029794650101 260.512993835694 -22.955914 -43.1981943 50
