42434117 3846051359
3846051359 3846051358
3846051358 42446203
42446203 42436726
42446203 3099327972
42446203 4207724578
42436726 42453251
42436726 3099327975
42436726 3845322711
42453251 3099327970
42453251 42451564
42453251 5481939504
3099327970 2141026524
3099327970 3099327975
3099327970 3099326127
2141026524 42439868
3099327975 2141026493
3099327975 3099327972
2141026493 5481907291
5481907291 42435810
42435810 42435814
42438913 3099326119
3099326119 42438908
3099326119 3099327968
3099326119 3099326118
42438908 42438906
42438908 4207724576
42438908 42453241
42438906 42442123
42438906 42442128
42442123 42453236
42442123 3858909357
42453236 42445215
42453236 3099327968
42453236 4207724576
3099327957 3099327968
42439858 3099327968
42442128 42453241
42442128 3023173727
42453241 3099326118
42453241 4212658373
3099326118 2141026511
3099326118 3099326120
5481857115 42439864
42439864 3099327972
3099327972 3099326120
4212658373 42453246
42453246 4207724578
3023173727 3023173650
42435814 3402046073
3099326127 42451564
3099326127 3099327945
3099326127 2141026508
42451564 42453253
42451564 5481939506
42453253 42438236
42453253 3099327945
42453253 42448141
42438236 42429532
42438236 3099327944
42438236 42438235
42429532 3099327944
42429532 5481922099
3099327944 4207724581
4207724581 3099327945
3099327945 5481907288
5481907288 2141026513
2141026513 42439878
5481922099 5481922083
5481922083 42429530
42429530 42438235
42429530 5481922057
42429530 3894445843
42438235 42446187
42438235 42448141
42446184 42448141
42448141 42438984
42438984 42448979
42438984 2799368116
42438984 5481939506
42448979 42436724
42448979 5481939504
42446190 5481922057
4207675399 371337165
371337165 42437929
371337165 2481877067
371337165 589928045
42437929 2481877067
42437929 2481877070
2481877067 589928063
2481877070 589928053
2481877070 589928062
4970616806 42436724
42436724 3846051360
42436724 3846051362
3846051362 3845322712
3845322712 3845322711
2141026508 5481907297
