42434117 1749.383648041709 601.2461404084167 40.807089 -73.941771 50
3846051359 1684.446686641765 637.3783182291099 40.8074125 -73.9425391 50
3846051358 1593.58059353983 687.9298597470433 40.8078651 -73.9436139 50
42446203 1484.064463091418 748.8687043187579 40.8084107 -73.94490930000001 50
42436726 1522.556584593679 818.7093559121067 40.809036 -73.94445399999999 50
3099327972 1469.886714848196 756.7429501797589 40.8084812 -73.945077 50
4207724578 1472.921784389314 729.4455645258731 40.8082368 -73.9450411 50
42453251 1560.888075673714 888.2484406434588 40.8096586 -73.9440006 50
3099327975 1508.826910682744 826.4272337714066 40.8091051 -73.9446164 50
3845322711 1594.442925276466 778.6456397326815 40.8086773 -73.9436037 50
3099327970 1547.056950969284 895.8657962151896 40.8097268 -73.9441642 50
42451564 1599.414014104989 958.1672762401449 40.8102846 -73.94354490000001 50
5481939504 1680.321021081606 821.6803479671638 40.8090626 -73.94258790000001 50
2141026524 1319.528186207921 1021.194750563737 40.8108489 -73.9468555 50
3099326127 1585.008001578286 966.1308752458887 40.8103559 -73.94371529999999 50
42439868 1306.627027100305 1028.298325554085 40.8109125 -73.94700810000001 50
2141026493 1281.137515499154 954.4032750259405 40.8102509 -73.9473096 50
5481907291 1239.010073933784 977.958997753406 40.8104618 -73.9478079 50
42435810 1035.423696189721 1091.459829595146 40.811478 -73.950216 50
42435814 1074.228624300685 1161.266973760016 40.812103 -73.94975700000001 50
42438913 1108.290727865531 669.5454502604604 40.8077005 -73.94935409999999 50
3099326119 1347.38488296587 536.1970511899058 40.8065066 -73.94652600000001 50
42438908 1360.835567198191 528.7137253349339 40.8064396 -73.9463669 50
3099327968 1308.960395327014 465.4963755790301 40.8058736 -73.9469805 50
3099326118 1387.043688580948 605.9930262112385 40.8071315 -73.9460569 50
42438906 1492.129801091944 456.4940462676951 40.805793 -73.9448139 50
4207724576 1347.976679256414 505.1133260354522 40.8062283 -73.946519 50
42453241 1399.851851127591 598.8447746495847 40.8070675 -73.9459054 50
42442123 1453.358689911068 387.8931695529442 40.8051788 -73.9452725 50
42442128 1530.114668631035 526.558080723256 40.8064203 -73.9443646 50
42453236 1322.4448964905 458.2699400161703 40.8058089 -73.946821 50
3858909357 1414.122595931786 317.8179659552674 40.8045514 -73.9457366 50
42445215 1283.504700654877 388.4851341362429 40.8051841 -73.9472816 50
3099327957 1270.180829913616 395.8679377036458 40.8052502 -73.94743920000001 50
42439858 1069.316715099818 599.4032318029831 40.8070725 -73.9498151 50
3023173727 1580.129909308584 498.5905464855762 40.8061699 -73.94377299999999 50
4212658373 1420.573175485056 636.5629707850202 40.8074052 -73.9456603 50
2141026511 1159.7854592646 732.3607108660876 40.8082629 -73.948745 50
3099326120 1428.139713754934 681.8650150615758 40.8078108 -73.9455708 50
5481857115 1055.062878759592 987.6538139348983 40.8105486 -73.9499837 50
42439864 1230.031678802565 889.912642960828 40.8096735 -73.94791410000001 50
42453246 1441.505855659881 674.6609177843688 40.8077463 -73.94541270000001 50
3023173650 1632.021989644806 469.9305253763181 40.8059133 -73.9431592 50
3402046073 1040.14961226972 1179.428000386519 40.8122656 -73.95016010000001 50
3099327945 1624.108827833985 1035.267870827675 40.8109749 -73.9432528 50
2141026508 1357.918856915612 1091.605028454021 40.8114793 -73.9464014 50
42453253 1637.804684814831 1027.806883258356 40.8109081 -73.94309079999999 50
5481939506 1823.366638434126 832.3245413109256 40.8091579 -73.9408959 50
42438236 1676.246080919808 1097.558181709093 40.8115326 -73.9426361 50
42448141 1903.419767908781 879.6928770551269 40.809582 -73.939949 50
42429532 1715.431449501805 1168.649777326709 40.8121691 -73.94217260000001 50
3099327944 1662.364230819168 1105.164368137287 40.8116007 -73.9428003 50
42438235 1941.886526711324 949.7234040814981 40.810209 -73.939494 50
5481922099 1887.196095349985 1074.19233441394 40.8113234 -73.9401409 50
4207724581 1636.874719216942 1058.600210693639 40.8111838 -73.94310179999999 50
5481907288 1456.436030614799 1126.60912282438 40.8117927 -73.9452361 50
2141026513 1394.999121555456 1160.08304459484 40.8120924 -73.9459628 50
42439878 1382.884206091775 1166.684008146632 40.8121515 -73.94610609999999 50
5481922083 1930.067509392377 1050.614273400821 40.8111123 -73.9396338 50
42429530 1982.128674382272 1021.987759720753 40.810856 -73.939018 50
5481922057 2014.094128236411 1003.793225665771 40.8106931 -73.9386399 50
3894445843 1986.093709520205 1029.158349569481 40.8109202 -73.9389711 50
42446187 2078.76900842171 873.036067787071 40.8095224 -73.9378749 50
42446184 2040.24306998936 803.5081521985454 40.8088999 -73.9383306 50
42438984 1864.039951973393 809.4724745964439 40.8089533 -73.9404148 50
42448979 1826.317165647871 740.3019715861785 40.808334 -73.940861 50
2799368116 2001.336691085977 733.2877497398624 40.8082712 -73.93879080000001 50
42436724 1787.681322191655 670.9415931436014 40.807713 -73.941318 50
42446190 2118.334817476892 944.440399411641 40.8101617 -73.9374069 50
4207675399 2199.892800372784 1095.22383080793 40.8115117 -73.9364422 50
371337165 2230.150499218696 1151.158899284711 40.8120125 -73.9360843 50
42437929 2237.395776646272 1157.826877695593 40.8120722 -73.9359986 50
2481877067 2231.266457935303 1160.887222896103 40.8120996 -73.93607110000001 50
589928045 2261.980685350327 1130.51832289817 40.8118277 -73.9357078 50
2481877070 2242.485224734411 1165.310203549144 40.8121392 -73.9359384 50
589928063 2242.240051986961 1179.450338672171 40.8122658 -73.9359413 50
589928053 2248.191831809584 1173.329648271151 40.812211 -73.9358709 50
589928062 2268.549624161061 1149.517035253705 40.8119978 -73.9356301 50
4970616806 1796.499086900648 666.0495084797734 40.8076692 -73.94121370000001 50
3846051360 1763.299315072438 626.5665877393997 40.8073157 -73.9416064 50
3846051362 1712.836000062602 712.6583424968589 40.8080865 -73.9422033 50
3845322712 1638.109037192088 754.3080769903161 40.8084594 -73.94308719999999 50
5481907297 1264.803937914342 1144.412736872623 40.8119521 -73.9475028 50
