1809128990 1701085385 1 20.76471400875005
1701085385 1701085389 0 35.59496502857458
1701085389 1816672573 1 50.32310910357179
1816672573 1701781957 0 51.16049126750467
1701781957 1816672573 1 52.41656451340401
1816672573 1816672572 1 57.22305161066573
1816672572 1701085399 1 64.25311809821076
1701085399 1701085372 1 83.51009577312544
1701085372 1701781973 0 87.41879857682365
1701781973 1816672571 0 90.90505393817496
1816672571 1701781973 1 96.13443698020193
1701781973 1701085372 1 101.9974911857492
1701085372 1701085437 1 108.4705104209595
1701085437 1701781983 1 111.6105037326959
1701781983 1816672565 1 113.3671362595078
1816672565 1816672564 0 114.664631909609
1816672564 1816672565 1 116.6108753847607
1816672565 1701781980 1 122.3976515833406
1701781980 1701781927 1 135.0882722073624
1701781927 1825447934 1 136.2571336406132
1825447934 1825447932 1 139.5525498953213
1825447932 1825447930 1 140.6343614813805
1825447930 1825447928 0 143.9741121512981
1825447928 1825447930 1 148.9837381561745
1825447930 1825447274 1 150.0671416070863
1825447274 1825447275 1 163.5124274205278
1825447275 1825447936 1 167.6748581784591
1825447936 1825447938 1 175.8846105617925
1825447938 1701781924 0 178.8745001269327
1701781924 1701781980 0 189.1238009943301
1701781980 1701781924 1 204.497752295426
1701781924 1825447938 1 208.9825866431364
1825447938 1701781926 1 217.5077300852226
1701781926 1701781934 1 226.6117455387873
1701781934 1701085389 1 230.7938506767514
1701085389 1701085399 1 244.8240909379992
1701085399 1701085389 0 254.1775844454977
1701085389 1701085385 1 276.4229609752345
1701085385 1701085376 1 295.8192428951644
1701085376 1809185705 1 303.4911734735903
1809185705 1809185707 0 305.2192029513707
1809185707 1809185703 0 312.4679176655973
1809185703 1809185699 0 313.4168121209556
1809185699 1809185703 1 314.840153803993
1809185703 1809185707 1 325.7132258753329
1809185707 1809185705 1 328.3052700920035
1809185705 1809128983 1 339.0417191320815
1809128983 1809128970 0 343.1326627540922
1809128970 1809128961 0 347.2774503721191
1809128961 1809128958 0 349.2297489806297
1809128958 1809128967 0 352.072798513726
1809128967 1809128958 1 356.3373728133704
1809128958 1809128961 1 359.2658207261362
1809128961 1809128970 1 365.4830021531765
1809128970 1809128983 1 371.6194175861926
1809128983 1701781952 1 379.2525508520081
1701781952 1809128986 1 380.4486011097787
1809128986 1701781952 0 381.2459679482924
1701781952 1701781947 1 393.4112413699542
1701781947 1701781952 0 401.521423651062
1701781952 1701085376 1 412.2809787869822
1701085376 1701781965 1 424.3479636800751
1701781965 1701781947 1 434.9340533052265
1701781947 1809169701 1 452.041988848892
1809169701 1809169702 1 462.4689137210496
1809169702 1809169701 0 469.4201969691546
1809169701 1809128996 1 470.6073301494303
1809128996 1809128993 1 474.1544206126958
1809128993 1809128996 0 476.5191475882062
1809128996 1809129015 1 491.7909180782702
1809129015 1809129012 1 497.5796073721628
1809129012 1809129010 1 498.3618971229946
1809129010 1809129012 0 498.8834236235492
1809129012 1809129015 0 502.7425498194776
1809129015 1809169725 1 512.8739125509198
1809169725 1809169726 0 515.0202315990324
1809169726 1813309817 0 516.873035824096
1813309817 1809169712 0 517.7273270373411
1809169712 1813309817 1 519.0087638572088
1813309817 1813309818 0 520.4457088965531
1813309818 1813309817 1 522.6011264555697
1813309817 1809169726 1 525.3803327931649
1809169726 1809169728 1 531.7321576844557
1809169728 1809169726 0 535.9667076119829
1809169726 1809169725 1 539.1861861841517
1809169725 1701781979 0 542.7701193941685
1701781979 1701781956 0 544.9891917260602
1701781956 1701781979 1 548.3178002238977
1701781979 1809169725 1 553.693700038923
1809169725 1809169703 1 568.6468995892698
1809169703 1809169704 1 570.9207084491535
1809169704 1809169703 0 572.4365810224093
1809169703 1809169702 1 573.9511060473726
1809169702 1701781965 1 591.0545310241266
1701781965 1809128990 1 593.1917811237126
1809128990 1809169687 1 594.98354659627
1809169687 1809169688 1 596.2750811596952
1809169688 1809169687 0 597.1361042019787
1809169687 1809169690 0 597.8721036019223
1809169690 1809169687 1 598.9761027018377
1809169687 1809128990 0 600.1706130168759
