85723131 262.1305508839252 1062.721192346516 -23.5691193 -46.6364946 50
176020912 219.314975450344 1377.932571173271 -23.5662732 -46.636914 50
296284378 609.310352825348 1342.159662505352 -23.5665962 -46.6330938 50
296284381 918.4114479554623 916.6392526139065 -23.5704383 -46.630066 50
296284434 1136.940348224341 1154.180226335418 -23.5682935 -46.6279254 50
296284442 1013.853225429635 1242.017668641418 -23.5675004 -46.6291311 50
296284449 782.9819239445849 1102.636227281763 -23.5687589 -46.6313926 50
296284452 1085.212517819153 1192.05742374911 -23.5679515 -46.6284321 50
296284453 873.8807993999228 978.6382441697411 -23.5698785 -46.6305022 50
296284458 1056.944437615504 727.1314383021024 -23.5721494 -46.628709 50
296284464 1236.496259438319 1069.942225303895 -23.5690541 -46.6269502 50
296284465 1186.391623236578 1114.46454507036 -23.5686521 -46.627441 50
296284467 1462.477560772408 1501.686899799663 -23.5651558 -46.6247366 50
296284473 988.423182892524 1230.920314311823 -23.5676006 -46.6293802 50
296284498 1296.115467957407 1011.908156751863 -23.5695781 -46.6263662 50
296284506 1207.452312822217 767.3455037435128 -23.5717863 -46.6272347 50
296284508 1224.306989750836 871.17554051351 -23.5708488 -46.6270696 50
296284511 837.5375832479474 854.8396147282604 -23.5709963 -46.6308582 50
296284632 1517.063846380859 1609.481859573463 -23.5641825 -46.6242019 50
296284684 1303.659747939831 1194.925901564937 -23.5679256 -46.6262923 50
296285245 700.5257001064253 1414.015585552095 -23.5659474 -46.6322003 50
296285246 412.2096578096611 1185.489827823183 -23.5680108 -46.6350245 50
296285247 0 859.4690499679035 -23.5709545 -46.6390623 50
296285271 707.7432994940975 1199.344907929299 -23.5678857 -46.6321296 50
296285273 606.9317097461736 1125.584049808028 -23.5685517 -46.6331171 50
296285274 814.9251608387008 1266.659997368338 -23.5672779 -46.6310797 50
296285314 743.7189999778707 1154.745061735284 -23.5682884 -46.6317772 50
296285317 640.9167003550509 1077.761319272545 -23.5689835 -46.6327842 50
296285318 473.7991586662698 948.336486238717 -23.5701521 -46.6344212 50
296285340 794.8036779632164 774.7326647593241 -23.5717196 -46.6312768 50
296285342 815.3130940442782 759.40458253152 -23.571858 -46.6310759 50
296285362 808.3405051025072 834.7491948137861 -23.5711777 -46.6311442 50
296285367 869.3481061501004 790.9246128938622 -23.5715734 -46.6305466 50
296285420 834.0461843925559 839.7108861709971 -23.5711329 -46.6308924 50
296285430 789.2705253911154 811.5134169850412 -23.5713875 -46.631331 50
296285854 721.1474126427242 717.230205996105 -23.5722388 -46.6319983 50
296285856 697.4834870693853 786.2287264310577 -23.5716158 -46.6322301 50
296285857 699.5354495544576 835.7791887782473 -23.5711684 -46.63221 50
296285858 711.1734457380137 863.6887026617238 -23.5709164 -46.632096 50
296285859 743.484198300332 914.2027077509179 -23.5704603 -46.6317795 50
296285860 748.3129458391684 921.8556736611358 -23.5703912 -46.6317322 50
296285871 625.6545913247899 918.5552628921178 -23.570421 -46.6329337 50
296285872 633.1988713072134 927.0610195046812 -23.5703442 -46.6328598 50
296285873 660.4562834221691 968.3936805417868 -23.569971 -46.6325928 50
296285875 1045.5106168031 711.2163702660075 -23.5722931 -46.628821 50
296285877 959.9407185474124 639.2164695685526 -23.5729432 -46.6296592 50
296285881 741.5853673445974 591.6595439274768 -23.5733726 -46.6317981 50
296285882 702.291817071496 604.4403292529855 -23.5732572 -46.632183 50
296285886 593.3234212250965 762.1069322885629 -23.5718336 -46.6332504 50
296285889 1036.74128459117 700.3294448109896 -23.5723914 -46.6289069 50
296285891 805.1962043792421 583.895825977952 -23.5734427 -46.631175 50
296285892 666.2956990509974 630.3895320428096 -23.5730229 -46.6325356 50
296285897 814.7924468460885 667.7351196680405 -23.5726857 -46.631081 50
296285901 1017.59984349994 778.4982340932897 -23.5716856 -46.6290944 50
296285904 706.7938840162302 748.3847546291224 -23.5719575 -46.6321389 50
296285916 742.5245740534526 481.8267466317706 -23.5743643 -46.6317889 50
296285917 752.1106077525858 485.7805944315364 -23.5743286 -46.631695 50
296285918 779.7661618414816 507.4215428956018 -23.5741332 -46.6314241 50
296285919 796.7637615310757 538.0998577592827 -23.5738562 -46.6312576 50
296285920 827.4513198886489 757.1895417471449 -23.571878 -46.630957 50
296285923 619.4068249530092 454.2384136614736 -23.5746134 -46.6329949 50
296285944 373.4163371973743 489.7233670276181 -23.574293 -46.6354045 50
296285946 717.737683936183 723.1111392788231 -23.5721857 -46.6320317 50
296285947 886.4988373677334 683.5394356651809 -23.572543 -46.6303786 50
296285948 780.1438862780469 676.3516283195585 -23.5726079 -46.6314204 50
296285949 589.4236716267527 803.4728189377777 -23.5714601 -46.6332886 50
296285950 695.4213158153008 804.8129186120868 -23.571448 -46.6322503 50
296285951 852.8201098155835 585.8118362561634 -23.5734254 -46.6307085 50
296285952 633.8318149606403 667.0373818211473 -23.572692 -46.6328536 50
296285953 589.9851538990426 827.6832147115066 -23.5712415 -46.6332831 50
296285963 976.2645395107781 833.2540422840246 -23.5711912 -46.6294993 50
459335418 553.9788271101813 1007.954308951745 -23.5696138 -46.6336358 50
459335423 487.5401611767121 1090.375976540327 -23.5688696 -46.6342866 50
459335426 312.0208029442037 1288.046216142033 -23.5670848 -46.6360059 50
459335444 583.4311244705349 1160.88072470802 -23.568233 -46.6333473 50
459335447 409.4532902919733 1028.421285799581 -23.569429 -46.6350515 50
459335448 335.490761914754 970.6973229577482 -23.5699502 -46.635776 50
459335450 334.9394884114762 1121.497299560883 -23.5685886 -46.6357814 50
459335453 397.2640206064381 891.4985397106344 -23.5706653 -46.6351709 50
459335455 435.9858798382374 841.361091555154 -23.571118 -46.6347916 50
459335457 522.6481163321174 733.5439813732819 -23.5720915 -46.6339427 50
459335459 593.7930245801736 640.3350651649528 -23.5729331 -46.6332458 50
459335465 671.257160582446 539.2073781523509 -23.5738462 -46.632487 50
459335476 595.8960309090078 534.6554693402578 -23.5738873 -46.6332252 50
459335479 546.2916243680816 509.8248621464812 -23.5741115 -46.6337111 50
459335483 420.2439586838872 428.1009324051448 -23.5748494 -46.6349458 50
459335486 393.180513173019 409.3506121649795 -23.5750187 -46.6352109 50
459335500 220.4889838373871 0 -23.5787148 -46.6369025 50
459347404 309.0398425186389 575.9881303770113 -23.5735141 -46.6360351 50
459347407 430.2587606626983 665.2985748054042 -23.5727077 -46.6348477 50
459347410 590.1484941967431 786.8157122389964 -23.5716105 -46.6332815 50
459347518 80.07758075898519 922.5534115080291 -23.5703849 -46.6382779 50
459347528 309.7544563189678 739.4027642482795 -23.5720386 -46.6360281 50
459347541 513.2560492357729 898.3540909386888 -23.5706034 -46.6340347 50
459347548 296.1257502618146 633.1029570035369 -23.5729984 -46.6361616 50
459347649 375.0599489394944 397.6994976388502 -23.5751239 -46.6353884 50
459347673 125.9353692289571 959.2898629176008 -23.5700532 -46.6378287 50
459347702 323.3014922279201 336.7083496401086 -23.5756746 -46.6358954 50
466919108 1148.87439869691 701.6916948933714 -23.5723791 -46.6278085 50
466919146 1084.661244315876 781.3334862970079 -23.57166 -46.6284375 50
466919148 1140.523625997595 709.5883152899235 -23.5723078 -46.6278903 50
466938058 861.9773752337401 501.3634063504155 -23.5741879 -46.6306188 50
466938061 964.5959170214844 411.3109232593362 -23.575001 -46.6296136 50
466938062 981.9099885368178 254.8736678594654 -23.5764135 -46.629444 50
477359869 915.3181910746603 1312.035107837148 -23.5668682 -46.6300963 50
477359870 681.2515450238818 1018.940911242033 -23.5695146 -46.6323891 50
477359871 856.1481683726252 767.6556094537127 -23.5717835 -46.6306759 50
679496612 405.2472776362529 722.9893120354799 -23.5721868 -46.6350927 50
679496613 362.2887794429956 693.1859382811604 -23.5724559 -46.6355135 50
715554822 591.7002270210007 1327.318889249863 -23.5667302 -46.6332663 50
715554830 568.8223766291273 1211.029248067537 -23.5677802 -46.6334904 50
715554831 572.640456078621 1258.663700136515 -23.5673501 -46.633453 50
748729280 650.6048217397598 1064.183119264521 -23.5691061 -46.6326893 50
792621942 1377.173090499997 1339.634516011129 -23.566619 -46.6255722 50
792649556 398.6830394380837 641.1435550511526 -23.5729258 -46.635157 50
924932934 159.6140967811072 985.9035779429137 -23.5698129 -46.6374988 50
1214249065 851.0846191568996 1007.943233747709 -23.5696139 -46.6307255 50
1373874386 326.9970664551125 517.7657833584742 -23.5740398 -46.6358592 50
1436835505 499.3721239643557 576.4422137382749 -23.57351 -46.6341707 50
2214691542 857.5978135119565 515.3846145156674 -23.5740613 -46.6306617 50
2214691543 874.0135133918857 589.4777287548586 -23.5733923 -46.6305009 50
2214691544 856.8015295614787 563.107668216232 -23.5736304 -46.6306695 50
2214691545 886.8867705746095 578.712630542127 -23.5734895 -46.6303748 50
2214691546 835.7918838196022 585.6789338087838 -23.5734266 -46.6308753 50
2214691547 874.0237221602483 484.5512467961819 -23.5743397 -46.6305008 50
2214691548 915.0527630920335 607.7628904297239 -23.5732272 -46.6300989 50
2214691549 847.8790658208604 565.3448594079753 -23.5736102 -46.6307569 50
2214691551 852.0952872462424 570.3840771927364 -23.5735647 -46.6307156 50
2214691552 855.8214877785231 523.4252125629308 -23.5739887 -46.6306791 50
2267452793 560.0224181114597 518.319543554656 -23.5740348 -46.6335766 50
2419247839 833.6684599553412 667.9455485429701 -23.5726838 -46.6308961 50
2419247844 868.9397554058494 573.03105092995 -23.5735408 -46.6305506 50
2419247847 858.6697342127743 542.3305856578439 -23.573818 -46.6306512 50
2522075634 228.0638901255483 1369.448964969485 -23.5663498 -46.6368283 50
2522075643 404.6653778278869 1193.386448219735 -23.5679395 -46.6350984 50
2522075646 420.25416745225 1191.846994874181 -23.5679534 -46.6349457 50
2522075648 406.635670164109 1181.081896662154 -23.5680506 -46.6350791 50
2522075650 415.5275075996389 1181.281250332695 -23.5680488 -46.634992 50
2522075652 737.4916511428155 1152.6518481939 -23.5683073 -46.6318382 50
2522075657 635.7714809904753 1147.00349419348 -23.5683583 -46.6328346 50
2522075661 327.1501979831514 1115.904321580292 -23.5686391 -46.6358577 50
2522075663 335.5724320636043 1120.301177537285 -23.5685994 -46.6357752 50
2522075665 480.4552757823014 1099.335816513097 -23.5687887 -46.634356 50
2522075668 497.0138984212574 1097.530558273488 -23.568805 -46.6341938 50
2522075671 776.5606085060917 1097.851739187372 -23.5688021 -46.6314555 50
2522075673 490.1842322404614 1087.47427311239 -23.5688958 -46.6342607 50
2522075675 481.4863614083696 1086.233850272999 -23.568907 -46.6343459 50
2522075678 650.7171181949971 1085.979120582629 -23.5689093 -46.6326882 50
2522075680 634.5055936868687 1087.795454025922 -23.5688929 -46.632847 50
2522075683 643.5709801878122 1074.051125959114 -23.569017 -46.6327582 50
2522075687 632.392378590321 1071.138347327493 -23.5690433 -46.6328677 50
2522075689 269.9708851553626 1069.4770667393 -23.5690583 -46.6364178 50
2522075694 416.8852738211079 1034.479422344767 -23.5693743 -46.6349787 50
2522075699 690.5619419713763 1030.049340776721 -23.5694143 -46.6322979 50
2522075701 405.4922880821542 1025.342379109529 -23.5694568 -46.6350903 50
2522075703 411.8625596781841 1025.608184003231 -23.5694544 -46.6350279 50
2522075708 545.4442965751406 1018.486827881474 -23.5695187 -46.6337194 50
2522075710 561.4414369437548 1013.990295088858 -23.5695593 -46.6335627 50
2522075713 676.6167640871849 1013.071053164056 -23.5695676 -46.6324345 50
2522075715 684.7429438779748 1014.123197536238 -23.5695581 -46.6323549 50
2522075718 548.3027517790536 1003.579603402472 -23.5696533 -46.6336914 50
2522075720 671.6042587132733 1003.236272080868 -23.5696564 -46.6324836 50
2522075722 555.8368229918156 1005.60636571999 -23.569635 -46.6336176 50
2522075727 343.9129959945576 977.1652420480525 -23.5698918 -46.6356935 50
2522075732 339.3905115130979 965.4587515027982 -23.5699975 -46.6357378 50
2522075734 656.4034022944877 959.2566373058439 -23.5700535 -46.6326325 50
2522075736 479.8325408985362 952.6225901564032 -23.5701134 -46.6343621 50
2522075739 650.9315023351605 950.6844294704714 -23.5701309 -46.6326861 50
2522075741 476.3309332741325 944.9363986344284 -23.5701828 -46.6343964 50
2522075743 616.6300398992453 929.3425115125697 -23.5703236 -46.6330221 50
2522075746 630.5343827080374 914.5349638684861 -23.5704573 -46.6328859 50
2522075748 622.8573887336511 915.1441000844974 -23.5704518 -46.6329611 50
2522075751 612.0769291107492 897.1579689147388 -23.5706142 -46.6330667 50
2522075753 601.541479934398 874.6974553604372 -23.570817 -46.6331699 50
2522075755 704.1906480272306 851.029744579206 -23.5710307 -46.6321644 50
2522075757 440.7431659972356 845.2041873159653 -23.5710833 -46.634745 50
2522075760 439.8243768244566 836.7538067235836 -23.5711596 -46.634754 50
2522075763 577.4692036181066 819.3657365658 -23.5713166 -46.6334057 50
2522075765 601.510853628011 798.9541357374414 -23.5715009 -46.6331702 50
2522075768 574.2636502827168 767.4451805791355 -23.5717854 -46.6334371 50
2522075771 700.4950738013371 767.5780830261629 -23.5717842 -46.6322006 50
2522075773 531.3357783945477 739.6021179188203 -23.5720368 -46.6338576 50
2522075775 599.6120226722762 736.5785872482454 -23.5720641 -46.6331888 50
2522075777 529.9065507932405 724.9717735375572 -23.5721689 -46.6338716 50
2522075780 606.4621063910965 716.8314986550233 -23.5722424 -46.6331217 50
2522075782 643.172838211924 673.2062704056405 -23.5726363 -46.6327621 50
2522075784 627.4819609013358 676.3516283195585 -23.5726079 -46.6329158 50
2522075787 625.5422948708513 661.7655847544406 -23.5727396 -46.6329348 50
2522075789 643.0299154515985 654.0793932321136 -23.572809 -46.6327635 50
2522075792 601.3577221006215 645.5514862121821 -23.572886 -46.6331717 50
2522075794 648.6549469409126 648.1984599501001 -23.5728621 -46.6327084 50
2522075797 596.7841937753998 636.3258413450051 -23.5729693 -46.6332165 50
2522075799 684.2120879120719 615.9031653126101 -23.5731537 -46.6323601 50
2522075801 806.4620916828487 595.5912413198744 -23.5733371 -46.6311626 50
2522075804 723.7506486317238 595.9788734565675 -23.5733336 -46.6319728 50
2522075806 813.9655365918213 586.3323708405882 -23.5734207 -46.6310891 50
2522075808 796.6412563081251 584.8482935152156 -23.5734341 -46.6312588 50
2522075813 812.7404843610163 578.3249984047294 -23.573493 -46.6311011 50
2522075815 861.3342228125998 571.2590183031546 -23.5735568 -46.6306251 50
2522075817 802.8073525310556 570.8603109613682 -23.5735604 -46.6311984 50
2522075822 845.2860386021719 554.5465355841914 -23.5737077 -46.6307823 50
2522075826 941.1770018933971 442.8309536216785 -23.5747164 -46.629843 50
2522075828 953.0191734494035 435.5434694407855 -23.5747822 -46.629727 50
2522075830 961.9926810331342 422.4747288131495 -23.5749002 -46.6296391 50
2522075832 968.8325559829425 307.0378783328163 -23.5759425 -46.6295721 50
2522075835 971.0274412283402 288.3872349282736 -23.5761109 -46.6295506 50
2522075837 975.4274204868493 268.5736951111855 -23.5762898 -46.6295075 50
2537138062 613.2815638041793 1335.758194638561 -23.566654 -46.6330549 50
2537138063 588.8928156608498 1316.40981338642 -23.5668287 -46.6332938 50
2537138064 582.3387862310433 1319.710224155438 -23.5667989 -46.633358 50
2537138065 568.3629820417639 1231.219344817634 -23.5675979 -46.6334949 50
2537138066 573.5388277133758 1190.252165509501 -23.5679678 -46.6334442 50
2537138068 754.2340316168468 932.5100198338559 -23.570295 -46.6316742 50
2537138072 742.2693548391886 930.7601376140766 -23.5703108 -46.6317914 50
2537138074 751.7941359261971 916.8829071002405 -23.5704361 -46.6316981 50
2537138075 826.5733657906196 750.9763523468587 -23.5719341 -46.6309656 50
2537138076 916.1553100985891 704.7263007679827 -23.5723517 -46.6300881 50
2537138077 745.9955553714692 693.8172249048921 -23.5724502 -46.6317549 50
2537138078 816.6300251916466 680.6820330530379 -23.5725688 -46.631063 50
2537138079 852.7588572041082 671.046605641095 -23.5726558 -46.6307091 50
2537138080 805.2778745280923 669.2191969937655 -23.5726723 -46.6311742 50
2537138082 814.0880418147719 662.7734283111815 -23.5727305 -46.6310879 50
2537138083 788.3211099132479 519.7150192491468 -23.5740222 -46.6313403 50
2537138084 764.4325914313824 492.5807696397612 -23.5742672 -46.6315743 50
2537138086 685.8454908864785 469.0348861015209 -23.5744798 -46.6323441 50
2578935806 1158.593146387357 696.242694563492 -23.5724283 -46.6277133 50
2578935808 1166.137426369781 692.7540053283216 -23.5724598 -46.6276394 50
2578935811 1184.809264105934 680.7927850919925 -23.5725678 -46.6274565 50
2578935814 1177.489577033335 692.8426069595557 -23.572459 -46.6275282 50
2578935817 1177.693752405136 684.8130841159764 -23.5725315 -46.6275262 50
2578935825 1196.140997233412 690.3839116891991 -23.5724812 -46.6273455 50
2578951677 1095.400868864677 975.415359828273 -23.5699076 -46.6283323 50
2578952902 1016.548340335847 856.4122936852195 -23.5709821 -46.6291047 50
2578952903 1005.859759630159 846.5775126023834 -23.5710709 -46.6292094 50
2739259193 236.7719697247041 62.40877410130508 -23.5781513 -46.636743 50
2739259214 287.8464389423366 269.6036890759991 -23.5762805 -46.6362427 50
2832670839 1116.573854902955 841.2392643121631 -23.5711191 -46.6281249 50
3375721652 743.2800229285313 1373.391737565567 -23.5663142 -46.6317815 50
3375721661 751.2836974970197 1273.881030325717 -23.5672127 -46.6317031 50
3375721663 769.087789904805 1238.307475327634 -23.5675339 -46.6315287 50
3375721670 839.8039298731833 1024.866145340544 -23.5694611 -46.630836 50
3375721677 398.5401166777581 732.0266784361525 -23.5721052 -46.6351584 50
3375721678 410.7600126709791 715.5578502038757 -23.5722539 -46.6350387 50
3462887690 323.8425569628351 752.4272040608269 -23.571921 -46.6358901 50
3462887692 296.2788817911522 641.3539839257298 -23.5729239 -46.6361601 50
3462896293 299.3415123655672 696.7853795552852 -23.5724234 -46.6361301 50
3462902010 416.681098449307 425.7419139697063 -23.5748707 -46.6349807 50
3462902011 369.9249383426322 620.8648566694691 -23.5731089 -46.6354387 50
3462902012 407.8403048562403 568.9221502747318 -23.5735779 -46.6350673 50
3559823514 1257.88362961741 1048.777510608462 -23.5692452 -46.6267407 50
3559823517 1279.056615657636 1028.653865081878 -23.5694269 -46.6265333 50
4266274799 354.7955433036845 374.9621039871622 -23.5753292 -46.6355869 50
4266275816 337.410010408513 355.3589930450036 -23.5755062 -46.6357572 50
4266278169 295.8501135101757 287.3018649436304 -23.5761207 -46.6361643 50
4266281143 281.5476287267941 252.9908831926587 -23.5764305 -46.6363044 50
4293765312 824.5214033055474 839.8548638217086 -23.5711316 -46.6309857 50
4293770353 857.4344732142561 1225.847870915305 -23.5676464 -46.6306633 50
4293770354 846.6131785172538 1219.667907126775 -23.5677022 -46.6307693 50
4293770355 752.5393760322636 1158.300202193968 -23.5682563 -46.6316908 50
4293773372 752.3760357358619 1396.15128162568 -23.5661087 -46.6316924 50
4293806270 23.37808005268801 878.2525958198257 -23.5707849 -46.6388333 50
4293827702 858.8534920465509 535.8626665675396 -23.5738764 -46.6306494 50
4293827711 867.7963733251934 491.0191658871908 -23.5742813 -46.6305618 50
4293861641 1252.758827788911 1101.739135763976 -23.568767 -46.6267909 50
4293861645 1067.204250040216 1018.077045336356 -23.5695224 -46.6286085 50
4293861646 1075.14667199723 1007.655278445934 -23.5696165 -46.6285307 50
4293861647 1081.782371575237 998.4739343941974 -23.5696994 -46.6284657 50
4293861649 1203.532145686498 917.5806449471337 -23.5704298 -46.6272731 50
4293861650 1237.455883685199 902.2193371072206 -23.5705685 -46.6269408 50
4293861651 1190.321999141309 884.6872892983732 -23.5707268 -46.6274025 50
4293861652 1010.872265003421 850.4206083631947 -23.5710362 -46.6291603 50
4293861654 999.4282354233026 843.1995754065198 -23.5711014 -46.6292724 50
4293862602 849.4001723400299 834.4944651237678 -23.57118 -46.630742 50
4293862643 858.2001308583467 827.672139507118 -23.5712416 -46.6306558 50
4293862669 794.997644566005 822.8101249858817 -23.5712855 -46.6312749 50
4293862703 696.5238628231552 818.9005780008523 -23.5713208 -46.6322395 50
4293862710 867.0817595248645 814.1050147027775 -23.5713641 -46.6305688 50
4293862753 869.8993796527288 802.4539001766482 -23.5714693 -46.6305412 50
4293862755 787.3614856663685 802.1105688550438 -23.5714724 -46.6313497 50
4293862956 836.5064976205804 757.9537308175517 -23.5718711 -46.6308683 50
4293862976 729.1715047485877 708.2925164310552 -23.5723195 -46.6319197 50
4293862977 614.1288915958214 698.6792394261283 -23.5724063 -46.6330466 50
4293862978 767.3114641713714 681.324394880806 -23.572563 -46.6315461 50
4293862980 868.357855596834 675.4213111900153 -23.5726163 -46.6305563 50
4293862984 793.4254942043724 671.3788617586631 -23.5726528 -46.6312903 50
4293862994 789.7605462835672 787.1368931525283 -23.5716076 -46.6313262 50
4293863054 863.9578763376755 776.9587807477353 -23.5716995 -46.6305994 50
4293863116 801.9293984330261 766.9689468101515 -23.5717897 -46.631207 50
4293863134 848.5732620851131 762.3062859594561 -23.5718318 -46.6307501 50
4293863191 662.7022125100302 553.7823465137847 -23.5737146 -46.6325708 50
4293863192 615.4662402799156 538.5982419363395 -23.5738517 -46.6330335 50
4293863193 576.7239635113908 527.1686314884716 -23.5739549 -46.633413 50
4293863194 772.783364131348 499.5249224986974 -23.5742045 -46.6314925 50
4293863195 726.7826528997518 476.9315064977208 -23.5744085 -46.6319431 50
4293863196 644.908328871257 462.9102983324689 -23.5745351 -46.6327451 50
4293874091 577.5712913030329 1175.743648371229 -23.5680988 -46.6334047 50
4293874092 587.8106861910196 1152.984104311468 -23.5683043 -46.6333044 50
4293874095 642.7134436265085 938.4352539323672 -23.5702415 -46.6327666 50
4293874096 595.7735256854078 854.1861776971604 -23.5710022 -46.6332264 50
4293874097 595.9572835204831 800.2499345963096 -23.5714892 -46.6332246 50
4293874098 598.1521687645823 799.5078959336233 -23.5714959 -46.6332031 50
4293874099 591.0979096746104 777.379638497242 -23.5716957 -46.6332722 50
4293874101 344.3621818129091 679.8403175550811 -23.5725764 -46.6356891 50
4293874104 330.968277432645 512.8705432254811 -23.574084 -46.6358203 50
4293874105 358.6238315221902 490.8198122162976 -23.5742831 -46.6355494 50
4293874106 365.3309924800356 489.1806820358249 -23.5742979 -46.6354837 50
4293874133 272.5128685322375 229.511450877932 -23.5766425 -46.6363929 50
4293896009 617.6611255253134 1328.880493002786 -23.5667161 -46.633012 50
4293896010 716.3084563348759 1218.538236326691 -23.5677124 -46.6320457 50
4293896011 749.7830085158745 1157.126230578443 -23.5682669 -46.6317178 50
4293896174 828.2271863011024 1275.586611729351 -23.5671973 -46.6309494 50
4293896175 1002.041680180665 1239.237792457177 -23.5675255 -46.6292468 50
4293896176 966.2395287629549 1248.961821500706 -23.5674377 -46.6295975 50
4293896177 1025.685188216629 1238.174572880607 -23.5675351 -46.6290152 50
4293911329 1066.316087173175 1206.831745781085 -23.5678181 -46.6286172 50
4293923366 981.9814499166559 1086.555031186884 -23.5689041 -46.6294433 50
4293923367 1017.507964582077 1051.723514852191 -23.5692186 -46.6290953 50
4293923368 991.1999679462879 1038.056713211876 -23.569342 -46.629353 50
4293923369 831.7185851558447 1035.974574874528 -23.5693608 -46.6309152 50
4293923370 787.7085837984948 1033.261149913449 -23.5693853 -46.6313463 50
4293923371 978.7350615078149 1024.77754370931 -23.5694619 -46.6294751 50
4293923372 776.060378846576 1024.467437999463 -23.5694647 -46.6314604 50
4293923373 1013.598006215371 1017.645112383517 -23.5695263 -46.6291336 50
4293923374 790.505786390283 1005.938621837911 -23.569632 -46.6313189 50
4293923375 932.8976905739191 929.3092859001084 -23.5703239 -46.6299241 50
4293925866 296.8403640634422 625.815472822644 -23.5730642 -46.6361546 50
4431221624 703.0574747149374 1196.055572365022 -23.5679154 -46.6321755 50
4521171578 1025.93019866253 689.5754218026468 -23.5724885 -46.6290128 50
4636345478 439.6610365274055 440.7266648762582 -23.5747354 -46.6347556 50
4661970330 845.8679384111874 559.7518814273844 -23.5736607 -46.6307766 50
4661991641 799.7243044199149 551.7223585838051 -23.5737332 -46.6312286 50
4661991645 846.0721137823389 541.1123132265258 -23.573829 -46.6307746 50
4662087414 924.4652477244542 614.3415615593352 -23.5731678 -46.6300067 50
4662148909 938.4410519130843 624.1541922351553 -23.5730792 -46.6298698 50
4662148911 905.6096521538752 696.9958084302148 -23.5724215 -46.6301914 50
4849861776 741.4628621216468 1220.609299460355 -23.5676937 -46.6317993 50
4849861777 782.6960784239338 1246.802156736161 -23.5674572 -46.6313954 50
4849861778 887.3767914657626 1300.904527895444 -23.5669687 -46.63037 50
4849861793 720.7390618984733 1207.950341377133 -23.567808 -46.6320023 50
4855901667 75.4632173590137 918.6992405435337 -23.5704197 -46.6383231 50
4863122992 421.4792196824056 860.1224869990035 -23.5709486 -46.6349337 50
4863123007 340.4011796030899 765.5956215237334 -23.5718021 -46.6357279 50
4863123011 421.8875704253579 859.5908772112466 -23.5709534 -46.6349297 50
4863123012 431.2490112153154 837.8724023192791 -23.5711495 -46.634838 50
4863123013 432.1473828507195 846.3006325046447 -23.5710734 -46.6348292 50
4863123015 327.9464819329799 755.6943892173836 -23.5718915 -46.6358499 50
4870289892 785.5851599335845 586.2548444130382 -23.5734214 -46.6313671 50
4870289895 760.3490839979634 589.5109543666154 -23.573392 -46.6316143 50
4874625679 400.265398568079 893.7246556990457 -23.5706452 -46.6351415 50
4874625680 469.2154215726854 954.0512914626509 -23.5701005 -46.6344661 50
4874625681 469.3787618697365 945.0471506737351 -23.5701818 -46.6344645 50
4887828634 25.27691100907211 879.6923723294052 -23.5707719 -46.6388147 50
5043965921 1195.13032914342 677.2819454491016 -23.5725995 -46.6273554 50
5049627593 255.9440371236199 174.1686568789063 -23.5771422 -46.6365552 50
5049627594 248.9612394128369 145.9933381013752 -23.5773966 -46.6366236 50
5049627595 245.5413019372834 124.3523896376622 -23.577592 -46.6366571 50
5049627596 243.6220534441738 105.4248661346763 -23.5777629 -46.6366759 50
5049627599 228.441614562763 28.5297253031722 -23.5784572 -46.6368246 50
5049627617 262.9268348331042 202.0781707623828 -23.5768902 -46.6364868 50
5061224883 1194.52801179703 659.2847390753067 -23.572762 -46.6273613 50
5061224884 1194.323836425229 653.0826248790568 -23.572818 -46.6273633 50
5063103855 84.24275834060521 925.543716566847 -23.5703579 -46.6382371 50
6707729722 583.5127946180864 1298.689487111069 -23.5669887 -46.6333465 50
6707729726 567.2604350352083 1308.96727635078 -23.5668959 -46.6335057 50
7033857128 1087.866797650616 988.8938830017318 -23.5697859 -46.6284061 50
7035978860 820.9074992278545 1257.33467566589 -23.5673621 -46.6310211 50
7035978861 762.0437395825466 1250.4680492338 -23.5674241 -46.6315977 50
7468767015 381.1137487084863 605.5367744416649 -23.5732473 -46.6353291 50
7468767016 1216.589160702349 873.8557398624804 -23.5708246 -46.6271452 50
7990557237 718.3910451250365 1214.761591789394 -23.5677465 -46.6320253 50
7990557255 279.4956662417218 1319.355817629445 -23.5668021 -46.6363245 50
7990626603 1203.225882628472 742.802851852568 -23.5720079 -46.6272761 50
7990626604 1171.874754313033 693.1084118536103 -23.5724566 -46.6275832 50
7990626605 1106.426338932831 752.3275272252041 -23.5719219 -46.6282243 50
7990626606 947.8841628518919 630.7660889758188 -23.5730195 -46.6297773 50
7990626607 974.1717419509559 748.3847546291224 -23.5719575 -46.6295198 50
7990626608 1156.673897893598 808.279457439889 -23.5714167 -46.6277321 50
7990626609 1146.27116270921 897.589901868282 -23.5706103 -46.627834 50
7990626610 1119.503771486057 1011.398697371122 -23.5695827 -46.6280962 50
7990626611 1103.690388952518 1117.997535121676 -23.5686202 -46.6282511 50
7990626612 929.2021163467268 925.6323181984335 -23.5703571 -46.6299603 50
7990626613 990.7303645918603 1037.923810765201 -23.5693432 -46.6293576 50
7990626614 991.6695713013648 1037.96811158029 -23.5693428 -46.6293484 50
7990626615 990.4036839964594 1037.680156278514 -23.5693454 -46.6293608 50
7990626616 999.0913460601885 1070.484910296041 -23.5690492 -46.6292757 50
7990626617 1037.42527208641 1141.277613765862 -23.56841 -46.6289002 50
7990626618 954.6015325787496 1058.911322197109 -23.5691537 -46.6297115 50
7990626619 923.2401954949478 813.1857727772707 -23.5713724 -46.6300187 50
7990626620 850.5435544213353 866.0034202817214 -23.5708955 -46.6307308 50
7990626621 751.3755764148821 928.2571415279266 -23.5703334 -46.6317022 50
7990626622 757.5110463327242 935.4338736695128 -23.5702686 -46.6316421 50
7990626623 776.1012139206764 1024.788618912994 -23.5694618 -46.63146 50
7990626624 776.1624665321517 1024.113031474174 -23.5694679 -46.6314594 50
7990626625 776.223719143627 1025.021198195645 -23.5694597 -46.6314588 50
7990626626 790.0668093409438 1006.104749896695 -23.5696305 -46.6313232 50
7990626627 791.1693563474994 1006.082599488622 -23.5696307 -46.6313124 50
7990626628 791.7206298514266 1006.459156421984 -23.5696273 -46.631307 50
7990626629 789.7197112088174 1006.437006014615 -23.5696275 -46.6313266 50
7990626633 687.9689147500901 1027.324840611253 -23.5694389 -46.6323233 50
7990626634 693.3693533302285 1032.707389717971 -23.5693903 -46.6322704 50
7990626635 876.1471460258083 1160.338039715875 -23.5682379 -46.63048 50
7990626636 828.57428443193 1245.971516441888 -23.5674647 -46.630946 50
7990626637 753.4785827424175 1158.809661574357 -23.5682517 -46.6316816 50
7990626638 734.8884151551147 1150.979492401671 -23.5683224 -46.6318637 50
7990626639 738.7881647528093 1153.238834001839 -23.568302 -46.6318255 50
7990626640 713.6337589660383 1232.016759499798 -23.5675907 -46.6320719 50
7990626641 789.5359533743915 1251.077185449811 -23.5674186 -46.6313284 50
7990626642 750.9468081339055 1276.062845498335 -23.567193 -46.6317064 50
7990626643 752.069772677836 1271.732440764856 -23.5672321 -46.6316954 50
7990626645 754.4892508324097 1375.507101514671 -23.5662951 -46.6316717 50
7990626648 743.0554300193555 1372.981955020448 -23.5663179 -46.6317837 50
7990626649 743.03501248263 1372.716150126042 -23.5663203 -46.6317839 50
7990626650 743.8210876634463 1373.635392051901 -23.566312 -46.6317762 50
7990626651 705.4157002580357 1340.044298556247 -23.5666153 -46.6321524 50
7990626674 1207.06437961599 1096.766369203081 -23.5688119 -46.6272385 50
7990626675 1020.652265305992 1240.522516111657 -23.5675139 -46.6290645 50
7990626676 1007.30940476949 1241.209178755218 -23.5675077 -46.6291952 50
7990626677 975.5397169420867 1238.617581037482 -23.5675311 -46.6295064 50
7990656651 972.6710529691616 278.4527770098148 -23.5762006 -46.6295345 50
7990656652 966.6478795065568 394.1665075878866 -23.5751558 -46.6295935 50
7990656653 958.5727435575807 429.7622129933379 -23.5748344 -46.6296726 50
7990656654 840.998355796952 571.8903049261818 -23.5735511 -46.6308243 50
7990656655 821.6221130275339 574.8806099849999 -23.5735241 -46.6310141 50
7990656656 856.0358719186866 565.3670098164 -23.57361 -46.630677 50
7990656657 858.0776256353961 554.535460380155 -23.5737078 -46.630657 50
7990656658 854.749567077705 567.5709753963865 -23.5735901 -46.6306896 50
7990656659 850.6864771816608 529.2064690103784 -23.5739365 -46.6307294 50
7990656660 857.965329180159 529.5941011477761 -23.573933 -46.6306581 50
7990656661 848.2159551852735 534.179235571626 -23.5738916 -46.6307536 50
7990656662 845.1533246095596 548.6213014856802 -23.5737612 -46.6307836 50
7990656663 846.684639897092 562.9526153611321 -23.5736318 -46.6307686 50
7990656664 848.9816128280654 567.1611928512683 -23.5735938 -46.6307461 50
7990656668 878.1582734354813 575.6226486476862 -23.5735174 -46.6304603 50
7990656670 1202.409181141918 879.6923723294052 -23.5707719 -46.6272841 50
7990743097 636.5575561712916 539.2849045795485 -23.5738455 -46.6328269 50
7990743098 489.1021027699819 472.1691688114026 -23.5744515 -46.6342713 50
7990743101 632.3107084414708 459.9089180699666 -23.5745622 -46.6328685 50
7990787550 1382.297892328497 1348.395002313711 -23.5665399 -46.625522 50
7990814300 666.8163462478882 891.7311189932843 -23.5706632 -46.6325305 50
7990814301 744.5765365385249 808.279457439889 -23.5714167 -46.6317688 50
7990814302 738.6860770672333 736.6782640831636 -23.5720632 -46.6318265 50
7990814303 820.5604010957281 708.9016526467144 -23.572314 -46.6310245 50
7990814304 752.7027163306134 930.6050847596811 -23.5703122 -46.6316892 50
7990814306 536.8791397350117 1127.943068243819 -23.5685304 -46.6338033 50
7990814307 590.8222729229715 1036.993493634953 -23.5693516 -46.6332749 50
7990814308 673.6562211983457 1008.408392312304 -23.5696097 -46.6324635 50
7990814309 373.1407004457354 1072.666725468659 -23.5690295 -46.6354072 50
7990814310 499.6477607159946 915.2880777352088 -23.5704505 -46.634168 50
7990814315 303.8639968476763 727.5522960516093 -23.5721456 -46.6360858 50
7990814316 301.5363976109651 717.2080555883846 -23.572239 -46.6361086 50
7990814317 378.6126004057118 670.238115754895 -23.5726631 -46.6353536 50
7990814318 357.3987792920346 689.4314441512308 -23.5724898 -46.6355614 50
7990814319 407.0950647501738 720.4752407452936 -23.5722095 -46.6350746 50
7990814320 323.9854797225113 523.4916637860922 -23.5739881 -46.6358887 50
7990814321 378.0715356714462 1004.055837171104 -23.569649 -46.6353589 50
7990814322 376.28500116965 918.4223604450905 -23.5704222 -46.6353764 50
7990814333 465.826110403519 805.4220548280981 -23.5714425 -46.6344993 50
7990814334 665.9179746137828 548.8760311756984 -23.5737589 -46.6325393 50
7991410442 778.826955131977 538.9969492774213 -23.5738481 -46.6314333 50
7991410453 463.4985111668078 622.0499034893827 -23.5730982 -46.6345221 50
7991423931 266.6938704394853 212.9650962181053 -23.5767919 -46.6364499 50
7991423932 302.9758339812843 301.7993068778665 -23.5759898 -46.6360945 50
7991725199 715.0425690299705 1200.264149855158 -23.5678774 -46.6320581 50
7991725200 720.2388322389575 1205.336593251676 -23.5678316 -46.6320072 50
7991725201 709.8667233596573 1220.753277111419 -23.5676924 -46.6321088 50
7991725202 704.4969110852567 1202.268761765308 -23.5678593 -46.6321614 50
7991725203 701.311775287891 1207.141851490933 -23.5678153 -46.6321926 50
7991725204 706.4467858841037 1218.9147932597 -23.567709 -46.6321423 50
7991725205 703.1289360954248 1216.090616260019 -23.5677345 -46.6321748 50
7991725206 699.3619004883944 1210.951721640339 -23.5677809 -46.6322117 50
7991725207 713.3274959093112 1221.57284220095 -23.567685 -46.6320749 50
7991725208 718.5952204968373 1202.811446757101 -23.5678544 -46.6320233 50
7991725209 712.4393330416203 1199.245231094028 -23.5678866 -46.6320836 50
7991897268 831.034597660604 573.1085773574998 -23.5735401 -46.6309219 50
7999928949 822.4796495888377 1272.175448921026 -23.5672281 -46.6310057 50
7999928950 866.6325737065131 1292.254793632169 -23.5670468 -46.6305732 50
7999928951 834.1176457723939 1278.300036690431 -23.5671728 -46.6308917 50
8057401105 1054.524959460931 730.3210970318139 -23.5721206 -46.6287327 50
8057401106 894.0941611932697 597.4075747624629 -23.5733207 -46.6303042 50
8057401107 823.0411318604783 586.9304318525632 -23.5734153 -46.6310002 50
8561540256 933.3264588548957 1196.288151646967 -23.5679133 -46.6299199 50
8561737523 901.0259150602908 1330.597149610456 -23.5667006 -46.6302363 50
8728690616 805.1962043792421 1455.015990471633 -23.5655772 -46.631175 50
8740237901 853.5245148475494 569.0661279257955 -23.5735766 -46.6307016 50
8740248314 853.0344939557469 526.1164871155853 -23.5739644 -46.6307064 50
8740248315 849.3082934228169 531.6208634652943 -23.5739147 -46.6307429 50
8944143760 58.3839475212188 905.4200710409681 -23.5705396 -46.6384904 50
8950390811 496.1971969347035 1252.350833900606 -23.5674071 -46.6342018 50
