296284381 7990626620
7990626620 296284511
296284511 4293765312
296284452 7990626617
7990626617 4293923366
4293923366 7990626618
7990626618 296284453
296284632 296284467
296284467 7990787550
7990787550 792621942
792621942 296284684
296284684 4293861641
4293861641 296284464
296284464 7990626609
7990626609 2832670839
2832670839 466919146
466919146 296284458
296284442 7990626676
7990626676 4293896175
4293896175 296284473
296284473 7990626677
7990626677 4293896176
4293896176 477359869
477359869 8561737523
8561737523 8728690616
296285362 2537138074
2537138074 296285860
296285860 2537138072
2537138072 2522075715
2522075715 477359870
296285247 4293806270
4293806270 4887828634
4887828634 8944143760
8944143760 4855901667
4855901667 459347518
459347518 5063103855
5063103855 459347673
459347673 924932934
924932934 85723131
85723131 2522075689
2522075689 2522075661
2522075661 459335450
459335450 2522075648
2522075648 296285246
4849861793 7990557237
7990557237 4293896010
4293896010 7991725207
2522075652 7990626638
7990626638 2522075678
2522075678 296285317
296285317 2522075687
2522075687 7990814307
7990814307 2522075710
2522075710 459335418
459335418 2522075718
2522075718 2522075736
2522075736 296285318
296285318 4874625681
4874625681 4874625679
4874625679 459335453
296285920 4293862956
4293862956 4293863134
4293863134 477359871
477359871 4293863054
4293863054 296285367
296285367 4293862753
4293862753 4293862710
4293862710 4293862643
4293862643 4293862602
4293862602 296285420
296285420 4293765312
4293765312 296285362
296285897 2537138080
2537138080 4293862984
4293862984 296285948
296285948 4293862978
4293862978 2537138077
2537138077 4293862976
4293862976 296285854
296285854 296285946
296285946 296285904
296285904 2522075771
2522075771 296285856
296285856 296285950
296285950 4293862703
4293862703 296285857
296285857 2522075755
2522075755 296285858
296285858 296285859
296285859 296285860
296284458 296285875
296285875 296285889
296285889 4521171578
4521171578 296285877
296285877 7990626606
7990626606 4662148909
4662148909 4662087414
4662087414 2214691548
296285923 7990743101
7990743101 4293863196
4293863196 2537138086
2537138086 4293863195
4293863195 296285916
296285916 296285917
296285917 2537138084
2537138084 4293863194
4293863194 296285918
296285918 2537138083
2537138083 296285919
296285919 4661991641
4661991641 2522075817
2522075817 296285891
296285949 4293874097
4293874097 4293874098
4293874098 2522075765
2522075765 296285950
296285950 7990814301
7990814301 296285430
4662148911 477359871
296285963 7990626619
7990626619 296285367
459335444 7990814306
7990814306 2522075668
2522075668 459335423
296285949 2522075763
2522075763 459347541
459347541 7990814310
7990814310 2522075741
2522075741 296285318
296285318 4874625680
4874625680 2522075703
2522075703 459335447
296285919 7991410442
7991410442 459335465
459335465 7990743097
7990743097 4293863192
4293863192 459335476
459335476 4293863193
4293863193 2267452793
2267452793 459335479
459335479 7990743098
7990743098 4636345478
4636345478 459335483
459335483 3462902010
3462902010 459335486
459335486 459347649
459347649 4266274799
4266274799 4266275816
4266275816 459347702
459347702 7991423932
7991423932 4266278169
4266278169 2739259214
2739259214 4266281143
4266281143 4293874133
4293874133 7991423931
7991423931 5049627617
5049627617 5049627593
5049627593 5049627594
5049627594 5049627595
5049627595 5049627596
5049627596 2739259193
2739259193 5049627599
5049627599 459335500
459347404 3462902011
3462902011 792649556
792649556 459347407
459347407 459335457
459335457 2522075773
2522075773 2522075768
2522075768 4293874099
459347541 2522075757
2522075757 459335455
459335455 4863123012
4863123012 4863123007
4863123007 4863123015
4863123015 3462887690
3462887690 459347528
459347528 7990814315
7990814315 7990814316
7990814316 3462896293
3462896293 3462887692
3462887692 459347548
459347548 4293925866
4293925866 459347404
466919146 7990626605
7990626605 466919148
466919148 466919108
466919108 2578935806
2578935806 2578935808
2578935808 7990626604
7990626604 2578935814
2578935814 2578935825
2419247847 7990656657
7990656657 2214691544
2214691544 7990656656
7990656656 7990656658
7990656658 8740237901
8740237901 2214691551
3375721678 7990814319
7990814319 679496612
679496612 3375721677
296285873 2522075720
2522075720 7990814308
7990814308 2522075713
2522075713 477359870
7991725199 296285314
296285314 296284449
296284449 4293923369
4293923369 3375721670
3375721670 1214249065
1214249065 296284453
296284453 296284381
296285860 7990626621
7990626621 7990814304
7990814304 2537138068
2537138068 7990626622
7990626622 1214249065
1436835505 296285944
296285944 4293874106
4293874106 4293874105
4293874105 4293874104
4293874104 1373874386
1373874386 7990814320
7990814320 459347404
1436835505 459335459
459335459 2522075792
2522075792 2522075787
2522075787 296285952
296285952 2522075782
2522075782 296285946
296285946 7990814302
7990814302 296285340
296285246 2522075650
2522075650 2522075665
2522075665 459335423
459335423 2522075673
2522075673 2522075708
2522075708 459335418
459335418 2522075722
2522075722 2522075743
2522075743 296285871
477359870 7990626633
7990626633 2522075699
2522075699 7990626634
7990626634 2522075671
2522075671 296284449
2214691548 8057401106
8057401106 2214691543
296285951 2214691546
2214691546 8057401107
8057401107 2522075806
2522075806 296285891
296285891 2522075808
2522075808 4870289892
4870289892 4870289895
4870289895 296285881
296285881 2522075804
2522075804 296285882
296285882 2522075799
2522075799 296285892
296285892 2522075794
2522075794 2522075789
2522075789 296285952
296285952 2522075784
2522075784 4293862977
4293862977 2522075780
2522075780 2522075775
2522075775 296285886
296285886 4293874099
4293874099 459347410
459347410 296285949
748729280 2522075683
2522075683 296285317
296285317 2522075680
2522075680 296285273
296285273 4293874092
4293874092 459335444
459335444 4293874091
4293874091 2537138066
2537138066 715554830
715554830 2537138065
2537138065 715554831
715554831 6707729722
6707729722 2537138063
2537138063 715554822
2214691552 2214691542
2214691542 466938058
466938058 4293827711
4293827711 2214691547
2214691547 2522075826
2522075826 2522075828
2522075828 7990656653
7990656653 2522075830
2522075830 466938061
466938061 7990656652
7990656652 2522075832
2522075832 2522075835
2522075835 7990656651
7990656651 2522075837
2522075837 466938062
477359870 748729280
296285891 2522075813
2522075813 7990656655
7990656655 7991897268
7991897268 7990656654
7990656654 2214691551
459335479 1436835505
1436835505 7991410453
7991410453 459347407
296285871 296285872
296285872 4293874095
4293874095 2522075739
2522075739 2522075734
2522075734 296285873
296285949 296285953
296285953 4293874096
4293874096 2522075753
2522075753 2522075751
2522075751 2522075748
2522075748 296285871
459335448 2522075732
2522075732 7990814322
7990814322 459335453
459335453 4863122992
4863122992 4863123011
4863123011 4863123013
4863123013 459335455
459335455 2522075760
2522075760 7990814333
7990814333 459335457
459335457 2522075777
2522075777 459335459
459335459 2522075797
2522075797 4293863191
4293863191 7990814334
7990814334 459335465
459335447 7990814309
7990814309 2522075663
2522075663 459335450
2214691551 2522075815
2522075815 2419247844
2419247844 7990656668
7990656668 2214691545
459335447 2522075701
2522075701 7990814321
7990814321 2522075727
2522075727 459335448
296285871 2522075746
2522075746 7990814300
7990814300 296285858
2214691551 7990656664
7990656664 2214691549
2214691549 7990656663
7990656663 4661970330
4661970330 2522075822
2522075822 7990656662
7990656662 4661991645
4661991645 7990656661
7990656661 8740248315
8740248315 7990656659
7990656659 8740248314
8740248314 2214691552
2578935808 2578935817
2578935817 2578935811
2578935811 5043965921
296285963 4293861654
4293861654 2578952903
2578952903 4293861652
4293861652 2578952902
2578952902 2578951677
2578951677 7990626610
7990626610 296284465
2832670839 7990626608
7990626608 296284506
5043965921 2578935825
2578935825 7990626603
7990626603 296284506
296284498 3559823517
3559823517 3559823514
3559823514 296284464
296284464 7990626674
7990626674 296284465
296284465 296284434
296284434 296284452
296284452 4293911329
4293911329 4293896177
4293896177 7990626675
7990626675 296284442
679496612 679496613
679496613 7990814318
7990814318 4293874101
3375721663 7035978861
7035978861 7990626643
7990626643 3375721661
3375721661 7990626642
7990626642 7990626649
7990626649 7990626648
7990626648 3375721652
3375721652 7990626650
7990626650 7990626645
7990626645 4293773372
3462902011 7468767015
296285891 2522075801
2522075801 2537138082
2537138082 296285897
296285897 2537138078
2537138078 7990814303
7990814303 2537138075
2537138075 296285920
296284434 7990626611
7990626611 4293923373
4293923373 4293923375
4293923375 7990626612
7990626612 296284381
296285314 7990626639
7990626639 2522075652
4293770355 4293896011
4293896011 296285314
4293770353 4293770354
4293770354 7990626637
7990626637 4293770355
296285274 7035978860
7035978860 7990626636
7990626636 4293770354
296284378 2537138062
2537138062 4293896009
4293896009 7991725206
296284508 7468767016
7468767016 7990656670
7990656670 4293861651
4293861650 4293861649
2578951677 7033857128
7033857128 4293861647
4293861647 4293861646
4293861646 4293861645
679496613 7990814317
7990814317 792649556
4293923367 7990626616
7990626616 4293923366
4293923373 7990626614
7990626614 4293923368
4293923368 7990626613
7990626613 7990626615
7990626615 4293923371
4293923370 7990626625
7990626625 7990626623
7990626623 4293923372
4293923372 7990626624
7990626624 7990626629
7990626629 7990626626
7990626626 4293923374
4293923374 7990626627
7990626627 7990626628
7990626628 4293923369
4849861793 4849861776
4849861776 3375721663
3375721663 4849861777
4849861777 7990626641
7990626641 296285274
296285274 7999928949
7999928949 4293896174
4293896174 7999928951
7999928951 7999928950
7999928950 4849861778
4849861778 477359869
296284473 8561540256
8561540256 7990626635
7990626635 296284449
296285362 4293862669
4293862669 296285430
296285430 4293862755
4293862755 4293862994
4293862994 296285340
296285340 4293863116
4293863116 296285342
296285342 296285920
5061224883 5061224884
296284381 296285963
296285963 296285901
296285901 8057401105
8057401105 296284458
2522075657 4431221624
459335423 2522075675
2522075675 2522075694
2522075694 459335447
7991725206 7991725203
7991725203 7991725202
7991725202 296285271
4431221624 296285271
7991725207 7991725201
7991725201 7991725204
7991725204 7991725205
7991725205 7991725206
296285271 7991725209
7991725209 7991725199
7991725199 7991725208
7991725208 7991725200
7991725200 4849861793
7991725207 7990626640
7990626640 7990626651
7990626651 296285245
5061224883 5043965921
296285901 7990626607
7990626607 2537138076
2537138076 4662148911
4662148911 296285947
296285947 4293862980
4293862980 2537138079
2537138079 2419247839
2419247839 296285897
2214691543 296285951
296285246 2522075646
2522075646 8950390811
8950390811 6707729726
6707729726 2537138064
2537138064 715554822
176020912 2522075634
2522075634 7990557255
7990557255 459335426
459335426 2522075643
2522075643 296285246
2214691545 2214691548
2214691552 7990656660
7990656660 4293827702
4293827702 2419247847
7468767015 3462902012
