42424757 42447209
42424757 5481922046
42428844 2541754772
42429530 42438235
42429530 3894445843
42429530 5481922057
42429530 5481922083
42429532 42438236
42429532 3099326124
42429532 5481922099
42429552 42435207
42429552 4577988771
42429552 5475082071
42429727 42453226
42429727 2099150501
42429727 3099327962
42429727 4207724574
42429735 42429741
42429735 42432900
42429735 4163940359
42429735 4207743628
42429741 42429744
42429741 42435775
42429741 5475792646
42429744 42429747
42429744 42445219
42429744 5403787907
42429747 42440125
42429747 42440131
42429825 42429827
42429825 42439371
42429825 42440138
42429825 42440144
42431186 42435360
42431186 1506445746
42431186 1792516986
42431207 42431210
42431207 42435746
42431207 42435755
42431210 42437218
42431210 42440104
42431210 42447317
42432889 595703198
42432889 2141026506
42432894 42435766
42432894 42439849
42432894 4207743627
42432894 4925259779
42432897 42432900
42432897 42435770
42432897 42439851
42432897 4207743627
42432900 42435775
42432900 42439852
42432905 42432908
42432905 42435785
42432905 42439855
42432905 4207743629
42432908 42432917
42432908 42435785
42432908 42435794
42432917 42435794
42432917 42447336
42432917 5481863726
42432926 42432928
42432926 42435802
42432926 42438920
42432926 5481863726
42432928 42439369
42432928 42439371
42432928 5403787911
42432928 5481863722
42432929 42432931
42432929 5403787910
42432931 42432932
42432931 4888388399
42432931 5481863731
42432932 42435810
42433173 2141026546
42433173 4925259780
42433173 5481882798
42434117 42434122
42434117 3846051359
42434117 3846051360
42434117 5266458354
42434122 42444453
42434122 42446177
42434122 5481922053
42434129 42447208
42434129 589928028
42434129 4980798205
42434129 5482291307
42434131 4980798211
42434131 5482291307
42435207 42435211
42435207 42439485
42435207 42453226
42435211 4207764474
42435353 1669455260
42435353 1774036908
42435359 1775693480
42435360 42435362
42435360 1506445711
42435362 42442575
42435362 1506445821
42435380 1669455267
42435380 1807949737
42435380 4188035934
42435746 42437218
42435755 42435761
42435755 42447317
42435755 3910057563
42435761 42435763
42435761 42446775
42435761 42446778
42435763 42435766
42435763 595703198
42435763 5481868701
42435766 42447323
42435766 5481863728
42435770 4708064890
42435775 42447330
42435775 4708064890
42435785 42445219
42435785 5475792646
42435794 42439858
42435794 5481863725
42435802 42438913
42435802 5157411375
42435802 5481863725
42435803 42435805
42435803 42439860
42435803 5157411375
42435803 5481863722
42435805 4888388399
42435810 42435814
42435810 4888388399
42435810 5481907291
42435814 3402046073
42436724 3846051361
42436724 3846051362
42436724 4970616806
42436724 4970616807
42436726 42446203
42436726 42453251
42436726 3099327975
42436726 3845322711
42436728 2141026493
42436728 5481907291
42437142 1506445774
42437142 3907629309
42437142 3907629310
42437177 3099327952
42437177 5266449887
42437177 5266449889
42437188 42437196
42437188 42446778
42437188 42447323
42437188 5481868701
42437196 1775693483
42437196 1792521271
42437218 42446733
42437929 371337165
42437929 2481877067
42437929 2481877070
42438235 42438236
42438235 42446187
42438235 42448141
42438236 42453253
42438236 3099327944
42438702 3023173730
42438702 3023173732
42438702 4207764479
42438704 42446171
42438704 596776656
42438704 4207764477
42438704 4577988774
42438707 42444456
42438707 42452330
42438707 596776656
42438707 5481977604
42438772 42444457
42438772 42447207
42438772 5481977611
42438772 5482291303
42438774 5482291303
42438906 42438908
42438906 42442123
42438906 42442128
42438908 42453241
42438908 3099326119
42438908 4207724576
42438913 2141026538
42438920 42438923
42438920 42439369
42438920 42447336
42438923 42440134
42438923 1775693152
42438923 3579426774
42438928 3579426492
42438928 3579426702
42438928 3579426846
42438928 3579432162
42438984 42448141
42438984 42448979
42438984 2799368116
42438984 5481939506
42439371 4384311764
42439485 5481977585
42439849 2141026498
42439851 2141026492
42439852 2141026504
42439855 2141026510
42439858 2141026491
42439860 2141026511
42439864 2141026501
42439864 5481857115
42439868 2141026524
42439873 2141026508
42439873 5481907297
42439878 2141026513
42440104 42447317
42440104 1774036559
42440108 42446778
42440108 1774036559
42440108 1775693291
42440112 42440122
42440112 42447323
42440112 1792521271
42440122 42440125
42440122 42447326
42440125 42447330
42440131 42440134
42440131 42445219
42440134 42447336
42440138 3579426774
42440138 4384311764
42440144 42440146
42440146 42446212
42440146 5481863731
42442123 42453236
42442123 3858909357
42442128 42453241
42442128 3023173727
42442575 1506445711
42442575 3907629309
42442577 2308955220
42442577 2340960591
42442577 3579432159
42442578 1504153626
42442578 2308955220
42442578 4762583943
42443817 42446169
42443817 596776594
42443817 3023172096
42443817 4207764474
42443818 42456162
42443818 596776594
42443818 5481978522
42444452 4207764479
42444452 5266458354
42444453 4207764477
42444456 589928028
42444457 4980798205
42444458 4980798211
42445183 3023173316
42445183 3023173318
42445183 5481977615
42445185 42452330
42445185 42456162
42445185 596776578
42445185 5481977609
42445189 42445196
42445189 42447206
42445189 42447207
42445189 5481977609
42445215 42453236
42445215 3099327957
42445215 3858909357
42445215 4207724574
42445219 5403787909
42446169 596776613
42446169 3023173316
42446171 3023173318
42446171 5481977613
42446177 4970616806
42446177 4970669710
42446177 5481922051
42446182 42448979
42446182 589928040
42446182 2799368116
42446182 4970669710
42446184 42446187
42446184 42448141
42446184 589928038
42446184 2799368116
42446187 42446190
42446187 589928037
42446190 4207675399
42446190 5481922057
42446190 5482250748
42446203 3099327972
42446203 4207724578
42446203 5015321231
42446775 2141026546
42446778 42447317
42447206 5481978523
42447207 4980798182
42447207 5482291259
42447208 42447209
42447208 5482291305
42447209 589928030
42447209 1332843611
42447323 42447326
42447326 4708064890
42447326 5403787908
42447330 5403787907
42447330 5403787908
42447336 5403787909
42448141 42453253
42448506 2141026523
42448506 3910057567
42448979 4970616807
42448979 5481939504
42448985 589928030
42448985 589928040
42450083 5482291259
42451564 42453253
42451564 3099326127
42451564 4207724580
42451564 5481939506
42452330 596776659
42452330 4980798182
42452564 42453220
42452564 3099327966
42452564 4207724572
42452564 5481977585
42453220 3099327950
42453220 3817980397
42453220 4207724570
42453226 3099326128
42453226 4207724572
42453236 3099327968
42453236 4207724576
42453241 3099326118
42453241 4212658373
42453246 4207724578
42453246 4212658373
42453251 3099327970
42453251 4207724580
42453251 5481939504
42453253 3099327945
42456162 596776613
42456162 5481977606
371337165 2481877063
371337165 2481877065
371337165 4207675399
373850916 589927991
470209420 1669455268
470209420 1669455269
470209421 1669455258
470209421 1669455269
470209434 1669455257
470209434 5694954657
561035338 2541754772
561035338 3579432161
589927967 2481877065
589927967 2481877067
589927991 589928020
589927991 5482250748
589927991 5482250750
589928020 589928035
589928028 589928029
589928028 589928042
589928029 589928041
589928029 5481939501
589928030 589928033
589928030 3627799978
589928033 589928034
589928033 589928039
589928033 5481922046
589928034 589928035
589928034 589928038
589928035 589928037
589928037 589928038
589928037 5482250750
589928038 589928039
589928039 589928040
589928039 2799368116
589928040 589928041
589928041 589928042
589928041 5481922051
589928042 596776654
589928042 5481922053
589928045 2481877063
589928053 2481877070
589928062 2481877068
589928063 2481877067
595703198 1695379681
596776578 596776613
596776578 596776659
596776578 5481977615
596776594 596776613
596776654 596776656
596776656 596776659
596776659 4980798183
1332860731 1506591534
1504153604 2340960702
1504153604 2541754749
1504153626 1506445787
1504153626 2133873543
1504153626 2291820973
1506445711 1506445746
1506445766 3579432160
1506445766 4762583944
1506445774 1506445821
1506445787 4762583944
1506445789 3579432159
1506445789 3579432160
1506445789 4762583943
1506445821 3579432159
1506591534 2541754778
1506591536 2541754749
1506599375 3579426479
1506599375 3579426846
1506599378 1506599382
1506599378 2541754778
1506599382 2297691110
1669455257 1669455266
1669455258 1774036651
1669455259 1774036908
1669455259 5694954657
1669455260 1774036651
1669455261 1669455263
1669455261 1669455267
1669455262 1669455263
1669455262 1669455268
1669455264 1669455270
1669455264 1807949736
1669455265 1669455266
1669455265 5694954656
1669455270 1807949739
1695379681 1695379703
1695379692 1775693152
1695379692 3579426702
1695379703 4925259779
1705982030 4925259782
1775693137 1775693266
1775693137 1775693483
1775693266 1775693291
1775693287 1775693480
1775693287 4786589551
1792516986 4786589551
1807949736 5694954656
1807949737 3579432161
1807949739 3579432162
2099150501 3023172123
2099150501 4207764475
2133873543 3579432161
2141026491 3099327968
2141026492 3099327966
2141026493 3099327975
2141026497 3099327962
2141026497 4163940359
2141026498 5481882795
2141026501 3099327972
2141026504 3099326128
2141026506 5481882788
2141026508 3099326127
2141026510 3099327957
2141026511 3099326118
2141026513 5481907288
2141026524 3099327970
2141026538 3099326119
2291820973 3579432163
2297691110 3579432162
2340960591 3347295528
2340960702 3579432163
2481877068 2481877070
3023172096 4577988771
3023172123 5475082071
3023173331 3023173732
3023173331 4577988774
3023173650 3023173727
3023173650 4207764478
3023173730 4207764478
3099326118 3099326119
3099326118 3099326120
3099326119 4207724575
3099326120 4207724577
3099326124 3099327944
3099326127 3099327945
3099326127 4207724579
3099326128 3099327962
3099326128 4207724571
3099327944 4207724581
3099327945 4207724581
3099327945 5481907288
3099327950 3099327966
3099327950 4207724569
3099327950 5481882789
3099327952 4207724569
3099327952 5266449888
3099327957 3099327968
3099327957 4207724573
3099327962 4207724573
3099327966 4207724571
3099327968 4207724575
3099327970 3099327975
3099327970 4207724579
3099327972 3099327975
3099327972 4207724577
3347295528 3347295531
3347295531 3907629310
3579432160 4188035934
3579432161 3579432162
3627799978 5481939501
3817980397 5481977589
3845322711 3845322712
3845322712 3846051362
3846051358 3846051359
3846051358 5015321231
3846051360 3846051361
3858909357 4207764476
3910057563 3910057564
3910057564 3910057568
3910057567 3910057568
4207724570 5266449889
4207743628 4207743629
4207764475 4207764476
4708064890 5481863729
4888388399 5481857115
4925259780 4925259781
4925259781 4925259782
4980798183 5481977613
5266449888 5481882788
5403787910 5403787911
5481863728 5481863729
5481882789 5481882795
5481882798 5481882803
5481882799 5481882803
5481922083 5481922099
5481977604 5481977611
5481977606 5481978523
