42424757 2273.740523041618 582.7947160627439 40.8069238 -73.9355687 50
42428844 65.71475080920573 1066.988237135312 40.8112589 -73.96168609999999 50
42429530 1982.128674382272 1021.987759720753 40.810856 -73.939018 50
42429532 1715.431449501805 1168.649777326709 40.8121691 -73.94217260000001 50
42429552 1510.46703182649 170.005526613325 40.803228 -73.944597 50
42429727 1245.004124921169 318.2759008210969 40.8045555 -73.947737 50
42429735 812.1474104774268 558.8033967565227 40.806709 -73.95285699999999 50
42429741 757.7866941898362 589.1834658972821 40.806981 -73.95350000000001 50
42429744 637.6097763027726 656.2541700100015 40.8075815 -73.9549215 50
42429747 517.3483160883345 722.431342679557 40.808174 -73.956344 50
42429825 691.1673404824589 1037.177794291488 40.810992 -73.95428800000001 50
42429827 644.9226875916029 1119.047612968913 40.811725 -73.954835 50
42431186 182.0534470472467 255.2149190676047 40.8039909 -73.96031000000001 50
42431207 479.963699071234 87.7447879298706 40.8024915 -73.9567862 50
42431210 359.2964356871205 154.8266611868375 40.8030921 -73.9582135 50
42432889 832.3868435703644 173.1105483858514 40.8032558 -73.9526176 50
42432894 823.4760822993239 277.4526829124245 40.80419 -73.95272300000001 50
42432897 820.3480161993843 371.0501018090876 40.805028 -73.95276 50
42432900 816.3745268278535 465.0942864287537 40.80587 -73.95280700000001 50
42432905 808.1739211058959 652.7358899450828 40.80755 -73.952904 50
42432908 807.0748708543333 678.4249189985734 40.80778 -73.952917 50
42432917 804.1158894091423 747.2268402870415 40.808396 -73.952952 50
42432926 799.6351460744415 841.1593334756017 40.809237 -73.953005 50
42432928 793.3790138734869 936.8788895547528 40.810094 -73.953079 50
42432929 834.6356694696992 1011.823839531315 40.810765 -73.952591 50
42432931 876.0614097185089 1087.438938090251 40.811442 -73.952101 50
42432932 926.3640943082701 1150.656287846865 40.812008 -73.95150599999999 50
42433173 834.8892964496708 73.16905622737676 40.802361 -73.95258800000001 50
42434117 1749.383648041709 601.2461404084167 40.807089 -73.941771 50
42434122 1886.004048538526 525.1507686972885 40.8064077 -73.940155 50
42434129 2158.881317525096 373.1610698487493 40.8050469 -73.93692729999999 50
42434131 2293.52342756867 299.2660193220254 40.8043853 -73.9353347 50
42435207 1472.000273023947 99.75161672616281 40.802599 -73.945052 50
42435211 1608.561493890957 23.68975244351373 40.801918 -73.94343670000001 50
42435353 444.3713793875834 933.1595649139854 40.8100607 -73.9572072 50
42435359 118.9172372154262 9.426756747264108 40.8017903 -73.96105679999999 50
42435360 202.5718698198739 334.4488199811595 40.8047003 -73.96006730000001 50
42435362 222.9719333350376 416.5085140901862 40.805435 -73.95982600000001 50
42435380 441.1756794253142 859.8118023964128 40.809404 -73.957245 50
42435746 441.09113709794 17.71426090278896 40.8018645 -73.957246 50
42435755 519.2927896093372 157.3843949480813 40.803115 -73.956321 50
42435761 558.1822600487512 227.638304835954 40.803744 -73.955861 50
42435763 599.946169607058 302.9741748192559 40.8044185 -73.955367 50
42435766 641.6255368369148 378.6451190951655 40.805096 -73.954874 50
42435770 682.1297657225082 448.1283581109645 40.8057181 -73.9543949 50
42435775 719.1508507325448 519.0412474398048 40.806353 -73.953957 50
42435785 796.676164628175 659.4373757844443 40.80761 -73.95304 50
42435794 835.1429234317934 729.5795942426319 40.808238 -73.952585 50
42435802 873.1700621334962 799.9228572745368 40.8088678 -73.9521352 50
42435803 912.144074899209 870.4895031693643 40.8094996 -73.9516742 50
42435805 954.1193402748756 946.0599251555732 40.8101762 -73.9511777 50
42435810 1035.423696189721 1091.459829595146 40.811478 -73.950216 50
42435814 1074.228624300685 1161.266973760016 40.812103 -73.94975700000001 50
42436724 1787.681322191655 670.9415931436014 40.807713 -73.941318 50
42436726 1522.556584593679 818.7093559121067 40.809036 -73.94445399999999 50
42436728 1269.512945529296 960.9483928636007 40.8103095 -73.94744710000001 50
42437142 120.5996295228592 571.9159707160751 40.8068264 -73.9610369 50
42437177 1085.785560406063 34.64668179138835 40.8020161 -73.94962030000001 50
42437188 478.9407369134476 370.3911223688303 40.8050221 -73.9567983 50
42437196 359.8375065814553 434.4014812817501 40.8055952 -73.9582071 50
42437218 320.3646940850949 84.68444272936034 40.8024641 -73.958674 50
42437929 2237.395776646272 1157.826877695593 40.8120722 -73.9359986 50
42438235 1941.886526711324 949.7234040814981 40.810209 -73.939494 50
42438236 1676.246080919808 1097.558181709093 40.8115326 -73.9426361 50
42438702 1666.278540561967 451.0211661648158 40.805744 -73.94275399999999 50
42438704 1800.447213574611 374.9593018828772 40.805063 -73.94116699999999 50
42438707 1950.070223969312 292.7655780570917 40.8043271 -73.9393972 50
42438772 2075.463403433424 222.6121904567881 40.803699 -73.93791400000001 50
42438774 2211.069296006053 147.2204747579332 40.803024 -73.93631000000001 50
42438906 1492.129801091944 456.4940462676951 40.805793 -73.9448139 50
42438908 1360.835567198191 528.7137253349339 40.8064396 -73.9463669 50
42438913 1108.290727865531 669.5454502604604 40.8077005 -73.94935409999999 50
42438920 754.2359164551767 866.3680893761889 40.8094627 -73.953542 50
42438923 633.8476427496773 933.5281466350721 40.810064 -73.954966 50
42438928 394.423772572364 1067.088759423591 40.8112598 -73.957798 50
42438984 1864.039951973393 809.4724745964439 40.8089533 -73.9404148 50
42439369 776.5550907927006 906.5658352730834 40.8098226 -73.953278 50
42439371 746.2635750145482 962.8806546137771 40.8103268 -73.9536363 50
42439485 1433.448971892954 29.6093982686856 40.801971 -73.945508 50
42439849 874.9200883043347 249.3734572436387 40.8039386 -73.95211449999999 50
42439851 913.9786433963461 319.5156757011159 40.8045666 -73.95165249999999 50
42439852 953.2401000742709 388.7531935697606 40.8051865 -73.9511881 50
42439855 1030.680871641451 529.3727047759015 40.8064455 -73.95027210000001 50
42439858 1069.316715099818 599.4032318029831 40.8070725 -73.9498151 50
42439860 1147.011113650197 739.4642858557255 40.8083265 -73.9488961 50
42439864 1230.031678802565 889.912642960828 40.8096735 -73.94791410000001 50
42439868 1306.627027100305 1028.298325554085 40.8109125 -73.94700810000001 50
42439873 1345.347412886046 1098.552235441247 40.8115415 -73.9465501 50
42439878 1382.884206091775 1166.684008146632 40.8121515 -73.94610609999999 50
42440104 360.0995877950245 244.3920194357785 40.803894 -73.95820399999999 50
42440108 356.7601658766494 335.9901617238858 40.8047141 -73.95824349999999 50
42440112 400.8489894269917 512.1163787389419 40.806291 -73.957722 50
42440122 439.4002905569089 581.9235229038117 40.806916 -73.957266 50
42440125 478.2897609963229 652.2891242227903 40.807546 -73.956806 50
42440131 556.2377865277485 792.5735611363237 40.808802 -73.955884 50
42440134 594.6200030029174 862.6040881634053 40.809429 -73.95543000000001 50
42440138 672.1453168985474 1003.111907939861 40.810687 -73.95451300000001 50
42440144 714.5855650736967 1079.397155082591 40.81137 -73.95401099999999 50
42440146 754.0668318015039 1155.459019364529 40.812051 -73.95354399999999 50
42442123 1453.358689911068 387.8931695529442 40.8051788 -73.9452725 50
42442128 1530.114668631035 526.558080723256 40.8064203 -73.9443646 50
42442575 77.55067659319684 494.7148538409762 40.8061352 -73.96154610000001 50
42442577 200.2892269915255 715.8527174134175 40.8081151 -73.96009429999999 50
42442578 239.3308736174167 786.4863781659138 40.8087475 -73.9596325 50
42443817 1645.76011778934 95.09408406666273 40.8025573 -73.94299669999999 50
42443818 1795.163318133083 12.36424137384199 40.8018166 -73.94122950000001 50
42444452 1707.873365465525 526.0778075710633 40.806416 -73.942262 50
42444453 1844.493765961267 450.2393261506263 40.805737 -73.940646 50
42444456 1991.766499665289 368.235477756442 40.8050028 -73.93890399999999 50
42444457 2116.838418288175 299.2660193220254 40.8043853 -73.9374246 50
42444458 2252.503490489536 225.1364167895527 40.8037216 -73.9358199 50
42445183 1721.400137790548 237.243767873414 40.80383 -73.94210200000001 50
42445185 1872.688632028713 152.7045240036389 40.8030731 -73.9403125 50
42445189 1998.140991124783 82.60698211817783 40.8024455 -73.93882859999999 50
42445196 2133.434077085481 7.003052702068658 40.8017686 -73.9372283 50
42445215 1283.504700654877 388.4851341362429 40.8051841 -73.9472816 50
42445219 676.4400671123794 726.2176821794143 40.8082079 -73.95446219999999 50
42446169 1682.087955718565 166.2080179706413 40.803194 -73.942567 50
42446171 1759.52872728682 306.4924548863061 40.80445 -73.94165099999999 50
42446177 1923.540841744255 596.4545780328684 40.8070461 -73.939711 50
42446182 1963.072833868271 664.2512764470664 40.8076531 -73.9392434 50
42446184 2040.24306998936 803.5081521985454 40.8088999 -73.9383306 50
42446187 2078.76900842171 873.036067787071 40.8095224 -73.9378749 50
42446190 2118.334817476892 944.440399411641 40.8101617 -73.9374069 50
42446203 1484.064463091418 748.8687043187579 40.8084107 -73.94490930000001 50
42446212 708.6676021800877 1181.036356987624 40.81228 -73.954081 50
42446733 281.5597659752061 14.76560713338461 40.8018381 -73.95913299999999 50
42446775 790.8004728993285 98.54534927462305 40.8025882 -73.9531095 50
42446778 437.0415596337084 294.9100535259432 40.8043463 -73.9572939 50
42447206 1959.16697835907 11.90630650801256 40.8018125 -73.9392896 50
42447207 2036.827559977208 152.469971999311 40.803071 -73.938371 50
42447208 2197.457981353656 442.7560002956543 40.80567 -73.936471 50
42447209 2235.924740157275 512.6748358923405 40.806296 -73.936016 50
42447317 398.0252757043086 224.600297921807 40.8037168 -73.9577554 50
42447323 520.8060972641731 445.8163454961646 40.8056974 -73.9563031 50
42447326 559.7124761686318 515.9138873816256 40.806325 -73.95584289999999 50
42447330 598.694943166867 586.1342898403086 40.8069537 -73.9553818 50
42447336 715.4225341106144 796.4380846380973 40.8088366 -73.9540011 50
42448141 1903.419767908781 879.6928770551269 40.809582 -73.939949 50
42448506 752.257626000858 28.10156395443857 40.8019575 -73.9535654 50
42448979 1826.317165647871 740.3019715861785 40.808334 -73.940861 50
42448985 2098.966170352036 588.513317313488 40.806975 -73.937636 50
42450083 2172.17982556879 77.18994773156197 40.802397 -73.93677 50
42451564 1599.414014104989 958.1672762401449 40.8102846 -73.94354490000001 50
42452330 1911.366746650767 222.7127127436468 40.8036999 -73.93985499999999 50
42452564 1166.667204686188 178.5387519167146 40.8033044 -73.9486636 50
42453220 1127.828459644059 108.0726283101668 40.8026735 -73.949123 50
42453226 1205.150871954851 248.4240800835006 40.8039301 -73.9482084 50
42453236 1322.4448964905 458.2699400161703 40.8058089 -73.946821 50
42453241 1399.851851127591 598.8447746495847 40.8070675 -73.9459054 50
42453246 1441.505855659881 674.6609177843688 40.8077463 -73.94541270000001 50
42453251 1560.888075673714 888.2484406434588 40.8096586 -73.9440006 50
42453253 1637.804684814831 1027.806883258356 40.8109081 -73.94309079999999 50
42456162 1833.553988841849 81.8586495324675 40.8024388 -73.94077540000001 50
371337165 2230.150499218696 1151.158899284711 40.8120125 -73.9360843 50
373850916 2284.350585085136 949.8574337989673 40.8102102 -73.93544319999999 50
470209420 452.3859919908234 897.9655951120249 40.8097456 -73.9571124 50
470209421 451.2615790406182 913.4013508299141 40.8098838 -73.95712570000001 50
470209434 435.5367062113949 945.8700497239718 40.8101745 -73.95731170000001 50
561035338 79.88404482098167 1058.745409553224 40.8111851 -73.9615185 50
589927967 2212.5487867308 1169.007189904969 40.8121723 -73.93629249999999 50
589927991 2239.915137992774 875.2028815422858 40.8095418 -73.9359688 50
589928020 2264.212602783542 861.3643132833863 40.8094179 -73.93568140000001 50
589928028 2033.166877215456 443.1804277330045 40.8056738 -73.93841430000001 50
589928029 2071.811174907421 513.1216016146331 40.8063 -73.9379572 50
589928030 2110.066577891529 582.3702886261042 40.80692 -73.93750470000001 50
589928033 2147.172205230015 653.4172076724137 40.8075561 -73.9370658 50
589928034 2187.118454756229 721.8170398113159 40.8081685 -73.9365933 50
589928035 2225.754298213521 791.758213693655 40.8087947 -73.9361363 50
589928037 2201.397653792947 805.3063842326735 40.808916 -73.93642440000001 50
589928038 2162.837898430507 735.3205337783183 40.8082894 -73.9368805 50
589928039 2124.193600740693 665.7144341885869 40.8076662 -73.93733760000001 50
589928040 2085.929743522988 595.7732603062479 40.80704 -73.93779019999999 50
589928041 2047.648977838087 526.3011904325648 40.806418 -73.938243 50
589928042 2009.199127500588 456.5275536961743 40.8057933 -73.9386978 50
589928045 2261.980685350327 1130.51832289817 40.8118277 -73.9357078 50
589928053 2248.191831809584 1173.329648271151 40.812211 -73.9358709 50
589928062 2268.549624161061 1149.517035253705 40.8119978 -73.9356301 50
589928063 2242.240051986961 1179.450338672171 40.8122658 -73.9359413 50
595703198 816.6704249736633 182.7606879960381 40.8033422 -73.9528035 50
596776578 1849.059051622266 165.9064511086444 40.8031913 -73.940592 50
596776594 1771.626734285457 25.39863133218864 40.8019333 -73.9415079 50
596776613 1809.975133830536 94.99356177909362 40.8025564 -73.9410543 50
596776654 1967.824112646912 381.4485740042741 40.8051211 -73.93918720000001 50
596776656 1926.203925045787 305.9116594458338 40.8044448 -73.9396795 50
596776659 1887.593444287138 235.8364558474465 40.8038174 -73.9401362 50
1332843611 2294.132132323183 481.0661610143886 40.806013 -73.9353275 50
1332860731 30.21542768437621 1177.908996929445 40.812252 -73.96210600000001 50
1504153604 37.67206092931247 982.1697646891926 40.8104995 -73.9620178 50
1504153626 275.3712676344298 851.6918353868364 40.8093313 -73.9592062 50
1506445711 38.85565350717388 425.2986296828461 40.8055137 -73.96200380000001 50
1506445746 0 355.6031769483719 40.8048897 -73.9624634 50
1506445766 362.0356070824294 804.122455067497 40.8089054 -73.9581811 50
1506445774 249.2730512776905 496.1780115824967 40.8061483 -73.9595149 50
1506445787 319.9757993815397 827.2090737855962 40.8091121 -73.9586786 50
1506445789 383.1542803781231 708.1906852703811 40.8080465 -73.9579313 50
1506445821 262.6222847175932 493.1288355255233 40.806121 -73.959357 50
1506591534 104.4182281266753 1136.761873873123 40.8118836 -73.9612283 50
1506591536 22.74188597331931 990.0551796937305 40.8105701 -73.9621944 50
1506599375 272.057208414697 1135.756650996721 40.8118746 -73.9592454 50
1506599378 118.6889729308705 1128.552553718094 40.8118101 -73.9610595 50
1506599382 232.2377723784687 1064.988960528177 40.811241 -73.9597164 50
1669455257 432.163467364006 949.5335286498968 40.8102073 -73.9573516 50
1669455258 448.8267600225661 922.8281075778888 40.8099682 -73.9571545 50
1669455259 440.271076526067 940.0844336148483 40.8101227 -73.9572557 50
1669455260 446.9330118977728 928.200465393199 40.8100163 -73.95717689999999 50
1669455261 449.6468205955146 881.7926759505413 40.8096008 -73.95714479999999 50
1669455262 451.515206022741 889.968488676381 40.809674 -73.9571227 50
1669455263 450.5767861934044 885.8694131702795 40.8096373 -73.95713379999999 50
1669455264 419.9301926396349 959.2841905462316 40.8102946 -73.9574963 50
1669455265 425.4169896649259 955.7994179097921 40.8102634 -73.9574314 50
1669455266 428.5366015323434 953.264022434201 40.8102407 -73.95739450000001 50
1669455267 447.0006457590268 873.8514152311609 40.8095297 -73.9571761 50
1669455268 452.1661819398655 895.0392796282733 40.8097194 -73.957115 50
1669455269 452.3268123620917 906.6105118450995 40.809823 -73.9571131 50
1669455270 409.3539475283569 965.1144832273712 40.8103468 -73.95762139999999 50
1695379681 822.9265571746182 196.1748288182978 40.8034623 -73.9527295 50
1695379692 548.9671464026053 980.6842686613088 40.8104862 -73.95596999999999 50
1695379703 824.6512206457385 203.6581546732697 40.8035293 -73.95270910000001 50
1705982030 827.5425682307512 130.3997453004397 40.8028734 -73.95267490000001 50
1774036559 359.3048899196428 266.1271718434631 40.8040886 -73.95821340000001 50
1774036651 447.6600759086737 926.1453430683798 40.8099979 -73.95716830000001 50
1774036908 442.4015431679384 936.5996609784088 40.8100915 -73.95723049999999 50
1775693137 354.5705196049707 417.2233392467069 40.8054414 -73.95826940000001 50
1775693152 583.7224970471871 961.4845117299255 40.8103143 -73.9555589 50
1775693266 353.4714693544836 411.2590168480979 40.805388 -73.9582824 50
1775693287 121.3013308361933 24.6391296036519 40.8019265 -73.96102860000001 50
1775693291 353.7250963355307 405.4287241683793 40.8053358 -73.9582794 50
1775693480 119.6358469948805 13.84973740172575 40.8018299 -73.9610483 50
1775693483 356.4304507996749 424.1370388040329 40.8055033 -73.9582474 50
1792516986 170.3527889846878 210.7952370920972 40.8035932 -73.9604484 50
1792521271 367.1335094041654 448.2288803992441 40.805719 -73.9581208 50
1807949736 422.0352965839393 957.9997390934859 40.8102831 -73.9574714 50
1807949737 355.4243971090843 906.0073781196849 40.8098176 -73.95825929999999 50
1807949739 358.9582663786991 993.6404746191599 40.8106022 -73.9582175 50
2099150501 1380.745285217381 242.4039119693387 40.8038762 -73.9461314 50
2133873543 284.6624693765032 868.5013957029244 40.8094818 -73.9590963 50
2141026491 1081.499264426904 592.5900545325158 40.8070115 -73.949671 50
2141026492 928.038032383181 311.6749372678836 40.8044964 -73.95148620000001 50
2141026493 1281.137515499154 954.4032750259405 40.8102509 -73.9473096 50
2141026497 1005.512620882602 451.7248221785101 40.8057503 -73.9505698 50
2141026498 889.6219989757719 241.0189382297345 40.8038638 -73.9519406 50
2141026501 1243.262552983928 882.5633468226149 40.8096077 -73.9477576 50
2141026504 967.2149467326558 380.9683008520813 40.8051168 -73.9510228 50
2141026506 846.0573378514928 165.3926705272621 40.8031867 -73.9524559 50
2141026508 1357.918856915612 1091.605028454021 40.8114793 -73.9464014 50
2141026510 1043.472125724126 522.2356223570739 40.8063816 -73.95012079999999 50
2141026511 1159.7854592646 732.3607108660876 40.8082629 -73.948745 50
2141026513 1394.999121555456 1160.08304459484 40.8120924 -73.9459628 50
2141026523 768.1093123211429 19.73587579770799 40.8018826 -73.95337790000001 50
2141026524 1319.528186207921 1021.194750563737 40.8108489 -73.9468555 50
2141026538 1120.709995706468 662.6094124153501 40.8076384 -73.9492072 50
2141026546 806.1449052564435 90.09030797314972 40.8025125 -73.952928 50
2291820973 251.225979032291 865.4968962172567 40.8094549 -73.9594918 50
2297691110 305.0371701930246 1024.24392662071 40.8108762 -73.9588553 50
2308955220 203.2312999716719 721.1692295124642 40.8081627 -73.9600595 50
2340960591 171.4941104010131 663.7486650085104 40.8076486 -73.9604349 50
2340960702 75.25112529872831 962.0094614541343 40.810319 -73.9615733 50
2481877063 2247.050510394334 1139.788711643023 40.8119107 -73.93588440000001 50
2481877065 2223.023581049659 1157.927399982451 40.8120731 -73.9361686 50
2481877067 2231.266457935303 1160.887222896103 40.8120996 -73.93607110000001 50
2481877068 2248.842807728859 1161.680232053119 40.8121067 -73.9358632 50
2481877070 2242.485224734411 1165.310203549144 40.8121392 -73.9359384 50
2541754749 33.1321379680312 984.5711304487352 40.810521 -73.96207149999999 50
2541754772 75.47093534968599 1061.314312458715 40.8112081 -73.9615707 50
2541754778 113.9799653159162 1131.255486340344 40.8118343 -73.96111519999999 50
2799368116 2001.336691085977 733.2877497398624 40.8082712 -73.93879080000001 50
3023172096 1602.533625973482 119.0295576580414 40.8027716 -73.94350799999999 50
3023172123 1423.616699257622 218.4796075229179 40.803662 -73.94562430000001 50
3023173316 1713.503884445847 222.969603034338 40.8037022 -73.9421954 50
3023173318 1729.820553564539 252.534324731718 40.8039669 -73.94200240000001 50
3023173331 1698.94569572944 432.502726961474 40.8055782 -73.9423676 50
3023173650 1632.021989644806 469.9305253763181 40.8059133 -73.9431592 50
3023173727 1580.129909308584 498.5905464855762 40.8061699 -73.94377299999999 50
3023173730 1657.291691196075 455.9802656863127 40.8057884 -73.94286030000001 50
3023173732 1674.665139403718 446.2631112184571 40.8057014 -73.9426548 50
3099326118 1387.043688580948 605.9930262112385 40.8071315 -73.9460569 50
3099326119 1347.38488296587 536.1970511899058 40.8065066 -73.94652600000001 50
3099326120 1428.139713754934 681.8650150615758 40.8078108 -73.9455708 50
3099326124 1702.099124528022 1175.999073464211 40.8122349 -73.94233029999999 50
3099326127 1585.008001578286 966.1308752458887 40.8103559 -73.94371529999999 50
3099326128 1192.782329509048 255.3266104987107 40.8039919 -73.9483547 50
3099327944 1662.364230819168 1105.164368137287 40.8116007 -73.9428003 50
3099327945 1624.108827833985 1035.267870827675 40.8109749 -73.9432528 50
3099327950 1115.003388631295 115.2208798725313 40.8027375 -73.9492747 50
3099327952 1074.414617420479 41.03543162592655 40.8020733 -73.94975479999999 50
3099327957 1270.180829913616 395.8679377036458 40.8052502 -73.94743920000001 50
3099327962 1231.59571185361 325.736888388995 40.8046223 -73.9478956 50
3099327966 1153.148886592612 186.0667543437027 40.8033718 -73.9488235 50
3099327968 1308.960395327014 465.4963755790301 40.8058736 -73.9469805 50
3099327970 1547.056950969284 895.8657962151896 40.8097268 -73.9441642 50
3099327972 1469.886714848196 756.7429501797589 40.8084812 -73.945077 50
3099327975 1508.826910682744 826.4272337714066 40.8091051 -73.9446164 50
3347295528 165.0266223826984 652.0545722177519 40.8075439 -73.9605114 50
3347295531 136.80639361661 600.9892501177255 40.8070867 -73.96084519999999 50
3402046073 1040.14961226972 1179.428000386519 40.8122656 -73.95016010000001 50
3579426479 221.1711817690652 1164.304980673453 40.8121302 -73.95984730000001 50
3579426492 432.3832774138882 1135.767820139548 40.8118747 -73.95734899999999 50
3579426702 475.8803046747621 1021.552163141287 40.8108521 -73.9568345 50
3579426774 670.8349108307002 1000.732880466682 40.8106657 -73.9545285 50
3579426846 349.4557088203414 1092.319853610542 40.8114857 -73.9583299 50
3579432159 343.5377459267324 637.4006565147628 40.8074127 -73.9583999 50
3579432160 409.7259337668675 777.9419837189873 40.808671 -73.957617 50
3579432161 316.8730959791669 926.7708150801577 40.8100035 -73.95871529999999 50
3579432162 354.2746214613121 996.6896506761334 40.8106295 -73.9582729 50
3579432163 180.5824105582492 905.6276272550613 40.8098142 -73.9603274 50
3627799978 2074.854698678911 518.6391582895285 40.8063494 -73.93792120000001 50
3817980397 1256.662511818965 36.24386925037811 40.8020304 -73.94759910000001 50
3845322711 1594.442925276466 778.6456397326815 40.8086773 -73.9436037 50
3845322712 1638.109037192088 754.3080769903161 40.8084594 -73.94308719999999 50
3846051358 1593.58059353983 687.9298597470433 40.8078651 -73.9436139 50
3846051359 1684.446686641765 637.3783182291099 40.8074125 -73.9425391 50
3846051360 1763.299315072438 626.5665877393997 40.8073157 -73.9416064 50
3846051361 1785.356408197468 666.7084879214516 40.8076751 -73.9413455 50
3846051362 1712.836000062602 712.6583424968589 40.8080865 -73.9422033 50
3858909357 1414.122595931786 317.8179659552674 40.8045514 -73.9457366 50
3894445843 1986.093709520205 1029.158349569481 40.8109202 -73.9389711 50
3907629309 114.8676597490435 561.6403590955315 40.8067344 -73.96110470000001 50
3907629310 125.9511588245668 581.5102646099983 40.8069123 -73.9609736 50
3910057563 555.8658002870868 137.0900619969747 40.8029333 -73.95588840000001 50
3910057564 559.2305849041045 135.2248151058883 40.8029166 -73.9558486 50
3910057567 710.9164280783471 51.04298381224203 40.8021629 -73.9540544 50
3910057568 653.1740187108453 83.50051356347336 40.8024535 -73.9547374 50
4163940359 991.6899504117694 459.0294417432861 40.8058157 -73.9507333 50
4188035934 426.8542092238345 822.4398496964111 40.8090694 -73.9574144 50
4207675399 2199.892800372784 1095.22383080793 40.8115117 -73.9364422 50
4207724569 1092.878661646086 74.78858197201936 40.8023755 -73.9495364 50
4207724570 1116.482879354966 88.25856851054255 40.8024961 -73.94925720000001 50
4207724571 1171.190219182425 217.5972452197383 40.8036541 -73.9486101 50
4207724572 1194.785982659858 229.6040740160305 40.8037616 -73.948331 50
4207724573 1246.25535136136 352.3864637461605 40.8048609 -73.9477222 50
4207724574 1270.518999222038 364.8065508355555 40.8049721 -73.9474352 50
4207724575 1320.458151804735 486.6507325476634 40.806063 -73.9468445 50
4207724576 1347.976679256414 505.1133260354522 40.8062283 -73.946519 50
4207724577 1454.314018206525 728.8200925133847 40.8082312 -73.9452612 50
4207724578 1472.921784389314 729.4455645258731 40.8082368 -73.9450411 50
4207724579 1563.356711622931 926.0448207815211 40.809997 -73.9439714 50
4207724580 1589.57328723821 940.3078164763499 40.8101247 -73.9436613 50
4207724581 1636.874719216942 1058.600210693639 40.8111838 -73.94310179999999 50
4207743627 822.0726796715803 319.4486608427364 40.804566 -73.9527396 50
4207743628 810.7101909174428 592.7910991083644 40.8070133 -73.95287399999999 50
4207743629 809.6365033645225 618.1785612977267 40.8072406 -73.95288669999999 50
4207764474 1627.262256633643 59.59854740199489 40.8022395 -73.94321549999999 50
4207764475 1380.56774633011 252.0652207223517 40.8039627 -73.9461335 50
4207764476 1382.943385720507 260.3415557350501 40.8040368 -73.94610539999999 50
4207764477 1822.394401673625 412.4652842996377 40.8053988 -73.9409074 50
4207764478 1647.9244013613 461.1515789264847 40.8058347 -73.94297109999999 50
4207764479 1694.566403188234 502.0641499784788 40.806201 -73.94241940000001 50
4212658373 1420.573175485056 636.5629707850202 40.8074052 -73.9456603 50
4384311764 691.3871505323414 992.6687591726586 40.8105935 -73.9542854 50
4577988771 1524.010712617633 162.5110316155267 40.8031609 -73.94443680000001 50
4577988774 1751.564840078714 402.6699458298658 40.8053111 -73.9417452 50
4708064890 679.7710347971567 449.4351478500734 40.8057298 -73.9544228 50
4762583943 290.3098968229449 758.7310576454881 40.808499 -73.9590295 50
4762583944 325.2258778897528 824.3274348745713 40.8090863 -73.95861650000001 50
4786589551 132.0889317669826 65.5852080848357 40.8022931 -73.96090100000001 50
4888388399 996.1960564429612 1020.535771122769 40.810843 -73.95068000000001 50
4925259779 822.0388627404154 262.4078472026957 40.8040553 -73.95274000000001 50
4925259780 835.9968009337558 83.83558785608085 40.8024565 -73.9525749 50
4925259781 834.3735882550543 113.3444638371975 40.8027207 -73.9525941 50
4925259782 832.3361181730795 122.3467931492428 40.8028013 -73.9526182 50
4970616806 1796.499086900648 666.0495084797734 40.8076692 -73.94121370000001 50
4970616807 1793.049759958407 680.5693944667144 40.8077992 -73.9412545 50
4970669710 1939.688426208199 622.0430847980793 40.8072752 -73.93952 50
4980798182 1916.836635209938 219.6523675431365 40.8036725 -73.9397903 50
4980798183 1882.757623180048 238.5058810405068 40.8038413 -73.9401934 50
4980798205 2122.91701160186 309.9437200928455 40.8044809 -73.93735270000001 50
4980798211 2257.964924816185 235.0099392605304 40.80381 -73.9357553 50
5015321231 1588.093796514539 690.9790358040168 40.8078924 -73.9436788 50
5157411375 889.4275516234563 827.3319343588181 40.8091132 -73.95194290000001 50
5266449887 1137.212657946029 5.584571533274811 40.8017559 -73.949012 50
5266449888 1051.503646791335 53.51136443158498 40.802185 -73.95002580000001 50
5266449889 1105.585373400311 69.22634872510775 40.8023257 -73.9493861 50
5266458354 1714.239402691421 537.6155323594102 40.8065193 -73.94218669999999 50
5403787907 612.2217154918894 610.5053600111535 40.8071719 -73.9552218 50
5403787908 581.0763222106991 554.4027543884243 40.8066696 -73.9555902 50
5403787909 690.1781952558374 750.9685032141722 40.8084295 -73.95429970000001 50
5403787910 816.146262545449 978.2382263304605 40.8104643 -73.9528097 50
5403787911 810.8031874773392 968.5322410054314 40.8103774 -73.9528729 50
5475082071 1500.23741025508 175.7129587198218 40.8032791 -73.94471799999999 50
5475792646 781.1034679886552 631.302304400816 40.8073581 -73.95322419999999 50
5481857115 1055.062878759592 987.6538139348983 40.8105486 -73.9499837 50
5481863722 881.1762205052896 887.8016749211663 40.8096546 -73.9520405 50
5481863725 849.8701968018731 756.8211341809647 40.8084819 -73.9524108 50
5481863726 801.7064330875812 793.6011222990885 40.8088112 -73.9529805 50
5481863728 656.0061866671263 405.7079527447233 40.8053383 -73.9547039 50
5481863729 659.7514117551768 412.766851162345 40.8054015 -73.9546596 50
5481863731 782.2616978678741 1139.744035071717 40.8119103 -73.9532105 50
5481868701 537.9850981195009 337.5873491828756 40.8047284 -73.9560999 50
5481882788 925.3242236854389 122.223932576021 40.8028002 -73.9515183 50
5481882789 1072.165791521144 138.7989408856496 40.8029486 -73.94978140000001 50
5481882795 948.3112824072834 206.9753901630502 40.803559 -73.9512464 50
5481882798 941.640892804131 13.52583225265516 40.801827 -73.95132529999999 50
5481882799 952.6821207159674 7.304619564775976 40.8017713 -73.9511947 50
5481882803 947.5165845329773 10.25327333418034 40.8017977 -73.9512558 50
5481907288 1456.436030614799 1126.60912282438 40.8117927 -73.9452361 50
5481907291 1239.010073933784 977.958997753406 40.8104618 -73.9478079 50
5481907297 1264.803937914342 1144.412736872623 40.8119521 -73.9475028 50
5481922046 2185.917953713324 631.7937466958351 40.8073625 -73.93660749999999 50
5481922051 2023.216245324812 540.1174204058115 40.8065417 -73.938532 50
5481922053 1995.553995917027 464.1337401250787 40.8058614 -73.9388592 50
5481922057 2014.094128236411 1003.793225665771 40.8106931 -73.9386399 50
5481922083 1930.067509392377 1050.614273400821 40.8111123 -73.9396338 50
5481922099 1887.196095349985 1074.19233441394 40.8113234 -73.9401409 50
5481939501 2074.195268529264 517.444059980815 40.8063387 -73.937929 50
5481939504 1680.321021081606 821.6803479671638 40.8090626 -73.94258790000001 50
5481939506 1823.366638434126 832.3245413109256 40.8091579 -73.9408959 50
5481977585 1370.946829513214 64.5018012079388 40.8022834 -73.9462473 50
5481977589 1321.354300470384 0 40.8017059 -73.9468339 50
5481977604 1963.258826988064 285.3827744889784 40.804261 -73.9392412 50
5481977606 1870.050911425823 61.53080915288172 40.8022568 -73.9403437 50
5481977609 1963.766080950159 101.8179081930979 40.8026175 -73.9392352 50
5481977611 1974.029519451658 279.362606376948 40.8042071 -73.9391138 50
5481977613 1856.608681426023 252.936413881284 40.8039705 -73.9405027 50
5481977615 1814.887043032479 185.0056857524586 40.8033623 -73.9409962 50
5481978522 1803.642913535805 7.673201286573203 40.8017746 -73.94112920000001 50
5481978523 1892.953427821368 48.77564777087912 40.8021426 -73.9400728 50
5482250748 2180.042261983402 909.3022753238126 40.8098471 -73.936677 50
5482250750 2213.461843862569 827.1867354999433 40.8091119 -73.93628169999999 50
5482291259 2106.786335602961 113.556677556583 40.8027226 -73.9375435 50
5482291303 2159.092673342456 176.1150478708087 40.8032827 -73.9369248 50
5482291305 2255.521651564534 410.8010819836895 40.8053839 -73.9357842 50
5482291307 2211.492007641848 344.288835022237 40.8047884 -73.936305 50
5694954656 423.5316957715795 957.0168545048687 40.8102743 -73.9574537 50
5694954657 437.8447117394614 943.2341319593909 40.8101509 -73.95728440000001 50
