42424757 40.8069238 -73.9355687
42428844 40.8112589 -73.9616861
42429530 40.810856 -73.939018
42429532 40.8121691 -73.9421726
42429552 40.803228 -73.944597
42429727 40.8045555 -73.947737
42429735 40.806709 -73.952857
42429741 40.806981 -73.9535
42429744 40.8075815 -73.9549215
42429747 40.808174 -73.956344
42429825 40.810992 -73.954288
42429827 40.811725 -73.954835
42431186 40.8039909 -73.96031
42431207 40.8024915 -73.9567862
42431210 40.8030921 -73.9582135
42432889 40.8032558 -73.9526176
42432894 40.80419 -73.952723
42432897 40.805028 -73.95276
42432900 40.80587 -73.952807
42432905 40.80755 -73.952904
42432908 40.80778 -73.952917
42432917 40.808396 -73.952952
42432926 40.809237 -73.953005
42432928 40.810094 -73.953079
42432929 40.810765 -73.952591
42432931 40.811442 -73.952101
42432932 40.812008 -73.951506
42433173 40.802361 -73.952588
42434117 40.807089 -73.941771
42434122 40.8064077 -73.940155
42434129 40.8050469 -73.9369273
42434131 40.8043853 -73.9353347
42435207 40.802599 -73.945052
42435211 40.801918 -73.9434367
42435353 40.8100607 -73.9572072
42435359 40.8017903 -73.9610568
42435360 40.8047003 -73.9600673
42435362 40.805435 -73.959826
42435380 40.809404 -73.957245
42435746 40.8018645 -73.957246
42435755 40.803115 -73.956321
42435761 40.803744 -73.955861
42435763 40.8044185 -73.955367
42435766 40.805096 -73.954874
42435770 40.8057181 -73.9543949
42435775 40.806353 -73.953957
42435785 40.80761 -73.95304
42435794 40.808238 -73.952585
42435802 40.8088678 -73.9521352
42435803 40.8094996 -73.9516742
42435805 40.8101762 -73.9511777
42435810 40.811478 -73.950216
42435814 40.812103 -73.949757
42436724 40.807713 -73.941318
42436726 40.809036 -73.944454
42436728 40.8103095 -73.9474471
42437142 40.8068264 -73.9610369
42437177 40.8020161 -73.9496203
42437188 40.8050221 -73.9567983
42437196 40.8055952 -73.9582071
42437218 40.8024641 -73.958674
42437929 40.8120722 -73.9359986
42438235 40.810209 -73.939494
42438236 40.8115326 -73.9426361
42438702 40.805744 -73.942754
42438704 40.805063 -73.941167
42438707 40.8043271 -73.9393972
42438772 40.803699 -73.937914
42438774 40.803024 -73.93631
42438906 40.805793 -73.9448139
42438908 40.8064396 -73.9463669
42438913 40.8077005 -73.9493541
42438920 40.8094627 -73.953542
42438923 40.810064 -73.954966
42438928 40.8112598 -73.957798
42438984 40.8089533 -73.9404148
42439369 40.8098226 -73.953278
42439371 40.8103268 -73.9536363
42439485 40.801971 -73.945508
42439849 40.8039386 -73.9521145
42439851 40.8045666 -73.9516525
42439852 40.8051865 -73.9511881
42439855 40.8064455 -73.9502721
42439858 40.8070725 -73.9498151
42439860 40.8083265 -73.9488961
42439864 40.8096735 -73.9479141
42439868 40.8109125 -73.9470081
42439873 40.8115415 -73.9465501
42439878 40.8121515 -73.9461061
42440104 40.803894 -73.958204
42440108 40.8047141 -73.9582435
42440112 40.806291 -73.957722
42440122 40.806916 -73.957266
42440125 40.807546 -73.956806
42440131 40.808802 -73.955884
42440134 40.809429 -73.95543
42440138 40.810687 -73.954513
42440144 40.81137 -73.954011
42440146 40.812051 -73.953544
42442123 40.8051788 -73.9452725
42442128 40.8064203 -73.9443646
42442575 40.8061352 -73.9615461
42442577 40.8081151 -73.9600943
42442578 40.8087475 -73.9596325
42443817 40.8025573 -73.9429967
42443818 40.8018166 -73.9412295
42444452 40.806416 -73.942262
42444453 40.805737 -73.940646
42444456 40.8050028 -73.938904
42444457 40.8043853 -73.9374246
42444458 40.8037216 -73.9358199
42445183 40.80383 -73.942102
42445185 40.8030731 -73.9403125
42445189 40.8024455 -73.9388286
42445196 40.8017686 -73.9372283
42445215 40.8051841 -73.9472816
42445219 40.8082079 -73.9544622
42446169 40.803194 -73.942567
42446171 40.80445 -73.941651
42446177 40.8070461 -73.939711
42446182 40.8076531 -73.9392434
42446184 40.8088999 -73.9383306
42446187 40.8095224 -73.9378749
42446190 40.8101617 -73.9374069
42446203 40.8084107 -73.9449093
42446212 40.81228 -73.954081
42446733 40.8018381 -73.959133
42446775 40.8025882 -73.9531095
42446778 40.8043463 -73.9572939
42447206 40.8018125 -73.9392896
42447207 40.803071 -73.938371
42447208 40.80567 -73.936471
42447209 40.806296 -73.936016
42447317 40.8037168 -73.9577554
42447323 40.8056974 -73.9563031
42447326 40.806325 -73.9558429
42447330 40.8069537 -73.9553818
42447336 40.8088366 -73.9540011
42448141 40.809582 -73.939949
42448506 40.8019575 -73.9535654
42448979 40.808334 -73.940861
42448985 40.806975 -73.937636
42450083 40.802397 -73.93677
42451564 40.8102846 -73.9435449
42452330 40.8036999 -73.939855
42452564 40.8033044 -73.9486636
42453220 40.8026735 -73.949123
42453226 40.8039301 -73.9482084
42453236 40.8058089 -73.946821
42453241 40.8070675 -73.9459054
42453246 40.8077463 -73.9454127
42453251 40.8096586 -73.9440006
42453253 40.8109081 -73.9430908
42456162 40.8024388 -73.9407754
371337165 40.8120125 -73.9360843
373850916 40.8102102 -73.9354432
470209420 40.8097456 -73.9571124
470209421 40.8098838 -73.9571257
470209434 40.8101745 -73.9573117
561035338 40.8111851 -73.9615185
589927967 40.8121723 -73.9362925
589927991 40.8095418 -73.9359688
589928020 40.8094179 -73.9356814
589928028 40.8056738 -73.9384143
589928029 40.8063 -73.9379572
589928030 40.80692 -73.9375047
589928033 40.8075561 -73.9370658
589928034 40.8081685 -73.9365933
589928035 40.8087947 -73.9361363
589928037 40.808916 -73.9364244
589928038 40.8082894 -73.9368805
589928039 40.8076662 -73.9373376
589928040 40.80704 -73.9377902
589928041 40.806418 -73.938243
589928042 40.8057933 -73.9386978
589928045 40.8118277 -73.9357078
589928053 40.812211 -73.9358709
589928062 40.8119978 -73.9356301
589928063 40.8122658 -73.9359413
595703198 40.8033422 -73.9528035
596776578 40.8031913 -73.940592
596776594 40.8019333 -73.9415079
596776613 40.8025564 -73.9410543
596776654 40.8051211 -73.9391872
596776656 40.8044448 -73.9396795
596776659 40.8038174 -73.9401362
1332843611 40.806013 -73.9353275
1332860731 40.812252 -73.962106
1504153604 40.8104995 -73.9620178
1504153626 40.8093313 -73.9592062
1506445711 40.8055137 -73.9620038
1506445746 40.8048897 -73.9624634
1506445766 40.8089054 -73.9581811
1506445774 40.8061483 -73.9595149
1506445787 40.8091121 -73.9586786
1506445789 40.8080465 -73.9579313
1506445821 40.806121 -73.959357
1506591534 40.8118836 -73.9612283
1506591536 40.8105701 -73.9621944
1506599375 40.8118746 -73.9592454
1506599378 40.8118101 -73.9610595
1506599382 40.811241 -73.9597164
1669455257 40.8102073 -73.9573516
1669455258 40.8099682 -73.9571545
1669455259 40.8101227 -73.9572557
1669455260 40.8100163 -73.9571769
1669455261 40.8096008 -73.9571448
1669455262 40.809674 -73.9571227
1669455263 40.8096373 -73.9571338
1669455264 40.8102946 -73.9574963
1669455265 40.8102634 -73.9574314
1669455266 40.8102407 -73.9573945
1669455267 40.8095297 -73.9571761
1669455268 40.8097194 -73.957115
1669455269 40.809823 -73.9571131
1669455270 40.8103468 -73.9576214
1695379681 40.8034623 -73.9527295
1695379692 40.8104862 -73.95597
1695379703 40.8035293 -73.9527091
1705982030 40.8028734 -73.9526749
1774036559 40.8040886 -73.9582134
1774036651 40.8099979 -73.9571683
1774036908 40.8100915 -73.9572305
1775693137 40.8054414 -73.9582694
1775693152 40.8103143 -73.9555589
1775693266 40.805388 -73.9582824
1775693287 40.8019265 -73.9610286
1775693291 40.8053358 -73.9582794
1775693480 40.8018299 -73.9610483
1775693483 40.8055033 -73.9582474
1792516986 40.8035932 -73.9604484
1792521271 40.805719 -73.9581208
1807949736 40.8102831 -73.9574714
1807949737 40.8098176 -73.9582593
1807949739 40.8106022 -73.9582175
2099150501 40.8038762 -73.9461314
2133873543 40.8094818 -73.9590963
2141026491 40.8070115 -73.949671
2141026492 40.8044964 -73.9514862
2141026493 40.8102509 -73.9473096
2141026497 40.8057503 -73.9505698
2141026498 40.8038638 -73.9519406
2141026501 40.8096077 -73.9477576
2141026504 40.8051168 -73.9510228
2141026506 40.8031867 -73.9524559
2141026508 40.8114793 -73.9464014
2141026510 40.8063816 -73.9501208
2141026511 40.8082629 -73.948745
2141026513 40.8120924 -73.9459628
2141026523 40.8018826 -73.9533779
2141026524 40.8108489 -73.9468555
2141026538 40.8076384 -73.9492072
2141026546 40.8025125 -73.952928
2291820973 40.8094549 -73.9594918
2297691110 40.8108762 -73.9588553
2308955220 40.8081627 -73.9600595
2340960591 40.8076486 -73.9604349
2340960702 40.810319 -73.9615733
2481877063 40.8119107 -73.9358844
2481877065 40.8120731 -73.9361686
2481877067 40.8120996 -73.9360711
2481877068 40.8121067 -73.9358632
2481877070 40.8121392 -73.9359384
2541754749 40.810521 -73.9620715
2541754772 40.8112081 -73.9615707
2541754778 40.8118343 -73.9611152
2799368116 40.8082712 -73.9387908
3023172096 40.8027716 -73.943508
3023172123 40.803662 -73.9456243
3023173316 40.8037022 -73.9421954
3023173318 40.8039669 -73.9420024
3023173331 40.8055782 -73.9423676
3023173650 40.8059133 -73.9431592
3023173727 40.8061699 -73.943773
3023173730 40.8057884 -73.9428603
3023173732 40.8057014 -73.9426548
3099326118 40.8071315 -73.9460569
3099326119 40.8065066 -73.946526
3099326120 40.8078108 -73.9455708
3099326124 40.8122349 -73.9423303
3099326127 40.8103559 -73.9437153
3099326128 40.8039919 -73.9483547
3099327944 40.8116007 -73.9428003
3099327945 40.8109749 -73.9432528
3099327950 40.8027375 -73.9492747
3099327952 40.8020733 -73.9497548
3099327957 40.8052502 -73.9474392
3099327962 40.8046223 -73.9478956
3099327966 40.8033718 -73.9488235
3099327968 40.8058736 -73.9469805
3099327970 40.8097268 -73.9441642
3099327972 40.8084812 -73.945077
3099327975 40.8091051 -73.9446164
3347295528 40.8075439 -73.9605114
3347295531 40.8070867 -73.9608452
3402046073 40.8122656 -73.9501601
3579426479 40.8121302 -73.9598473
3579426492 40.8118747 -73.957349
3579426702 40.8108521 -73.9568345
3579426774 40.8106657 -73.9545285
3579426846 40.8114857 -73.9583299
3579432159 40.8074127 -73.9583999
3579432160 40.808671 -73.957617
3579432161 40.8100035 -73.9587153
3579432162 40.8106295 -73.9582729
3579432163 40.8098142 -73.9603274
3627799978 40.8063494 -73.9379212
3817980397 40.8020304 -73.9475991
3845322711 40.8086773 -73.9436037
3845322712 40.8084594 -73.9430872
3846051358 40.8078651 -73.9436139
3846051359 40.8074125 -73.9425391
3846051360 40.8073157 -73.9416064
3846051361 40.8076751 -73.9413455
3846051362 40.8080865 -73.9422033
3858909357 40.8045514 -73.9457366
3894445843 40.8109202 -73.9389711
3907629309 40.8067344 -73.9611047
3907629310 40.8069123 -73.9609736
3910057563 40.8029333 -73.9558884
3910057564 40.8029166 -73.9558486
3910057567 40.8021629 -73.9540544
3910057568 40.8024535 -73.9547374
4163940359 40.8058157 -73.9507333
4188035934 40.8090694 -73.9574144
4207675399 40.8115117 -73.9364422
4207724569 40.8023755 -73.9495364
4207724570 40.8024961 -73.9492572
4207724571 40.8036541 -73.9486101
4207724572 40.8037616 -73.948331
4207724573 40.8048609 -73.9477222
4207724574 40.8049721 -73.9474352
4207724575 40.806063 -73.9468445
4207724576 40.8062283 -73.946519
4207724577 40.8082312 -73.9452612
4207724578 40.8082368 -73.9450411
4207724579 40.809997 -73.9439714
4207724580 40.8101247 -73.9436613
4207724581 40.8111838 -73.9431018
4207743627 40.804566 -73.9527396
4207743628 40.8070133 -73.952874
4207743629 40.8072406 -73.9528867
4207764474 40.8022395 -73.9432155
4207764475 40.8039627 -73.9461335
4207764476 40.8040368 -73.9461054
4207764477 40.8053988 -73.9409074
4207764478 40.8058347 -73.9429711
4207764479 40.806201 -73.9424194
4212658373 40.8074052 -73.9456603
4384311764 40.8105935 -73.9542854
4577988771 40.8031609 -73.9444368
4577988774 40.8053111 -73.9417452
4708064890 40.8057298 -73.9544228
4762583943 40.808499 -73.9590295
4762583944 40.8090863 -73.9586165
4786589551 40.8022931 -73.960901
4888388399 40.810843 -73.95068
4925259779 40.8040553 -73.95274
4925259780 40.8024565 -73.9525749
4925259781 40.8027207 -73.9525941
4925259782 40.8028013 -73.9526182
4970616806 40.8076692 -73.9412137
4970616807 40.8077992 -73.9412545
4970669710 40.8072752 -73.93952
4980798182 40.8036725 -73.9397903
4980798183 40.8038413 -73.9401934
4980798205 40.8044809 -73.9373527
4980798211 40.80381 -73.9357553
5015321231 40.8078924 -73.9436788
5157411375 40.8091132 -73.9519429
5266449887 40.8017559 -73.949012
5266449888 40.802185 -73.9500258
5266449889 40.8023257 -73.9493861
5266458354 40.8065193 -73.9421867
5403787907 40.8071719 -73.9552218
5403787908 40.8066696 -73.9555902
5403787909 40.8084295 -73.9542997
5403787910 40.8104643 -73.9528097
5403787911 40.8103774 -73.9528729
5475082071 40.8032791 -73.944718
5475792646 40.8073581 -73.9532242
5481857115 40.8105486 -73.9499837
5481863722 40.8096546 -73.9520405
5481863725 40.8084819 -73.9524108
5481863726 40.8088112 -73.9529805
5481863728 40.8053383 -73.9547039
5481863729 40.8054015 -73.9546596
5481863731 40.8119103 -73.9532105
5481868701 40.8047284 -73.9560999
5481882788 40.8028002 -73.9515183
5481882789 40.8029486 -73.9497814
5481882795 40.803559 -73.9512464
5481882798 40.801827 -73.9513253
5481882799 40.8017713 -73.9511947
5481882803 40.8017977 -73.9512558
5481907288 40.8117927 -73.9452361
5481907291 40.8104618 -73.9478079
5481907297 40.8119521 -73.9475028
5481922046 40.8073625 -73.9366075
5481922051 40.8065417 -73.938532
5481922053 40.8058614 -73.9388592
5481922057 40.8106931 -73.9386399
5481922083 40.8111123 -73.9396338
5481922099 40.8113234 -73.9401409
5481939501 40.8063387 -73.937929
5481939504 40.8090626 -73.9425879
5481939506 40.8091579 -73.9408959
5481977585 40.8022834 -73.9462473
5481977589 40.8017059 -73.9468339
5481977604 40.804261 -73.9392412
5481977606 40.8022568 -73.9403437
5481977609 40.8026175 -73.9392352
5481977611 40.8042071 -73.9391138
5481977613 40.8039705 -73.9405027
5481977615 40.8033623 -73.9409962
5481978522 40.8017746 -73.9411292
5481978523 40.8021426 -73.9400728
5482250748 40.8098471 -73.936677
5482250750 40.8091119 -73.9362817
5482291259 40.8027226 -73.9375435
5482291303 40.8032827 -73.9369248
5482291305 40.8053839 -73.9357842
5482291307 40.8047884 -73.936305
5694954656 40.8102743 -73.9574537
5694954657 40.8101509 -73.9572844
