42424757 42447209
42424757 5481922046
42447209 42447208
42447209 589928030
42447209 1332843611
42447208 42434129
42447208 5482291305
42434129 589928028
42434129 42444457
42434129 5482291307
589928028 42444456
589928028 589928029
589928028 589928042
42444456 42438707
42438707 42452330
42438707 596776656
42438707 5481977611
42452330 42445185
42452330 596776659
42452330 4980798182
42445185 42456162
42445185 596776578
42445185 42445189
42456162 42443818
42456162 596776613
42456162 5481978523
42443818 596776594
42443818 5481978522
596776594 42443817
596776594 596776613
42443817 42446169
42443817 42435211
42443817 3023172096
42446169 596776613
42446169 42445183
596776613 596776578
596776578 596776659
596776578 5481977615
596776659 596776656
596776659 5481977613
596776656 42438704
596776656 596776654
42438704 42446171
42438704 4207764477
42438704 4577988774
42446171 3023173318
42446171 5481977613
3023173318 42445183
42445183 5481977615
4207764477 42444453
42444453 42434122
42434122 42434117
42434122 589928042
42434122 42446177
42434117 3846051359
42434117 4207764479
42434117 3846051360
3846051359 3846051358
3846051358 42446203
42446203 42436726
42446203 3099327972
42446203 4207724578
42436726 42453251
42436726 3099327975
42436726 3845322711
42453251 3099327970
42453251 42451564
42453251 5481939504
3099327970 2141026524
3099327970 3099327975
3099327970 3099326127
2141026524 42439868
3099327975 2141026493
3099327975 3099327972
2141026493 5481907291
5481907291 42435810
42435810 42432932
42435810 4888388399
42435810 42435814
42432932 42432931
42432931 42432929
42432931 42440146
42432931 4888388399
42432929 5403787911
5403787911 42432928
42432928 42432926
42432928 42439371
42432928 42439369
42432928 42435803
42432926 42435802
42432926 42438920
42432926 5481863726
42435802 42438913
42435802 42435794
42435802 5157411375
42438913 3099326119
3099326119 42438908
3099326119 3099327968
3099326119 3099326118
42438908 42438906
42438908 4207724576
42438908 42453241
42438906 42442123
42438906 42442128
42442123 42453236
42442123 3858909357
42453236 42445215
42453236 3099327968
42453236 4207724576
42445215 3099327957
42445215 3858909357
42445215 4207724574
3099327957 2141026510
3099327957 3099327968
3099327957 3099327962
2141026510 42432905
42432905 42432908
42432905 4207743629
42432905 42435785
42432908 42432917
42432908 42435794
42432908 42435785
42432917 42435794
42432917 42447336
42432917 5481863726
42435794 42439858
42439858 3099327968
42447336 42438920
42447336 42440134
42447336 42445219
42438920 42438923
42438920 42439369
42438923 42440134
42438923 1775693152
42438923 3579426774
42440134 42440131
42440131 42429747
42440131 42445219
42429747 42429744
42429747 42440125
42429744 42429741
42429744 42447330
42429744 42445219
42429741 42429735
42429741 42435775
42429741 5475792646
42429735 42432900
42429735 2141026497
42429735 4207743629
42432900 42432897
42432900 42435775
42432900 2141026504
42432897 42435770
42432897 42432894
42432897 2141026492
42435770 4708064890
4708064890 42435775
4708064890 42435766
4708064890 42447326
42435775 42447330
42447330 42440125
42447330 5403787908
42440125 42440122
42440122 42440112
42440122 42447326
42440112 42447323
42440112 42437196
42447323 42435766
42447323 42437188
42447323 42447326
42435766 42432894
42435766 42435763
42432894 42439849
42432894 4925259779
42439849 5481882795
5481882795 5481882789
5481882789 3099327950
3099327950 42453220
3099327950 3099327966
3099327950 3099327952
42453220 42452564
42453220 3817980397
42453220 5266449889
42452564 3099327966
42452564 42453226
42452564 5481977585
3099327966 2141026492
3099327966 3099326128
3099326128 42453226
3099326128 3099327962
3099326128 2141026504
42453226 42429727
42453226 42435207
42429727 2099150501
42429727 3099327962
42429727 4207724574
2099150501 3023172123
2099150501 3858909357
3023172123 5475082071
5475082071 42429552
42429552 42435207
42429552 3023172096
42435207 42435211
42435207 42439485
42439485 5481977585
3099327962 2141026497
3817980397 5481977589
5266449889 42437177
42437177 3099327952
42437177 5266449887
3099327952 5481882788
5481882788 2141026506
2141026506 595703198
595703198 42435763
595703198 4925259779
42435763 42435761
42435763 5481868701
42435761 42435755
42435761 42446778
42435761 42446775
42435755 42431207
42435755 42447317
42435755 3910057564
42431207 42431210
42431207 42435746
42431210 42437218
42431210 42440104
42431210 42447317
42437218 42435746
42437218 42446733
42440104 42447317
42440104 1774036559
42447317 42446778
42446778 42437188
42446778 42440108
42437188 42437196
42437188 5481868701
42437196 42440108
42440108 1774036559
3910057564 3910057568
3910057568 3910057567
3910057567 42448506
42448506 2141026523
42446775 42433173
42433173 4925259782
42433173 5481882798
4925259782 1705982030
5481882798 5481882799
42447326 5403787908
5475792646 42435785
42435785 42445219
1775693152 3579426702
3579426702 42438928
42438928 3579426492
42438928 3579426846
42438928 3579432162
3579426846 1506599375
1506599375 3579426479
3579432162 1669455270
3579432162 3579432161
3579432162 2297691110
1669455270 1774036908
1774036908 1669455262
1669455262 42435380
42435380 1807949737
42435380 4188035934
1807949737 3579432161
3579432161 561035338
3579432161 2133873543
561035338 42428844
2133873543 1504153626
1504153626 42442578
1504153626 1506445787
1504153626 3579432163
42442578 2308955220
42442578 4762583943
2308955220 42442577
42442577 2340960591
42442577 3579432159
2340960591 3347295531
3347295531 42437142
42437142 1506445774
42437142 3907629309
1506445774 1506445821
1506445821 42435362
1506445821 3579432159
42435362 42435360
42435362 42442575
42435360 42431186
42435360 1506445711
42431186 1506445746
42431186 1792516986
1506445746 1506445711
1506445711 42442575
42442575 3907629309
1792516986 4786589551
4786589551 1775693480
1775693480 42435359
3579432159 1506445789
1506445789 3579432160
1506445789 4762583943
3579432160 1506445766
3579432160 4188035934
1506445766 1506445787
3579432163 2340960702
2340960702 2541754749
2541754749 1506591536
2297691110 1506599382
1506599382 1506599378
1506599378 1332860731
3579426774 42440138
42440138 42429825
42440138 4384311764
42429825 42429827
42429825 42439371
42429825 42440144
42439371 4384311764
42440144 42440146
42440146 42446212
42442128 42453241
42442128 3023173727
42453241 3099326118
42453241 4212658373
3099326118 2141026511
3099326118 3099326120
2141026511 42435803
42435803 42435805
42435803 5157411375
42435805 4888388399
4888388399 5481857115
5481857115 42439864
42439864 3099327972
3099327972 3099326120
4212658373 42453246
42453246 4207724578
3023173727 3023173650
3023173650 42438702
42438702 4577988774
42438702 4207764479
42435814 3402046073
3099326127 42451564
3099326127 3099327945
3099326127 2141026508
42451564 42453253
42451564 5481939506
42453253 42438236
42453253 3099327945
42453253 42448141
42438236 42429532
42438236 3099327944
42438236 42438235
42429532 3099327944
42429532 5481922099
3099327944 4207724581
4207724581 3099327945
3099327945 5481907288
5481907288 2141026513
2141026513 42439878
5481922099 5481922083
5481922083 42429530
42429530 42438235
42429530 5481922057
42429530 3894445843
42438235 42446187
42438235 42448141
42446187 42446184
42446187 42446190
42446187 589928037
42446184 42448141
42446184 589928038
42446184 2799368116
42448141 42438984
42438984 42448979
42438984 2799368116
42438984 5481939506
42448979 42446182
42448979 42436724
42448979 5481939504
42446182 589928040
42446182 2799368116
42446182 42446177
589928040 589928030
589928040 589928039
589928040 589928041
589928030 589928033
589928030 3627799978
589928033 589928034
589928033 589928039
589928033 5481922046
589928034 589928035
589928034 589928038
589928035 589928020
589928035 589928037
589928020 589927991
589927991 373850916
589927991 5482250748
589927991 5482250750
5482250748 42446190
42446190 4207675399
42446190 5481922057
4207675399 371337165
371337165 42437929
371337165 2481877067
371337165 589928045
42437929 2481877067
42437929 2481877070
2481877067 589928063
2481877070 589928053
2481877070 589928062
5482250750 589928037
589928037 589928038
589928038 589928039
589928039 2799368116
3627799978 589928029
589928029 589928041
589928041 589928042
589928041 42446177
589928042 596776654
42446177 4970616806
4970616806 42436724
42436724 3846051360
42436724 3846051362
3846051362 3845322712
3845322712 3845322711
2141026508 5481907297
5481978523 42447206
42447206 42445189
42445189 42445196
42445189 42447207
42447207 42438772
42447207 4980798182
42447207 5482291259
42438772 42444457
42438772 5481977611
42438772 5482291303
5482291303 42438774
5482291259 42450083
5482291307 42434131
42434131 4980798211
4980798211 42444458
