44491082 609.3216725603099 988.6495881115011 55.7992485 37.5572487 50
53851832 66.07737187699888 793.6964445614868 55.7974975 37.5485867 50
53851833 246.3602241909164 962.5519200099209 55.7990141 37.5514613 50
53862262 468.8758994191419 905.5801761163913 55.7985024 37.5550093 50
53936966 843.213994768973 603.3638352531001 55.795788 37.5609781 50
53940410 733.9379765846353 401.3073161696277 55.7939732 37.5592357 50
53940418 712.6585040354623 446.3324739367736 55.7943776 37.5588964 50
53940435 637.3681804414369 679.8865625866229 55.7964753 37.5576959 50
53946174 308.4300561451907 456.8205299745495 55.7944718 37.552451 50
53946176 289.3958094054383 457.0877415946907 55.7944742 37.5521475 50
53946180 238.2134411547468 436.7462571129015 55.7942915 37.5513314 50
53946185 198.3324609188226 374.2632735838839 55.7937303 37.5506955 50
53946189 190.9131812175958 348.4662185512442 55.7934986 37.5505772 50
53946196 178.489180298118 302.4724186640968 55.7930855 37.5503791 50
53946525 250.7628736842065 243.6301934416192 55.792557 37.5515315 50
53946529 324.8114243438793 259.6517567528459 55.7927009 37.5527122 50
53946533 367.7905653345474 287.6533076392558 55.7929524 37.5533975 50
53946535 392.6448387542416 332.8343388508938 55.7933582 37.5537938 50
53946537 394.9088793050797 383.6156802413718 55.7938143 37.5538299 50
53947098 877.3878367734601 295.1686344180117 55.7930199 37.561523 50
53947709 556.0132385290423 108.0314307178185 55.7913391 37.5563987 50
53947715 397.4802272993362 292.875068023014 55.7929993 37.5538709 50
53952641 348.819034399387 458.4683349578653 55.7944866 37.553095 50
53952644 356.9219163723823 415.7256097677981 55.7941027 37.5532242 50
53952647 376.1631252673283 404.3802497849613 55.7940008 37.553531 50
53952652 408.7878868948422 409.9248908756227 55.7940506 37.5540512 50
53952653 417.47402585178 417.0839354951348 55.7941149 37.5541897 50
53952655 419.3680431546076 420.2570734696149 55.7941434 37.5542199 50
53952656 426.6556196659119 445.1968245579019 55.7943674 37.5543361 50
53952659 414.0873723958325 472.6750860240733 55.7946142 37.5541357 50
53952663 399.4369604075537 481.5376047143715 55.7946938 37.5539021 50
53952667 378.9477069979156 483.1520082446385 55.7947083 37.5535754 50
53952668 371.7855620965931 480.8695756675599 55.7946878 37.5534612 50
53952672 353.2843996972691 466.6516907834329 55.7945601 37.5531662 50
53954146 367.4142705057985 804.8747972819124 55.7975979 37.5533915 50
53954148 380.7978232379677 806.0327142966221 55.7976083 37.5536049 50
53954156 373.8300973307607 838.476658345746 55.7978997 37.5534938 50
53954157 367.7153063688776 837.7640940286747 55.7978933 37.5533963 50
53954158 359.6437822979789 832.5200660104949 55.7978462 37.5532676 50
53954159 355.5358970874281 822.8559124633146 55.7977594 37.5532021 50
53954162 355.8620192718652 817.556215356956 55.7977118 37.5532073 50
264893523 458.6594948266485 49.66795964461164 55.7908149 37.5548464 50
264893526 679.6135465160249 444.2727177088682 55.7943591 37.5583695 50
264893527 704.2984872633606 435.3099946622564 55.7942786 37.5587631 50
264893530 714.8410140406899 427.3381813679432 55.794207 37.5589312 50
264893583 147.488758013646 290.85984706466 55.7929812 37.5498848 50
264893584 232.2930691873779 224.3798230705668 55.7923841 37.551237 50
266716678 5.280670758774932 405.3600257221736 55.7940096 37.5476173 50
268470470 348.3674806053671 817.4337433655128 55.7977107 37.5530878 50
452003606 528.6942339828581 80.56430306744141 55.7910924 37.5559631 50
459149507 714.8221992992724 463.3894822705582 55.7945308 37.5589309 50
459149509 730.8837168938635 539.767469978216 55.7952168 37.559187 50
459149512 726.8761769707398 578.3238798084997 55.7955631 37.5591231 50
459149514 702.0595330338806 626.0768228503623 55.795992 37.5587274 50
459149516 717.4186336156847 599.9457532957333 55.7957573 37.5589723 50
459149524 692.8089518340191 637.8341340792053 55.7960976 37.5585799 50
459149527 700.0714420235665 448.1027509122409 55.7943935 37.5586957 50
459149529 695.3991145696931 446.4772135647631 55.7943789 37.5586212 50
459149531 423.7957789696545 458.4126658703949 55.7944861 37.5542905 50
459149563 664.7185428901165 662.3396662863565 55.7963177 37.558132 50
459149581 571.7737202605545 718.3205004247548 55.7968205 37.55665 50
667007611 630.124504993706 237.8517421852819 55.7925051 37.5575804 50
667007612 661.7959863888682 293.1311458238197 55.7930016 37.5580854 50
667007616 711.9874449247719 334.5934820084422 55.793374 37.5588857 50
667007620 733.6682986244508 358.2417102726572 55.7935864 37.5592314 50
667007650 378.8849911937225 505.6645871292738 55.7949105 37.5535744 50
667007653 387.2450079654253 777.2851976408003 55.7973501 37.5537077 50
667007663 394.7646329540793 857.1480702097977 55.7980674 37.5538276 50
667007672 424.7114297187724 877.7233648572627 55.7982522 37.5543051 50
667007703 730.488607323697 557.1139575658551 55.7953726 37.5591807 50
719331905 186.5920622707142 671.8924816571797 55.7964035 37.5505083 50
915598294 361.443725894118 808.226076334598 55.797628 37.5532963 50
915598295 381.4124381240066 785.3238138397946 55.7974223 37.5536147 50
915598338 379.8006419428405 836.9958606255495 55.7978864 37.553589 50
915598386 388.800359923137 842.0617475641073 55.7979319 37.5537325 50
915602218 413.5981891185787 812.7575400364146 55.7976687 37.5541279 50
915602267 386.1035803188986 810.3637692843953 55.7976472 37.5536895 50
915602272 400.1770069035745 813.6927807019511 55.7976771 37.5539139 50
915604113 384.8806221267613 833.5221095800042 55.7978552 37.55367 50
1022481089 553.140854671707 282.1420680016431 55.7929029 37.5563529 50
1022481108 513.8494030000649 325.4080826119489 55.7932915 37.5557264 50
1022481110 528.2865812520128 436.0670942481709 55.7942854 37.5559566 50
1022481205 602.4856498434244 440.086402347668 55.7943215 37.5571397 50
1022481544 502.1905348983648 338.3567123064255 55.7934078 37.5555405 50
1022481556 400.797893370352 271.3756665272234 55.7928062 37.5539238 50
1043293737 31.01296544475201 467.1415787520391 55.7945645 37.5480276 50
1043293915 62.55274364999173 508.2476327774177 55.7949337 37.5485305 50
1161748130 415.4106758753968 415.458398147657 55.7941003 37.5541568 50
1161748161 358.364379881589 472.541480214711 55.794613 37.5532472 50
1212272984 448.8507429646017 424.833072440983 55.7941845 37.55469 50
1212272996 453.4164535499107 392.9235516286002 55.7938979 37.5547628 50
1212273004 378.9414354175761 498.6836835879672 55.7948478 37.5535753 50
1462331826 243.2244339537361 238.7535813991859 55.7925132 37.5514113 50
1462331831 760.2911577377886 264.7955804140039 55.7927471 37.5596559 50
1462331920 168.0407272278761 291.9064259058454 55.7929906 37.5502125 50
1462331933 175.660697503957 297.406531725539 55.79304 37.550334 50
1462331935 828.0869426649173 296.0704736312074 55.793028 37.5607369 50
1462332182 194.0113419719411 361.492784968321 55.7936156 37.5506266 50
1462332294 730.6328536742985 405.0928141027408 55.7940072 37.559183 50
1462332300 220.383337866113 418.2418525105527 55.7941253 37.5510471 50
1462332327 350.4057442595943 424.8998753463724 55.7941851 37.5531203 50
1462332386 256.1689760529633 449.4388090065725 55.7944055 37.5516177 50
1462332421 388.9195199523804 483.6418962125364 55.7947127 37.5537344 50
1462332472 738.4535145260313 541.21486624678 55.7952298 37.5593077 50
1462332476 298.9223401462227 556.0451110902484 55.795363 37.5522994 50
1462520757 337.4862884821241 263.7601353907376 55.7927378 37.5529143 50
1462520761 402.5852938058121 267.9909860221974 55.7927758 37.5539523 50
1462520782 357.1037922062177 277.4324632194962 55.7928606 37.5532271 50
1462520818 383.3001838472927 305.0109290441059 55.7931083 37.5536448 50
1462521111 365.7397585192424 408.7001709555237 55.7940396 37.5533648 50
1462521299 420.3087802258813 465.1597592453174 55.7945467 37.5542349 50
1655850294 239.1918077088555 719.8012981463676 55.7968338 37.551347 50
1656261013 226.2598087707063 707.732240029957 55.7967254 37.5511408 50
1656261016 325.0058433387927 871.6888357987033 55.798198 37.5527153 50
1887901343 599.8202281420804 982.8266015856124 55.7991962 37.5570972 50
2142468800 387.3892543168247 403.1109945967274 55.7939894 37.55371 50
2142468801 336.1065407783072 452.0775237414784 55.7944292 37.5528923 50
2142468806 363.1684105249859 489.7543619929879 55.7947676 37.5533238 50
2142468813 177.1846915591732 661.6048343341555 55.7963111 37.5503583 50
2142468814 192.1863120540451 666.1251642187614 55.7963517 37.5505975 50
2142468817 195.2782012280508 678.0383488906799 55.7964587 37.5506468 50
2142468818 180.9037387806949 680.0424360311149 55.7964767 37.5504176 50
2264470489 263.9959084846367 247.8833117082088 55.7925952 37.5517425 50
2264470490 283.230845799243 250.6778998876069 55.7926203 37.5520492 50
2264470499 310.1547407752608 255.6324486519322 55.7926648 37.5524785 50
2264470520 399.2738993151358 280.0489103206889 55.7928841 37.5538995 50
2264470527 159.4925630412005 289.9914093030966 55.7929734 37.5500762 50
2264470531 375.3415482256968 295.9368678225533 55.7930268 37.5535179 50
2264470564 395.1848288460026 311.7134871494769 55.7931685 37.5538343 50
2264470566 182.791484503582 312.0252340370447 55.7931713 37.5504477 50
2264470567 388.2860903245252 313.4058274016359 55.7931837 37.5537243 50
2264470586 391.428152142045 323.5710027332168 55.793275 37.5537744 50
2264470598 186.6171485928703 328.0579311661904 55.7933153 37.5505087 50
2264470724 210.9822387353105 405.1373493730003 55.7940076 37.5508972 50
2264470732 215.3221724236095 411.9067103816362 55.7940684 37.5509664 50
2264470752 2.32675635543012 429.0639230717345 55.7942225 37.5475702 50
2264470781 248.003378275376 444.840542398658 55.7943642 37.5514875 50
2264470794 264.4725486004136 453.4692509225722 55.7944417 37.5517501 50
2264470796 274.174683594694 456.0968318409757 55.7944653 37.5519048 50
2395328432 395.5360373525955 389.2716595062659 55.7938651 37.5538399 50
2395328433 400.8794239167604 405.8165122363146 55.7940137 37.5539251 50
2395328435 481.6197509431161 433.5397176867891 55.7942627 37.5552125 50
2395328436 426.0033752966391 435.9780237090681 55.7942846 37.5543257 50
2395328440 346.6741538769945 435.5326710114297 55.7942806 37.5530608 50
2395328443 346.0344526687998 446.7555590006986 55.7943814 37.5530506 50
2395328444 425.9469310727856 451.1200154408124 55.7944206 37.5543248 50
2395328451 409.0387501136092 476.7277955759111 55.7946506 37.5540552 50
2435362560 349.9604620459139 265.7308210802485 55.7927555 37.5531132 50
2435362561 370.5814186450755 268.7592194260308 55.7927827 37.553442 50
2435362562 398.9665918717174 269.3604455688695 55.7927881 37.5538946 50
2435362563 387.8031786280097 270.0841437031515 55.7927946 37.5537166 50
2822743043 468.8884425798209 46.27214532237463 55.7907844 37.5550095 50
2822743044 482.4225132433301 48.42097209009103 55.7908037 37.5552253 50
2822743045 502.6609034342011 52.41801255445841 55.7908396 37.555548 50
2822743046 492.1748208811244 53.39778849025436 55.7908484 37.5553808 50
2822743047 499.738346932554 58.30780198573655 55.7908925 37.5555014 50
2822743048 520.8234004876114 73.98421695563832 55.7910333 37.5558376 50
3018180570 697.901475179417 323.6600732730278 55.7932758 37.5586611 50
3032318588 73.42139261215686 786.4594632186663 55.7974325 37.5487038 50
3060483762 495.6680912052373 38.41167020229398 55.7907138 37.5554365 50
3060483763 486.950594345804 50.45846068286653 55.790822 37.5552975 50
3060483776 604.053544962214 228.6440751536588 55.7924224 37.5571647 50
3060483786 738.1963797269249 268.3138667283924 55.7927787 37.5593036 50
3060483829 867.6292575553263 298.542181105827 55.7930502 37.5613674 50
3060483832 856.8546823002486 299.7334995728772 55.7930609 37.5611956 50
3060483936 845.5470227055405 299.110005795617 55.7930553 37.5610153 50
3060483943 833.5620324190045 302.6282921100054 55.7930869 37.5608242 50
3060483955 836.5723910466019 307.4492350656766 55.7931302 37.5608722 50
3060483964 838.1402861649925 312.5930587275428 55.7931764 37.5608972 50
3060483981 835.8260729702415 324.1610950581365 55.7932803 37.5608603 50
3060483992 710.7080425079832 325.3635473423975 55.7932911 37.5588653 50
3060483994 833.8630682816845 325.4637517001274 55.793292 37.560829 50
3060484015 820.0342333358349 334.8829612622966 55.7933766 37.5606085 50
3060484027 728.7262932103929 351.8843005093192 55.7935293 37.5591526 50
3060484034 736.6222130277957 367.5829831129344 55.7936703 37.5592785 50
3060484042 762.1099160753453 377.4252777390285 55.7937587 37.5596849 50
3060484044 722.4358979946148 415.5474686874679 55.7941011 37.5590523 50
3558435053 484.6301095707136 185.4782649003748 55.7920347 37.5552605 50
3558439135 157.9936553077414 636.0193218334782 55.7960813 37.5500523 50
3558457242 373.8865415554122 294.3001966571566 55.7930121 37.5534947 50
3558457247 394.3632518039723 371.3573472281284 55.7937042 37.5538212 50
3558462920 334.4508435331686 519.3703164089566 55.7950336 37.5528659 50
3558465032 127.0120477650859 733.6629008705424 55.7969583 37.5495583 50
3558832664 354.8021221717469 838.2539819958644 55.7978977 37.5531904 50
3558832671 379.9072588106069 847.0608315994004 55.7979768 37.5535907 50
3558834214 314.7706240044828 883.7133586448543 55.798306 37.5525521 50
3558834236 298.1509357477065 903.3311449923614 55.7984822 37.5522871 50
3558834601 275.4039133671708 929.4176792774391 55.7987165 37.5519244 50
3558834929 224.0710271855381 989.0170040872475 55.7992518 37.5511059 50
3558835436 181.9134632369002 1037.816525971004 55.7996901 37.5504337 50
3558835453 172.9012020955257 1047.736757319698 55.7997792 37.55029 50
3559253507 689.2717804467318 441.0773121006747 55.7943304 37.5585235 50
3559253508 689.0522751300614 445.1188878353017 55.7943667 37.55852 50
3645595435 584.0283885076738 710.6715678366365 55.7967518 37.5568454 50
3645595468 439.7694944374977 798.2835773507738 55.7975387 37.5545452 50
3645595474 424.3664927929179 807.4133076597968 55.7976207 37.5542996 50
4447489243 728.0991351632761 286.8628065995844 55.7929453 37.5591426 50
4646011180 832.2951731628948 596.6835447828588 55.795728 37.560804 50
4975335822 462.9931569342091 784.5221789829125 55.7974151 37.5549155 50
4975335823 431.0645407391426 803.4385348305591 55.797585 37.5544064 50
4975335831 537.8632846363112 945.7287218411037 55.798863 37.5561093 50
5004660010 568.1801046494137 438.2270548330979 55.7943048 37.5565927 50
5004660013 476.7404613340492 46.35008204355836 55.7907851 37.5551347 50
5004660016 510.0550968132721 159.302660074778 55.7917996 37.5556659 50
5089113994 626.2423966801653 685.8320211053713 55.7965287 37.5575185 50
5089135882 723.7968309578119 587.0082574184676 55.7956411 37.559074 50
5147693620 662.1534664758007 664.644366498565 55.7963384 37.5580911 50
5182712877 744.6310212933046 543.9537853394161 55.7952544 37.5594062 50
5243199885 0 422.350231150569 55.7941622 37.5475331 50
5243199886 0.5581706617864484 414.8905734585753 55.7940952 37.547542 50
5268453147 544.2038524956033 120.5903768007106 55.7914519 37.5562104 50
5465097778 601.7017022838301 162.9545521978206 55.7918324 37.5571272 50
5465097779 624.1288740598693 214.3816550006887 55.7922943 37.5574848 50
5469884111 611.5104541458769 223.3889133175601 55.7923752 37.5572836 50
5469884112 651.6297544398889 0 55.7903688 37.5579233 50
5469884113 580.9302277529296 69.92037358658979 55.7909968 37.556796 50
5469884114 568.9201511450356 82.72426365449326 55.7911118 37.5566045 50
5469884276 612.4762775389078 181.9711124039054 55.7920032 37.557299 50
5469884304 638.5911386339732 258.5049735553471 55.7926906 37.5577154 50
5469884310 628.0486118566439 231.0378459056783 55.7924439 37.5575473 50
5469884531 496.5398408907815 42.79839427753757 55.7907532 37.5554504 50
5470610399 859.8650409278459 307.3490307079467 55.7931293 37.5612436 50
5470610407 824.7943629156584 331.5316822096111 55.7933465 37.5606844 50
5532004051 384.3036367231585 676.1010646542179 55.7964413 37.5536608 50
5532004058 387.1070331951634 770.0148148449312 55.7972848 37.5537055 50
5538543738 679.35014013618 650.3374110753352 55.7962099 37.5583653 50
5538543739 709.4599979936901 614.4976527025581 55.795888 37.5588454 50
5541156260 710.9714488878283 319.284483014995 55.7932365 37.5588695 50
5541156265 710.9777204681677 330.0286168535765 55.793333 37.5588696 50
5572195385 661.6705547792852 292.9307371104844 55.7929998 37.5580834 50
5572196625 499.9390375082058 169.7127793913703 55.7918931 37.5555046 50
5652523522 706.2740351121978 452.1109251938191 55.7944295 37.5587946 50
5751187929 439.1987806146332 422.4059002373313 55.7941627 37.5545361 50
5751187931 424.1846169594814 429.4313390481891 55.7942258 37.5542967 50
5751187932 444.617426144468 434.5417612577148 55.7942717 37.5546225 50
5751187933 436.0065461535993 436.367707319236 55.7942881 37.5544852 50
5751236647 364.8868235747166 477.6407686063176 55.7946588 37.5533512 50
5751236648 343.0240940412023 453.5917229147237 55.7944428 37.5530026 50
5751236649 394.1374749069623 403.9014956349823 55.7939965 37.5538176 50
5751236650 430.0987173465106 410.0584966849851 55.7940518 37.554391 50
6274602483 407.477126575558 262.925099082223 55.7927303 37.5540303 50
6400726577 430.5753574626865 238.9428562953103 55.7925149 37.5543986 50
6400726581 465.1129511340467 204.7843043596059 55.7922081 37.5549493 50
7211633747 713.2543041804827 454.8053090161956 55.7944537 37.5589059 50
7211656305 776.2523300449527 366.6366086301873 55.7936618 37.5599104 50
7218476693 853.1795361426994 299.8114362954774 55.7930616 37.561137 50
7218476710 791.8560222647855 355.4248544567128 55.7935611 37.5601592 50
7218476728 719.9962531902808 488.0063526526503 55.7947519 37.5590134 50
7218899713 505.4956578083027 759.2038781016684 55.7971877 37.5555932 50
7366586074 838.397420964498 317.7702838417497 55.7932229 37.5609013 50
7870813744 240.7847891490032 615.5664991781648 55.7958976 37.5513724 50
8003884077 543.3634607121555 292.9084694753545 55.7929996 37.556197 50
8069072569 633.5989605764013 248.4288687621606 55.7926001 37.5576358 50
8069072576 647.5594987121733 274.0366488979676 55.7928301 37.5578584 50
8069081791 707.9485470991528 323.726876177709 55.7932764 37.5588213 50
8069081792 703.7403166011752 325.9091043977659 55.793296 37.5587542 50
8069081793 700.7550442953349 325.6641604134627 55.7932938 37.5587066 50
8069094029 619.6321508598908 198.6495709426083 55.792153 37.5574131 50
8071146922 745.4588699160734 390.4184427030565 55.7938754 37.5594194 50
8071146923 736.3776213893682 394.1148700970668 55.7939086 37.5592746 50
8071146924 737.594308001565 386.9335578417168 55.7938441 37.559294 50
8071146925 738.2277376290215 378.126708238889 55.793765 37.5593041 50
8071146926 837.5821155032061 320.9656894492349 55.7932516 37.5608883 50
8071146927 745.2080066969074 262.1902671307303 55.7927237 37.5594154 50
8071179189 344.6358902231664 268.74808560882 55.7927826 37.5530283 50
8071179218 620.1526920396401 200.4309817359947 55.792169 37.5574214 50
8071856133 741.0875783252789 264.4615658905981 55.7927441 37.5593497 50
8071856134 750.5890227439072 262.201400947941 55.7927238 37.5595012 50
8080810934 711.698952222771 317.903889651112 55.7932241 37.5588811 50
8080810946 816.0894092173032 290.536966358465 55.7929783 37.5605456 50
8261912218 718.6541349689001 421.4261243015353 55.7941539 37.558992 50
8371816747 389.2581852978955 816.2535587149652 55.7977001 37.5537398 50
8371816748 389.9292444085859 822.8893139156551 55.7977597 37.5537505 50
8371816750 363.3063852952479 835.71547161798 55.7978749 37.553326 50
8371816751 356.8341142456343 828.0108699423915 55.7978057 37.5532228 50
8371816752 351.747862480576 818.625061832563 55.7977214 37.5531417 50
8371816753 357.8940113457526 812.4457931474305 55.7976659 37.5532397 50
8385025828 387.2450079654253 811.8668346397214 55.7976607 37.5537077 50
8385025829 374.2252069009271 804.09543006016 55.7975909 37.5535001 50
8385025830 388.0226839442812 829.2912589492527 55.7978172 37.5537201 50
8645796800 267.0627113364865 454.1706814224327 55.794448 37.5517914 50
