266716678 5243199886
5243199886 5243199885
5243199885 2264470752
2264470752 1043293737
1043293737 1043293915
1043293915 3558439135
3558439135 2142468813
2142468813 719331905
459149509 1462332472
1462332472 5182712877
5182712877 4646011180
4646011180 53936966
53940410 1462332294
1462332294 3060484044
3060484044 8261912218
8261912218 264893530
53952655 5751187929
5751187929 1212272984
1212272984 2395328435
719331905 2142468814
2142468814 7870813744
7870813744 1462332476
1462332476 3558462920
3558462920 2142468806
2142468806 53952668
53952653 5751236650
5751236650 1212272996
53952641 5751236648
5751236648 2142468801
2142468801 53946174
53946174 53946176
53946176 2264470796
2264470796 8645796800
8645796800 2264470794
2264470794 1462332386
1462332386 2264470781
2264470781 53946180
53946180 1462332300
1462332300 2264470732
2264470732 2264470724
2264470724 53946185
53946185 1462332182
1462332182 53946189
53946189 2264470598
2264470598 2264470566
2264470566 53946196
53946196 1462331933
1462331933 1462331920
1462331920 2264470527
2264470527 264893583
264893584 1462331826
1462331826 53946525
53946525 2264470489
2264470489 2264470490
2264470490 2264470499
2264470499 53946529
53946529 1462520757
1462520757 8071179189
8071179189 1462520782
1462520782 53946533
53946533 3558457242
3558457242 2264470531
2264470531 1462520818
1462520818 2264470567
2264470567 2264470586
2264470586 53946535
2822743048 2822743047
2822743047 2822743046
2822743046 3060483763
3060483763 2822743044
2822743044 5004660013
5004660013 2822743043
2822743043 264893523
53947709 5469884114
5469884114 5469884113
53952668 5751236647
5751236647 1161748161
1161748161 53952672
53952672 53952641
53954158 8371816751
8371816751 53954159
53954159 53954162
53947709 5465097778
459149507 5652523522
5652523522 459149527
459149527 459149529
459149529 3559253508
3559253508 264893526
264893526 3559253507
3559253507 264893527
264893527 264893530
5572196625 3558435053
3558435053 6400726581
6400726581 6400726577
6400726577 6274602483
6274602483 1462520761
53851832 3032318588
3032318588 3558465032
3558465032 2142468818
2142468818 719331905
915598294 915598295
915598295 667007653
667007653 5532004058
5532004058 5532004051
5532004051 667007650
667007650 1212273004
1212273004 53952667
719331905 2142468817
2142468817 1656261013
1656261013 1655850294
1655850294 268470470
268470470 8371816752
8371816752 53954162
915604113 915598386
915598386 667007663
667007663 3558832671
3558832671 53954157
667007653 915602267
8385025828 915602272
915602272 915602218
915602218 8385025830
53952667 53952668
53946535 3558457247
3558457247 53946537
53946537 2395328432
2395328432 2395328433
53952655 5751187931
5751187931 2395328436
2395328436 53952656
53952656 2395328444
2395328444 459149531
459149531 1462521299
1462521299 53952659
53952659 2395328451
2395328451 53952663
53952663 1462332421
1462332421 53952667
53952653 53952655
1462520757 2435362560
2435362560 2435362561
2435362561 2435362563
2435362563 2435362562
2435362562 1462520761
459149509 667007703
667007703 459149512
459149512 5089135882
5089135882 459149516
459149516 5538543739
5538543739 459149514
459149514 459149524
459149524 5538543738
5538543738 459149563
459149563 5147693620
5147693620 53940435
53940435 5089113994
5089113994 3645595435
3645595435 459149581
459149581 7218899713
7218899713 4975335822
4975335822 3645595468
3645595468 4975335823
4975335823 3645595474
3645595474 915602218
459149507 7218476728
7218476728 459149509
264893530 53940418
53940418 7211633747
7211633747 459149507
667007616 5541156265
5541156265 3060483992
3060483992 5541156260
5541156260 8080810934
8080810934 4447489243
8385025828 8371816747
8371816747 8371816748
8371816748 8385025830
915604113 915598338
915598338 53954156
53954156 53954157
53954157 8371816750
8371816750 53954158
2395328433 53952652
53952652 1161748130
1161748130 53952653
53952641 2395328443
2395328443 2395328440
2395328440 1462332327
1462332327 53952644
53952644 1462521111
1462521111 53952647
53952647 2142468800
2142468800 5751236649
5751236649 2395328433
3060483981 3060483994
3060483994 5470610407
5470610407 3060484015
3060484015 7218476710
7218476710 7211656305
7211656305 3060484042
3060484042 8071146922
8071146922 53940410
3060483762 5469884531
5469884531 2822743045
2822743045 2822743048
1462331935 3060483943
3060483943 3060483955
3060483955 3060483964
3060483964 7366586074
7366586074 8071146926
8071146926 3060483981
53940410 8071146923
8071146923 8071146924
8071146924 8071146925
8071146925 3060484034
3060484034 667007620
667007620 3060484027
3060484027 667007616
3060483981 5470610399
5470610399 53947098
1462331935 3060483936
3060483936 7218476693
7218476693 3060483832
3060483832 3060483829
3060483829 53947098
2822743048 452003606
452003606 53947709
44491082 1887901343
1887901343 4975335831
4975335831 53862262
53862262 667007672
667007672 667007663
3558835453 3558835436
3558835436 3558834929
3558834929 53851833
53851833 3558834601
3558834601 3558834236
3558834236 3558834214
3558834214 1656261016
1656261016 3558832664
3558832664 53954158
53954162 8371816753
8371816753 915598294
915598294 53954146
53954146 8385025829
8385025829 53954148
53954148 915602267
1462331831 8080810946
8080810946 1462331935
4447489243 3060483786
3060483786 8071856133
8071856133 8071146927
8071146927 8071856134
8071856134 1462331831
667007616 8069081793
8069081793 3018180570
3018180570 667007612
667007612 5572195385
5572195385 8069072576
8069072576 5469884304
5469884304 8069072569
8069072569 667007611
5469884113 5469884112
5465097779 8071179218
8071179218 8069094029
8069094029 5469884276
5469884276 5465097778
8003884077 1022481089
1022481089 3060483776
3060483776 5469884111
5469884111 5465097779
53947709 5268453147
5268453147 5004660016
5004660016 5572196625
1212272996 1022481544
1022481544 1022481108
1022481108 8003884077
1212272996 5751187929
5751187929 53952656
2395328435 1022481110
1022481110 5004660010
5004660010 1022481205
1022481205 264893526
2395328435 5751187932
5751187932 5751187933
5751187933 53952656
1462520761 1022481556
1022481556 2264470520
2264470520 53947715
53947715 2264470564
2264470564 53946535
8069081793 8069081792
8069081792 8069081791
8069081791 5541156260
667007611 5469884310
5469884310 5465097779
915602267 8385025828
8385025830 915604113
