172863709 172863700
172863700 172863697
172789240 172789243
172789243 172789249
172211690 172211698
172211698 172211707
172403234 172403229
172403279 172403285
172403285 172214630
172214630 172214633
172214630 172403291
172403291 172403301
172403301 172403316
172403316 172403319
172228430 2129814754
2129814754 1863556093
1863556093 1807875086
1807875086 2129659959
2129659959 2129659974
2129659959 2129659958
2129659966 2129659958
2129659958 2129718107
2129718107 1806268017
1806268017 172228408
172228408 172897165
172228408 1806268028
172897165 172897162
172897162 172897144
172897144 1804645376
1804645376 3627440228
1804645376 3627440231
3627440228 3627440237
3627440228 3627440231
3627440237 3627440234
3627440237 172716806
3627440234 172716806
3627440234 3627440224
172716806 172716817
172716817 172716819
172716819 3702888157
3702888157 172716833
3702888157 3702888178
172263274 172263267
172263267 2936164807
2936164807 3702888437
2936164807 172263265
2936164807 5728126299
172263265 653847433
172263265 5728134129
653847433 5728085050
5728085050 172574646
5728085050 4510506106
4510506106 4510506108
4510506108 1805394923
1805394923 653847423
653847423 653847006
653847423 653847417
653847423 172497433
653847006 3702888144
653847006 653847010
3702888144 653847005
653847005 5728126299
653847010 653847012
653847012 653847017
653847012 653847410
653847012 3627440193
653847012 3627440089
653847017 653847019
653847019 653847021
653847019 653847370
653847021 653847023
653847023 653847026
653847352 653847360
653847360 653847366
653847366 653847370
653847370 653847389
653847370 172502167
653847389 653847395
653847395 653847410
653847410 653847417
172502167 5837644194
5837644194 172336497
172336497 172336494
172336497 172336499
172336494 172336490
172336494 172389482
172389482 172254829
172254829 172254832
172254829 172389475
172254832 172254843
172254843 172254861
172254861 172254874
172254874 172254877
172254877 172254879
172254877 172389492
172254879 172254881
172254881 172254887
172389492 172389500
172389475 172389469
172389475 172833282
172389469 172389463
172389463 172198812
172198812 172198811
172198812 172389454
172198811 172198809
172198809 172198804
172198804 172198798
172198798 172198797
172198797 172578079
172198797 172578099
172578079 172578067
172578067 172578055
172578067 172578112
172578055 172389448
172389448 172389445
172389448 172389451
172389445 172389442
172389445 172515102
172389445 172515108
172389442 172389436
172515102 172515093
172515108 172515122
172515122 172700401
172515122 172515133
172700401 172700411
172700411 172700414
172700414 172700417
172515133 172515137
172515137 172515140
172389451 172389454
172833282 172773683
172773683 172773688
172773683 172833285
172773688 172773699
172336499 172336505
172336505 172336513
172336513 172336519
172336513 172682781
172336519 172336521
172336521 172336524
172336524 172311777
172336524 172336526
172336524 172497433
172311777 172497438
172311777 172311779
172497438 172497441
172497441 172497443
172497443 172400948
172497443 172497446
172400948 172729009
172400948 172729028
172400948 172400861
172729009 172728991
172728991 172728980
172728991 172400939
172400939 172400946
172400939 172728967
172400946 172400947
172728967 172728951
172728967 172218966
172728951 172728939
172728939 172728936
172218966 172218963
172218966 172218972
172218963 172218957
172218957 172218956
172218956 172497459
172218956 172218948
172497459 172497453
172497453 172359775
172359775 172359777
172359775 172497446
172359777 172359792
172359777 5785797015
172359792 172359796
172218948 172218945
172218972 172218978
172218978 172218981
172218981 172263242
172218981 172218984
172263242 172263248
172263248 172311800
172263248 172263260
172311800 172311798
172311798 172304625
172304625 172311796
172311796 172311794
172311794 172311790
172311790 172311784
172311784 172400926
172311784 172311781
172400926 172400916
172400926 172729065
172400916 172400902
172400902 172400896
172400896 172729036
172400896 172729056
172729036 172729028
172729056 172729065
172311781 172311779
172263260 5728134129
172400861 172400888
172336526 172336529
4363571170 4363571168
4363571168 482710390
482710390 4565612429
4565612429 4565612431
4565612429 3729890221
4565612431 4565612433
4565612431 4565612436
3729890221 172225285
172225285 482710418
172225285 172225286
482710418 482710420
172225286 172225294
172225294 172225297
172225297 172225308
172225297 3729890217
172225308 172225320
172225320 172225323
172225323 3627440055
172225323 3627440063
3627440055 3627440063
3627440055 3627440054
3627440063 3627440064
3627440064 3627440050
3627440064 3627440085
3627440050 172897062
3627440050 3627440076
172897062 172897070
172897062 3627440217
172897070 3627440204
3627440204 1805458707
1805458707 172897073
172897073 1805364136
1805364136 3627440209
1805364136 172897078
3627440209 3627440211
3627440211 3627440213
3627440213 3627440216
3627440216 3627440217
3627440217 3627440060
3627440060 3627440200
3627440060 3627440054
3627440200 3627440201
3627440201 3627440202
3627440054 172773921
172773921 172773930
172773930 172773936
172773936 172526244
172526244 172526236
172526236 653813749
172897078 1805368008
1805368008 172897102
172897102 1868077983
1868077983 172897122
172897122 172897129
172897129 3627440224
172897129 3627440239
3627440224 3627440239
3627440239 3627440231
3627440076 3627440193
3627440085 3627440089
3729890217 482710400
482710400 482710401
482710401 482710402
482710402 482710407
3702888184 3702888183
3702888183 3702888192
3702888192 3702888178
