172863709 3476.058368668598 1079.746745972032 35.30357 -80.721694 50
172863700 3460.25331394586 1039.497709573432 35.303206 -80.721868 50
172863697 3461.070816776108 1028.993153369625 35.303111 -80.72185899999999 50
172789240 3371.41800636689 615.998233176304 35.299376 -80.722846 50
172789243 3330.088696602013 642.8677822003219 35.299619 -80.72330100000001 50
172789249 3313.102804458577 649.5022387491319 35.299679 -80.723488 50
172211690 3256.695109156486 504.871085974944 35.298371 -80.724109 50
172211698 3284.67187268821 544.014379615174 35.298725 -80.72380099999999 50
172211707 3314.646976472037 553.523767336166 35.298811 -80.723471 50
172403234 3416.108161100946 698.486642939132 35.300122 -80.722354 50
172403229 3380.592204798303 728.1205488590731 35.30039 -80.722745 50
172403279 3601.772137267291 794.243965799579 35.300988 -80.72031 50
172403285 3532.466063970689 844.6658355746149 35.301444 -80.721073 50
172214630 3526.289375919161 848.5359352289081 35.301479 -80.721141 50
172214633 3471.880020868015 775.9992102900001 35.300823 -80.72174 50
172403291 3475.240865838351 879.8284552857001 35.301762 -80.72170300000001 50
172403301 3421.830680913833 885.467743353807 35.301813 -80.722291 50
172403316 3391.855577128852 846.656172540243 35.301462 -80.722621 50
172403319 3386.587225554606 832.502665234661 35.301334 -80.722679 50
172228430 2422.115552882904 1580.75878972073 35.308101 -80.73329699999999 50
2129814754 2469.35813311817 1580.316492617101 35.308097 -80.7327769 50
1863556093 2524.957408955758 1579.796793520654 35.3080923 -80.73216480000001 50
1807875086 2629.761271824671 1579.199692431387 35.3080869 -80.731011 50
2129659959 2649.608423874551 1579.144405293961 35.3080864 -80.73079250000001 50
2129659974 2650.017175290253 1631.866220005196 35.3085632 -80.730788 50
2129659958 2674.951011620309 1578.845854748625 35.3080837 -80.7305135 50
2129659966 2675.423346589281 1609.696077703194 35.3083627 -80.7305083 50
2129718107 2719.622999624034 1579.022773590358 35.3080853 -80.73002169999999 50
1806268017 2779.564123827098 1579.398726127809 35.3080887 -80.72936180000001 50
172228408 2784.360140432372 1579.431898410547 35.308089 -80.729309 50
172897165 2783.633471250315 1536.08678228795 35.307697 -80.72931699999999 50
1806268028 2783.887805464555 1641.287148305322 35.3086484 -80.7293142 50
172897162 2775.276775650304 1452.160906940086 35.306938 -80.729409 50
172897144 2873.83128354752 1377.633845035549 35.306264 -80.728324 50
1804645376 2891.498428051229 1322.534683393891 35.3057657 -80.72812949999999 50
3627440228 2899.455455601281 1302.68660088348 35.3055862 -80.72804189999999 50
3627440231 2885.703241318171 1299.148224057963 35.3055542 -80.7281933 50
3627440237 2903.997137991159 1300.74049362934 35.3055686 -80.72799190000001 50
3627440234 2910.864161767548 1288.267715316705 35.3054558 -80.7279163 50
172716806 2926.69646658405 1310.404685336674 35.305656 -80.72774200000001 50
3627440224 2899.528122517984 1273.793542611801 35.3053249 -80.7280411 50
172716817 2993.005029500767 1365.912971799225 35.306158 -80.727012 50
172716819 3051.774399648877 1419.099198468778 35.306639 -80.726365 50
3702888157 3091.459620385204 1453.60942995317 35.3069511 -80.7259281 50
172716833 3143.15304936678 1477.040118999882 35.307163 -80.725359 50
3702888178 3069.486960975525 1497.087235206012 35.3073443 -80.72617 50
172263274 3213.63996008408 1429.935477499251 35.306737 -80.724583 50
172263267 3227.991676441548 1378.29729069029 35.30627 -80.724425 50
2936164807 3243.206312453359 1346.650932950736 35.3059838 -80.72425749999999 50
3702888437 3278.249933785875 1374.3055593338 35.3062339 -80.7238717 50
172263265 3253.661265317093 1324.912030324315 35.3057872 -80.72414240000001 50
5728126299 3224.54908118761 1331.225821473099 35.3058443 -80.72446290000001 50
653847433 3109.889767530477 1204.131748844372 35.3046949 -80.7257252 50
5728134129 3258.348281546156 1315.5906188724 35.3057029 -80.7240908 50
5728085050 3096.755222054369 1193.162780682247 35.3045957 -80.7258698 50
172574646 3110.7254370899 1175.946365936812 35.30444 -80.72571600000001 50
4510506106 2986.882841639077 1100.899604936531 35.3037613 -80.72707939999999 50
4510506108 2933.23648922834 1055.851644967001 35.3033539 -80.72767 50
1805394923 2813.054489782721 954.9194459967659 35.3024411 -80.7289931 50
653847423 2804.661460724359 947.8758646270639 35.3023774 -80.7290855 50
653847006 2791.672249082814 967.690774854738 35.3025566 -80.7292285 50
653847417 2788.011653076454 933.877161308526 35.3022508 -80.7292688 50
172497433 2832.320306488573 902.827904657534 35.30197 -80.728781 50
3702888144 2967.571608107974 1115.41800735222 35.3038926 -80.72729200000001 50
653847010 2656.875115702054 867.864318642168 35.3016538 -80.7307125 50
653847005 3079.042660726565 1209.019131835464 35.3047391 -80.7260648 50
653847012 2608.315447570337 842.4654074859241 35.3014241 -80.7312471 50
653847017 2490.585956617772 776.142956848292 35.3008243 -80.73254319999999 50
653847410 2620.105655059698 822.761071534509 35.3012459 -80.73111729999999 50
3627440193 2593.191645207872 879.8616275691411 35.3017623 -80.7314136 50
3627440089 2572.47249013675 875.5271159565291 35.3017231 -80.7316417 50
653847019 2353.817733077519 697.933771559947 35.300117 -80.7340489 50
653847021 2313.678344100239 674.9896093262421 35.2999095 -80.7344908 50
653847370 2365.607940566879 677.5881048084809 35.299933 -80.73391909999999 50
653847023 2185.239566067388 604.598025338599 35.2992729 -80.7359048 50
653847026 2147.44368520464 583.854291194288 35.2990853 -80.7363209 50
653847352 2158.688890806014 563.2211313262369 35.2988987 -80.7361971 50
653847360 2196.648272234811 584.053324891413 35.2990871 -80.7357792 50
653847366 2325.268717564043 654.5333682999239 35.2997245 -80.7343632 50
653847389 2502.248996998279 755.7309455313521 35.3006397 -80.7324148 50
172502167 2383.420418906306 636.233325650808 35.299559 -80.733723 50
653847395 2602.447593920576 811.4714379730619 35.3011438 -80.73131170000001 50
5837644194 2409.753093411793 570.7070097988651 35.2989664 -80.7334331 50
172336497 2418.300539672772 549.4325191314661 35.298774 -80.733339 50
172336494 2350.356971094405 522.894692933412 35.298534 -80.734087 50
172336499 2585.161950738805 614.450193314306 35.299362 -80.73150200000001 50
172336490 2312.20683900695 516.4813849364159 35.298476 -80.73450699999999 50
172389482 2381.967080539881 454.228067648796 35.297913 -80.733739 50
172254829 2399.679641867686 403.4744750463901 35.297454 -80.73354399999999 50
172254832 2465.26153560119 419.6183193161919 35.2976 -80.732822 50
172389475 2413.940524576964 344.206663205101 35.296918 -80.73338699999999 50
172254843 2502.957499452315 444.608105652248 35.297826 -80.73240699999999 50
172254861 2545.921814876531 455.6655332338321 35.297926 -80.731934 50
172254874 2584.071946965142 427.4690928996311 35.297671 -80.731514 50
172254877 2609.4145347109 414.3107540768628 35.297552 -80.731235 50
172254879 2685.16979700129 374.5040147811892 35.297192 -80.730401 50
172389492 2634.393787863895 461.9682669559761 35.297983 -80.73096 50
172254881 2740.033320291077 345.091257411656 35.296926 -80.729797 50
172254887 2747.935847653602 332.706938519887 35.296814 -80.72971 50
172389500 2642.659649816871 505.4239573534251 35.298376 -80.730869 50
172389469 2425.839732442535 294.6693876373229 35.29647 -80.733256 50
172833282 2359.803670469234 326.2936305228918 35.296756 -80.73398299999999 50
172389463 2438.374775843128 246.2378548272109 35.296032 -80.733118 50
172198812 2442.916458234161 235.2910015211819 35.295933 -80.733068 50
172198811 2408.218004762921 208.310878220906 35.295689 -80.73345 50
172389454 2462.264025222461 215.719354700012 35.295756 -80.732855 50
172198809 2367.161195943771 176.5760610604848 35.295402 -80.733902 50
172198804 2356.261158204829 150.369957689802 35.295165 -80.734022 50
172198798 2427.747239047601 69.42958778827006 35.294433 -80.73323499999999 50
172198797 2431.834753201149 67.54982509960382 35.294416 -80.73318999999999 50
172578079 2532.024266757703 51.51655510535693 35.294271 -80.73208700000001 50
172578099 2403.857989668268 33.714096698704 35.29411 -80.733498 50
172578067 2556.549351670902 53.06459496735579 35.294285 -80.73181700000001 50
172578055 2593.518646339971 95.74626543450904 35.294671 -80.73141 50
172578112 2563.816043498405 32.94007676770389 35.294103 -80.731737 50
172389448 2614.773719932181 136.4375989367381 35.295039 -80.731176 50
172389445 2715.054067136925 84.02539219677692 35.294565 -80.73007200000001 50
172389451 2508.770852912237 190.8401426402161 35.295531 -80.732343 50
172389442 2824.054444535598 26.74791732181984 35.294047 -80.728872 50
172515102 2688.712309266851 33.49294814688892 35.294108 -80.730362 50
172515108 2744.30250173985 139.3125301082168 35.295065 -80.72975 50
172389436 2862.840412160386 9.387756016685216 35.29389 -80.72844499999999 50
172515093 2682.989789453963 7.397419053168051 35.293872 -80.730425 50
172515122 2774.459272820057 161.648533823904 35.295267 -80.729418 50
172700401 2719.86825047253 217.3779688382701 35.295771 -80.730019 50
172515133 2813.154406794344 187.8546371938851 35.295504 -80.72899200000001 50
172700411 2678.902275300415 239.935121105771 35.295975 -80.73047 50
172700414 2600.512837221747 281.6216230901109 35.296352 -80.73133300000001 50
172700417 2538.382622105613 314.019885905976 35.296645 -80.732017 50
172515137 2873.740449899329 362.0091216124579 35.297079 -80.728325 50
172515140 2880.64380713407 383.6816796734051 35.297275 -80.72824900000001 50
172773683 2321.926039324039 302.9624583243908 35.296545 -80.73439999999999 50
172773688 2289.952595286956 353.2737538231681 35.297 -80.734752 50
172833285 2270.241693707051 270.343046956712 35.29625 -80.73496900000001 50
172773699 2285.047578304316 372.7348263673762 35.297176 -80.73480600000001 50
172336505 2715.962403615363 715.625655691045 35.300277 -80.730062 50
172336513 2752.931698283276 737.4087880282509 35.300474 -80.72965499999999 50
172336519 2790.990996724852 758.3073261581981 35.300663 -80.729236 50
172682781 2787.539318107482 692.2944834932471 35.300066 -80.729274 50
172336521 2843.311177874551 800.6572737979809 35.301046 -80.72866 50
172336524 2875.284621912789 827.5268228219991 35.301289 -80.728308 50
172311777 2915.433094253501 760.1870888468641 35.30068 -80.72786600000001 50
172336526 2942.592354954979 883.145683560808 35.301792 -80.72756699999999 50
172497438 2946.22570086873 709.322921969605 35.30022 -80.72752699999999 50
172311779 2955.127398355572 792.585351662728 35.300973 -80.727429 50
172497441 3001.725059692383 611.354113591012 35.299334 -80.726916 50
172497443 3010.990091771987 596.0948635284669 35.299196 -80.726814 50
172400948 3056.497749335135 622.5221154495589 35.299435 -80.726313 50
172497446 3021.254293977063 579.066425051406 35.299042 -80.72670100000001 50
172729009 3102.732076081496 667.0835486053779 35.299838 -80.725804 50
172729028 3048.776889270147 647.843624612281 35.299664 -80.726398 50
172400861 3075.572815381174 592.777635253359 35.299166 -80.72610299999999 50
172728991 3120.535471057491 694.395394733727 35.300085 -80.72560799999999 50
172728980 3082.839507206366 710.7603875546411 35.300233 -80.726023 50
172400939 3150.873909432923 678.8044218431089 35.299944 -80.725274 50
172400946 3140.518873580812 635.348731444253 35.299551 -80.725388 50
172728967 3161.864780818901 679.357293220887 35.299949 -80.72515300000001 50
172400947 3133.524682696725 624.623026689336 35.299454 -80.725465 50
172728951 3172.583151263774 724.5821720328529 35.300358 -80.72503500000001 50
172218966 3211.641619831978 663.8768946065279 35.299809 -80.724605 50
172728939 3144.333886788633 757.865029055273 35.300659 -80.725346 50
172728936 3131.980510683265 765.826376914267 35.300731 -80.725482 50
172218963 3177.306500951188 564.4706206421949 35.29891 -80.72498299999999 50
172218972 3312.012800684914 956.4564284314199 35.302455 -80.7235 50
172218957 3158.231434906305 514.7121965226031 35.29846 -80.725193 50
172218956 3154.416421697329 501.8855805272051 35.298344 -80.725235 50
172497459 3111.542939921303 513.9381765923069 35.298453 -80.725707 50
172218948 3069.850295565976 249.5550831023202 35.296062 -80.72616600000001 50
172497453 3070.213630157582 533.841546240144 35.298633 -80.726162 50
172359775 3054.862743674641 544.567250994359 35.29873 -80.726331 50
172359777 3044.416874174339 524.1110099673369 35.298545 -80.726446 50
172359792 3027.703482973163 433.440103794404 35.297725 -80.72663 50
5785797015 2989.943935569922 463.925431638163 35.2980007 -80.72704570000001 50
172359796 3001.180057806707 357.6967248566461 35.29704 -80.726922 50
172218945 3053.591072605752 203.6667586363169 35.295647 -80.72634499999999 50
172218978 3335.26621453038 1023.575013854037 35.303062 -80.72324399999999 50
172218981 3365.786320201038 1115.24108851119 35.303891 -80.722908 50
172263242 3359.700465796544 1161.129412976489 35.304306 -80.72297500000001 50
172218984 3402.846448517141 1220.176076265964 35.30484 -80.7225 50
172263248 3347.347089691176 1193.417101516799 35.304598 -80.723111 50
172311800 3296.752747849007 1137.134795123248 35.304089 -80.723668 50
172263260 3285.761876461874 1269.82392611 35.305289 -80.723789 50
172311798 3240.890054433748 1073.775735077962 35.303516 -80.724283 50
172304625 3165.134792142202 988.6335426947669 35.302746 -80.725117 50
172311796 3127.257160997006 947.4999120896121 35.302374 -80.725534 50
172311794 3097.009556269765 913.000738032564 35.302062 -80.72586699999999 50
172311790 3057.86025405337 871.6459588755949 35.301688 -80.726298 50
172311784 3026.340978254928 847.209043919428 35.301467 -80.726645 50
172400926 3056.497749335135 815.6953753094149 35.301182 -80.726313 50
172311781 2989.916685475003 818.6808807571531 35.301209 -80.727046 50
172400916 3029.520155930039 776.220358841814 35.300825 -80.72660999999999 50
172729065 3085.74618393806 791.258460353248 35.300961 -80.72599099999999 50
172400902 2984.830001195982 750.7882754028331 35.300595 -80.727102 50
172400896 2996.365874471102 729.7791629959229 35.300405 -80.726975 50
172729036 3022.707632342333 694.6165432848391 35.300087 -80.726685 50
172729056 3054.953577321676 760.1870888468641 35.30068 -80.72633 50
172400888 3119.627134579053 583.3788218086249 35.299081 -80.725618 50
172336529 2980.015817862688 904.707667345496 35.301987 -80.727155 50
4363571170 2050.151765011726 907.5494262349421 35.3020127 -80.737392 50
4363571168 2059.834631871619 855.059817502163 35.301538 -80.7372854 50
482710390 2097.021927294264 820.582758301211 35.3012262 -80.736876 50
4565612429 2108.730384498866 818.172239088753 35.3012044 -80.7367471 50
4565612431 2115.606491639843 920.066434257659 35.3021259 -80.73667140000001 50
3729890221 2207.085058370525 816.723716074966 35.3011913 -80.7356643 50
4565612433 2147.579935676926 929.8633150952369 35.3022145 -80.7363194 50
4565612436 2096.694926162165 960.249126090785 35.3024893 -80.73687959999999 50
172225285 2295.18461340285 816.4251655303319 35.3011886 -80.7346944 50
482710418 2264.001422101096 848.956117477145 35.3014828 -80.73503770000001 50
172225286 2347.541128013212 815.9165238612291 35.301184 -80.734118 50
482710420 2261.666997352308 869.0916931041411 35.3016649 -80.7350634 50
172225294 2393.593787463192 829.6277340631821 35.301308 -80.733611 50
172225297 2407.945503820661 837.92080475025 35.301383 -80.733453 50
172225308 2443.370626473958 875.5160585291851 35.301723 -80.733063 50
3729890217 2365.035688583973 881.89619424485 35.3017807 -80.7339254 50
172225320 2465.624870192796 928.8128594757 35.302205 -80.73281799999999 50
172225323 2482.865096551628 948.660941985408 35.3023845 -80.73262819999999 50
3627440055 2516.573463260828 983.0827140489339 35.3026958 -80.7322571 50
3627440063 2524.312490057303 960.625078629643 35.3024927 -80.7321719 50
3627440054 2519.552806910381 988.699887260241 35.3027466 -80.7322243 50
3627440064 2530.134926882969 958.004468292715 35.302469 -80.73210779999999 50
3627440050 2552.434587424746 967.347994599319 35.3025535 -80.7318623 50
3627440085 2549.491577235856 912.0940289713201 35.3020538 -80.7318947 50
172897062 2554.641845068148 973.5069817624669 35.3026092 -80.731838 50
3627440076 2574.243746269531 924.224027028537 35.3021635 -80.7316222 50
172897070 2599.477333636767 996.8934410983941 35.3028207 -80.7313444 50
3627440217 2546.784734529718 992.44835521093 35.3027805 -80.73192450000001 50
3627440204 2650.752927838053 1004.876903813484 35.3028929 -80.7307799 50
1805458707 2707.333207071937 1003.91490761411 35.3028842 -80.73015700000001 50
172897073 2756.038209039372 1010.140239342028 35.3029405 -80.72962080000001 50
1805364136 2765.357741306503 1023.718760413033 35.3030633 -80.7295182 50
3627440209 2707.869125594181 1014.430521243855 35.3029793 -80.7301511 50
172897078 2776.639280367383 1077.977557558922 35.303554 -80.729394 50
3627440211 2646.892497806137 1016.365571071353 35.3029968 -80.73082239999999 50
3627440213 2601.403006971008 1009.023439156314 35.3029304 -80.73132320000001 50
3627440216 2556.558435037802 994.328117899596 35.3027975 -80.7318169 50
3627440060 2542.942471226978 994.8920467068281 35.3028026 -80.7319668 50
3627440200 2527.464417636338 1052.302210712734 35.3033218 -80.7321372 50
3627440201 2526.501580968062 1098.444856013992 35.3037391 -80.73214780000001 50
3627440202 2524.893825403642 1166.326403940263 35.304353 -80.73216549999999 50
172773921 2517.981384803158 1032.819023313134 35.3031456 -80.73224159999999 50
172773930 2513.485119236219 1086.314857955368 35.3036294 -80.7322911 50
172773936 2512.67669977056 1131.03109509823 35.3040338 -80.7323 50
172526244 2481.42992491669 1165.552384009967 35.304346 -80.73264399999999 50
172526236 2411.851350676672 1156.595867668159 35.304265 -80.73341000000001 50
653813749 2138.99615595644 1157.347772743766 35.3042718 -80.7364139 50
1805368008 2818.586258935795 1089.941694202454 35.3036622 -80.7289322 50
172897102 2862.204576624209 1094.342550380539 35.303702 -80.728452 50
1868077983 2881.225142480409 1153.101720552725 35.3042334 -80.7282426 50
172897122 2881.552143612508 1230.746977033837 35.3049356 -80.728239 50
172897129 2885.71232468276 1261.376051436592 35.3052126 -80.72819320000001 50
3627440239 2882.69664757601 1281.179904236921 35.3053917 -80.7282264 50
482710400 2318.574277718291 929.5094774138811 35.3022113 -80.73443690000001 50
482710401 2320.136616460927 998.441480959689 35.3028347 -80.7344197 50
482710402 2355.997740626001 1040.271729503728 35.303213 -80.73402489999999 50
482710407 2418.373206590631 1046.463888950316 35.303269 -80.73333820000001 50
3702888184 3031.227828508392 1634.696921466594 35.3085888 -80.7265912 50
3702888183 3046.905716124588 1589.361468379776 35.3081788 -80.7264186 50
3702888192 3061.620767072508 1540.133800783272 35.3077336 -80.7262566 50
