42424757 42447209 1
42424757 5481922046 1
42447209 42447208 1
42447209 589928030 1
42447209 1332843611 1
42447208 42434129 1
42447208 5482291305 1
42434129 589928028 1
42434129 42444457 1
42434129 5482291307 1
589928028 42444456 1
589928028 589928029 1
589928028 589928042 1
42444456 42438707 1
42438707 42452330 1
42438707 596776656 1
42438707 5481977611 1
42452330 42445185 1
42452330 596776659 1
42452330 4980798182 1
42445185 42456162 1
42445185 596776578 1
42445185 42445189 1
42456162 42443818 1
42456162 596776613 1
42456162 5481978523 1
42443818 596776594 1
42443818 5481978522 1
596776594 42443817 1
596776594 596776613 1
42443817 42446169 1
42443817 42435211 1
42443817 3023172096 1
42446169 596776613 1
42446169 42445183 1
596776613 596776578 1
596776578 596776659 1
596776578 5481977615 1
596776659 596776656 1
596776659 5481977613 1
596776656 42438704 1
596776656 596776654 1
42438704 42446171 1
42438704 4207764477 1
42438704 4577988774 1
42446171 3023173318 1
42446171 5481977613 1
3023173318 42445183 1
42445183 5481977615 1
4207764477 42444453 1
42444453 42434122 1
42434122 42434117 1
42434122 589928042 1
42434122 42446177 1
42434117 3846051359 0
42434117 4207764479 1
42434117 3846051360 1
3846051359 3846051358 0
3846051358 42446203 0
42446203 42436726 0
42446203 3099327972 0
42446203 4207724578 0
42436726 42453251 0
42436726 3099327975 0
42436726 3845322711 0
42453251 3099327970 0
42453251 42451564 0
42453251 5481939504 0
3099327970 2141026524 0
3099327970 3099327975 0
3099327970 3099326127 0
2141026524 42439868 0
3099327975 2141026493 0
3099327975 3099327972 0
2141026493 5481907291 0
5481907291 42435810 0
42435810 42432932 3
42435810 4888388399 3
42435810 42435814 0
42432932 42432931 3
42432931 42432929 3
42432931 42440146 3
42432931 4888388399 3
42432929 5403787911 3
5403787911 42432928 3
42432928 42432926 3
42432928 42439371 3
42432928 42439369 3
42432928 42435803 3
42432926 42435802 3
42432926 42438920 3
42432926 5481863726 3
42435802 42438913 3
42435802 42435794 3
42435802 5157411375 3
42438913 3099326119 0
3099326119 42438908 0
3099326119 3099327968 0
3099326119 3099326118 0
42438908 42438906 0
42438908 4207724576 0
42438908 42453241 0
42438906 42442123 0
42438906 42442128 0
42442123 42453236 0
42442123 3858909357 0
42453236 42445215 0
42453236 3099327968 0
42453236 4207724576 0
42445215 3099327957 2
42445215 3858909357 2
42445215 4207724574 2
3099327957 2141026510 2
3099327957 3099327968 0
3099327957 3099327962 2
2141026510 42432905 3
42432905 42432908 3
42432905 4207743629 3
42432905 42435785 3
42432908 42432917 3
42432908 42435794 3
42432908 42435785 3
42432917 42435794 3
42432917 42447336 3
42432917 5481863726 3
42435794 42439858 3
42439858 3099327968 0
42447336 42438920 3
42447336 42440134 3
42447336 42445219 3
42438920 42438923 3
42438920 42439369 3
42438923 42440134 3
42438923 1775693152 3
42438923 3579426774 3
42440134 42440131 3
42440131 42429747 3
42440131 42445219 3
42429747 42429744 3
42429747 42440125 3
42429744 42429741 3
42429744 42447330 3
42429744 42445219 3
42429741 42429735 3
42429741 42435775 3
42429741 5475792646 3
42429735 42432900 2
42429735 2141026497 2
42429735 4207743629 3
42432900 42432897 2
42432900 42435775 2
42432900 2141026504 2
42432897 42435770 2
42432897 42432894 2
42432897 2141026492 2
42435770 4708064890 2
4708064890 42435775 3
4708064890 42435766 2
4708064890 42447326 3
42435775 42447330 3
42447330 42440125 3
42447330 5403787908 3
42440125 42440122 3
42440122 42440112 3
42440122 42447326 3
42440112 42447323 4
42440112 42437196 4
42447323 42435766 2
42447323 42437188 4
42447323 42447326 3
42435766 42432894 2
42435766 42435763 2
42432894 42439849 2
42432894 4925259779 2
42439849 5481882795 2
5481882795 5481882789 2
5481882789 3099327950 2
3099327950 42453220 2
3099327950 3099327966 2
3099327950 3099327952 2
42453220 42452564 2
42453220 3817980397 2
42453220 5266449889 2
42452564 3099327966 2
42452564 42453226 2
42452564 5481977585 2
3099327966 2141026492 2
3099327966 3099326128 2
3099326128 42453226 2
3099326128 3099327962 2
3099326128 2141026504 2
42453226 42429727 2
42453226 42435207 2
42429727 2099150501 2
42429727 3099327962 2
42429727 4207724574 2
2099150501 3023172123 2
2099150501 3858909357 2
3023172123 5475082071 2
5475082071 42429552 1
42429552 42435207 1
42429552 3023172096 1
42435207 42435211 1
42435207 42439485 2
42439485 5481977585 2
3099327962 2141026497 2
3817980397 5481977589 2
5266449889 42437177 2
42437177 3099327952 2
42437177 5266449887 2
3099327952 5481882788 2
5481882788 2141026506 2
2141026506 595703198 2
595703198 42435763 2
595703198 4925259779 2
42435763 42435761 4
42435763 5481868701 4
42435761 42435755 4
42435761 42446778 4
42435761 42446775 2
42435755 42431207 4
42435755 42447317 4
42435755 3910057564 4
42431207 42431210 4
42431207 42435746 4
42431210 42437218 4
42431210 42440104 4
42431210 42447317 4
42437218 42435746 4
42437218 42446733 4
42440104 42447317 4
42440104 1774036559 4
42447317 42446778 4
42446778 42437188 4
42446778 42440108 4
42437188 42437196 4
42437188 5481868701 4
42437196 42440108 4
42440108 1774036559 4
3910057564 3910057568 4
3910057568 3910057567 2
3910057567 42448506 2
42448506 2141026523 2
42446775 42433173 2
42433173 4925259782 2
42433173 5481882798 2
4925259782 1705982030 2
5481882798 5481882799 2
42447326 5403787908 3
5475792646 42435785 3
42435785 42445219 3
1775693152 3579426702 3
3579426702 42438928 3
42438928 3579426492 3
42438928 3579426846 3
42438928 3579432162 3
3579426846 1506599375 3
1506599375 3579426479 3
3579432162 1669455270 3
3579432162 3579432161 3
3579432162 2297691110 3
1669455270 1774036908 3
1774036908 1669455262 3
1669455262 42435380 3
42435380 1807949737 3
42435380 4188035934 3
1807949737 3579432161 3
3579432161 561035338 3
3579432161 2133873543 3
561035338 42428844 3
2133873543 1504153626 3
1504153626 42442578 3
1504153626 1506445787 3
1504153626 3579432163 3
42442578 2308955220 3
42442578 4762583943 3
2308955220 42442577 3
42442577 2340960591 3
42442577 3579432159 3
2340960591 3347295531 3
3347295531 42437142 4
42437142 1506445774 4
42437142 3907629309 4
1506445774 1506445821 4
1506445821 42435362 4
1506445821 3579432159 3
42435362 42435360 4
42435362 42442575 4
42435360 42431186 4
42435360 1506445711 4
42431186 1506445746 4
42431186 1792516986 4
1506445746 1506445711 4
1506445711 42442575 4
42442575 3907629309 4
1792516986 4786589551 4
4786589551 1775693480 4
1775693480 42435359 4
3579432159 1506445789 3
1506445789 3579432160 3
1506445789 4762583943 3
3579432160 1506445766 3
3579432160 4188035934 3
1506445766 1506445787 3
3579432163 2340960702 3
2340960702 2541754749 3
2541754749 1506591536 3
2297691110 1506599382 3
1506599382 1506599378 3
1506599378 1332860731 3
3579426774 42440138 3
42440138 42429825 3
42440138 4384311764 3
42429825 42429827 3
42429825 42439371 3
42429825 42440144 3
42439371 4384311764 3
42440144 42440146 3
42440146 42446212 3
42442128 42453241 0
42442128 3023173727 0
42453241 3099326118 0
42453241 4212658373 0
3099326118 2141026511 0
3099326118 3099326120 0
2141026511 42435803 3
42435803 42435805 3
42435803 5157411375 3
42435805 4888388399 3
4888388399 5481857115 3
5481857115 42439864 0
42439864 3099327972 0
3099327972 3099326120 0
4212658373 42453246 0
42453246 4207724578 0
3023173727 3023173650 0
3023173650 42438702 1
42438702 4577988774 1
42438702 4207764479 1
42435814 3402046073 0
3099326127 42451564 0
3099326127 3099327945 0
3099326127 2141026508 0
42451564 42453253 0
42451564 5481939506 0
42453253 42438236 0
42453253 3099327945 0
42453253 42448141 0
42438236 42429532 0
42438236 3099327944 0
42438236 42438235 0
42429532 3099327944 0
42429532 5481922099 0
3099327944 4207724581 0
4207724581 3099327945 0
3099327945 5481907288 0
5481907288 2141026513 0
2141026513 42439878 0
5481922099 5481922083 0
5481922083 42429530 0
42429530 42438235 0
42429530 5481922057 0
42429530 3894445843 0
42438235 42446187 0
42438235 42448141 0
42446187 42446184 1
42446187 42446190 1
42446187 589928037 1
42446184 42448141 0
42446184 589928038 1
42446184 2799368116 1
42448141 42438984 0
42438984 42448979 0
42438984 2799368116 0
42438984 5481939506 0
42448979 42446182 1
42448979 42436724 0
42448979 5481939504 0
42446182 589928040 1
42446182 2799368116 1
42446182 42446177 1
589928040 589928030 1
589928040 589928039 1
589928040 589928041 1
589928030 589928033 1
589928030 3627799978 1
589928033 589928034 1
589928033 589928039 1
589928033 5481922046 1
589928034 589928035 1
589928034 589928038 1
589928035 589928020 1
589928035 589928037 1
589928020 589927991 1
589927991 373850916 1
589927991 5482250748 1
589927991 5482250750 1
5482250748 42446190 1
42446190 4207675399 1
42446190 5481922057 0
4207675399 371337165 0
371337165 42437929 0
371337165 2481877067 0
371337165 589928045 0
42437929 2481877067 0
42437929 2481877070 0
2481877067 589928063 0
2481877070 589928053 0
2481877070 589928062 0
5482250750 589928037 1
589928037 589928038 1
589928038 589928039 1
589928039 2799368116 1
3627799978 589928029 1
589928029 589928041 1
589928041 589928042 1
589928041 42446177 1
589928042 596776654 1
42446177 4970616806 1
4970616806 42436724 0
42436724 3846051360 0
42436724 3846051362 0
3846051362 3845322712 0
3845322712 3845322711 0
2141026508 5481907297 0
5481978523 42447206 1
42447206 42445189 1
42445189 42445196 1
42445189 42447207 1
42447207 42438772 1
42447207 4980798182 1
42447207 5482291259 1
42438772 42444457 1
42438772 5481977611 1
42438772 5482291303 1
5482291303 42438774 1
5482291259 42450083 1
5482291307 42434131 1
42434131 4980798211 1
4980798211 42444458 1
