172550278 172550276
172799599 172799592
172799592 172411849
172411849 172799590
172411849 172403260
172411849 172411851
172799590 172789206
172789206 172789202
172789206 172789211
172789206 172799585
172789211 172670701
172670701 172789224
172670701 172670707
172789224 172664575
172664575 172664581
172664575 172789228
172664581 172664594
172664594 172664597
172789228 172789240
172670707 172670710
172799585 172211626
172211626 172799574
172211626 172211634
172799574 172799570
172799570 172799566
172799566 172421513
172421513 172421509
172421513 172421520
172421513 172799561
172421509 172421506
172421506 172421496
172421506 172694264
172421496 172421490
172421490 172421486
172694264 172694273
172694273 172694275
172421520 172421528
172421528 172421533
172421533 172421539
172421539 172316786
172316786 172421546
172316786 172316789
172421546 172421551
172421551 172421554
172421554 172673272
172421554 172421563
172421563 172421567
172421563 172736472
172421567 172421573
172421573 172421575
172421573 172465714
172421575 172263607
172263607 172263604
172263607 172263613
172263607 172421580
172263604 172263596
172263596 172263586
172263586 172263578
172263613 172263629
172263629 172263643
172263643 172263647
172421580 172420279
172420279 172420290
172420279 172421584
172420290 172420294
172420294 172420305
172420305 172420309
172421584 172500880
172421584 172345336
172500880 172500883
172500883 172500889
172500889 172500899
172345336 172345334
172345336 172345338
172345334 172345325
172345325 172345311
172345311 172345308
172345338 172345342
172345342 172345344
172345344 172345356
172465714 172465717
172316789 172658830
172316789 172316798
172799561 172799558
172799558 172799556
172211634 172211640
172211640 172211653
172211653 172211656
172211656 172573763
172211656 172211669
172573763 172573769
172573769 172573777
172211669 172234783
172211669 172211675
172234783 172234786
172211675 172211678
172211678 172855591
172211678 172162520
172162520 172211690
172162520 172162529
172403260 172403255
172403260 172403264
172403255 172403242
172403242 172403237
172403237 172403234
172403237 172805238
172805238 172805242
172403264 172403275
172403275 172403279
172218945 172218941
172218941 172218937
172218937 172218935
172851659 172851661
172851659 172851654
1505632854 1505632857
1505632857 1505632895
1505632857 1505632862
1505632895 1505632892
1505632892 1505632891
1505632891 1505632890
1505632862 1505632864
1505632862 1505632879
1505632864 1505632866
1505632866 1505632868
1505632866 1505632881
1505632879 1505632878
1505632878 172252684
172252684 172472389
172252684 172252678
172472389 172472392
172252678 172252675
172252675 172301500
172252675 172252672
172301500 172301506
172301506 172301515
172301506 172302108
172301515 172301521
172301521 172301530
172301530 172301537
172302108 172302104
172302104 172302099
172302099 172302097
172302097 172302095
172302095 172213454
172213455 172213458
172213458 172188660
172188660 172188668
172188660 172213462
172188668 172188675
172213462 172213464
172213464 172213468
172213464 172550679
172213468 172213472
172213472 172213476
172550679 172550677
172550677 172636526
172550677 172252655
172636526 172636531
172252655 172252657
172252655 172550673
172252657 172252663
172252663 172252669
172252669 172252672
172252672 172606706
172606706 172606713
172606713 172606717
172606717 172606723
172663807 172663808
172743515 172743505
172743515 172743525
172740288 172740290
