172550278 3920.053239268225 763.2831685701581 35.300708 -80.71680600000001 50
172550276 3890.532303723041 742.38463044021 35.300519 -80.71713099999999 50
172799599 3809.508689857249 782.6336668388101 35.300883 -80.718023 50
172799592 3770.722722233616 736.192470994326 35.300463 -80.71845 50
172411849 3695.784962772317 621.9692440703741 35.29943 -80.719275 50
172799590 3631.383906459511 523.779287139967 35.298542 -80.719984 50
172403260 3638.741431934049 659.1222007456799 35.299766 -80.719903 50
172411851 3745.834302727655 589.1286841501769 35.299133 -80.71872399999999 50
172789206 3551.450296367382 401.815860908132 35.297439 -80.72086400000001 50
172789202 3597.139621228067 373.2876977472638 35.297181 -80.720361 50
172789211 3467.065837532411 456.9924245440161 35.297938 -80.72179300000001 50
172799585 3504.216799495549 330.274304452741 35.296792 -80.721384 50
172670701 3458.981642876972 462.8528611625311 35.297991 -80.72188199999999 50
172789224 3432.094883117754 497.9049065980601 35.298308 -80.722178 50
172670707 3430.278210160879 418.623150833379 35.297591 -80.72219800000001 50
172664575 3423.647353869554 526.6542183121489 35.298568 -80.72227100000001 50
172664581 3471.244185334149 536.2741803079939 35.298655 -80.72174699999999 50
172789228 3411.11231046896 579.508722154332 35.299046 -80.722409 50
172664594 3536.190243532631 503.2124718373891 35.298356 -80.72103199999999 50
172664597 3547.816950454787 498.4577779772451 35.298313 -80.720904 50
172789240 3371.41800636689 615.998233176304 35.299376 -80.722846 50
172670710 3425.554860473464 413.0944370429379 35.297541 -80.72225 50
172211626 3493.680096347056 311.3661032870141 35.296621 -80.72150000000001 50
172799574 3476.330869610858 269.126729922787 35.296239 -80.72169100000001 50
172211634 3443.539922744684 323.529273626968 35.296731 -80.72205200000001 50
172799570 3451.714951049469 199.0226390517282 35.295605 -80.721962 50
172799566 3432.185716765945 144.2883725201759 35.29511 -80.722177 50
172421513 3426.463196953057 131.4617565254821 35.294994 -80.72224 50
172421509 3383.408047881807 151.586274723727 35.295176 -80.722714 50
172421520 3467.338338476982 114.7650408757909 35.294843 -80.72179 50
172799561 3400.212272730018 87.4531947474411 35.294596 -80.72252899999999 50
172421506 3371.41800636689 156.8938399630561 35.295224 -80.722846 50
172421496 3328.362857294484 163.970593616199 35.295288 -80.72332 50
172694264 3342.623740003762 112.6641296346079 35.294824 -80.723163 50
172421490 3217.999975179888 129.471419559854 35.294976 -80.724535 50
172421486 3203.375757880159 131.3511822485202 35.294993 -80.72469599999999 50
172694273 3298.115252567241 64.67489392812513 35.29439 -80.723653 50
172694275 3297.57025068041 62.24225986027477 35.294368 -80.723659 50
172421528 3514.844336292231 103.3758904661331 35.29474 -80.721267 50
172421533 3587.692921852083 98.06832522610011 35.294692 -80.720465 50
172421539 3635.198919668488 91.43386867728987 35.294632 -80.719942 50
172316786 3644.554785396282 89.22238316055109 35.294612 -80.71983899999999 50
172421546 3705.594996737597 68.43441930615882 35.294424 -80.719167 50
172316789 3658.724834456214 144.509521071991 35.295112 -80.719683 50
172421551 3813.596204009641 44.21865290110281 35.294205 -80.717978 50
172421554 3824.132907158133 43.00233586717786 35.294194 -80.717862 50
172673272 3820.772062187798 0.8735367792100988 35.293813 -80.717899 50
172421563 3881.812273531424 47.86760400358207 35.294238 -80.71722699999999 50
172421567 3928.319101221201 68.98729068534385 35.294429 -80.71671499999999 50
172736472 3903.249014420015 10.38292450020299 35.293899 -80.71699099999999 50
172421573 3957.295034878398 94.19822557251018 35.294657 -80.716396 50
172421575 4015.701070433746 152.3602946547262 35.295183 -80.71575300000001 50
172465714 4004.074363511591 51.18483227798697 35.294268 -80.715881 50
172263607 4023.149429556474 160.3216425137198 35.295255 -80.715671 50
172263604 4058.483718562737 126.3753398365602 35.294948 -80.715282 50
172263613 3992.538490237626 191.0612911920311 35.295533 -80.716008 50
172421580 4054.487038057379 195.7054107773229 35.295575 -80.715326 50
172263596 4121.613103805499 97.95775095054387 35.294691 -80.71458699999999 50
172263586 4180.745808542903 49.63679241669206 35.294254 -80.713936 50
172263578 4197.459199745235 25.97389739082109 35.29404 -80.713752 50
172263629 3887.988961584108 230.204584833667 35.295887 -80.717159 50
172263643 3850.111330438913 263.266293304272 35.296186 -80.71757599999999 50
172263647 3820.590394892572 316.2313714227139 35.296665 -80.717901 50
172420279 4076.468780832801 224.4547224907092 35.295835 -80.715084 50
172420290 4118.978928018376 199.686084706469 35.295611 -80.71461600000001 50
172421584 4099.631361031233 255.7472425482042 35.296118 -80.71482899999999 50
172420294 4182.744148796161 180.7778835414451 35.29544 -80.713914 50
172420305 4233.338490637174 152.3602946547262 35.295183 -80.713357 50
172420309 4278.573647258062 110.231495566758 35.294802 -80.71285899999999 50
172500880 4061.117894348704 276.4246321270411 35.296305 -80.715253 50
172345336 4154.040716081223 328.7262645907422 35.296778 -80.71423 50
172500883 4000.350183949649 299.0923586700978 35.29651 -80.71592200000001 50
172500889 3961.200881735565 316.7842428018989 35.29667 -80.716353 50
172500899 3904.793186433475 384.5662738806632 35.297283 -80.71697399999999 50
172345334 4199.366706350302 295.111684740953 35.296474 -80.713731 50
172345338 4117.071421414465 355.5958136154632 35.297021 -80.714637 50
172345325 4241.422685294924 282.9485144002952 35.296364 -80.713268 50
172345311 4293.197864558946 246.4590033790259 35.296034 -80.712698 50
172345308 4349.151391623553 194.710242295213 35.295566 -80.712082 50
172345342 4066.749580515712 381.5807684329252 35.297256 -80.715191 50
172345344 4021.877758487586 414.3107540768628 35.297552 -80.71568499999999 50
172345356 4004.165197159782 448.035908202208 35.297857 -80.71588 50
172465717 4014.156898420286 43.88693007373286 35.294202 -80.71577000000001 50
172658830 3608.130492615201 157.3361370673888 35.295228 -80.72024 50
172316798 3663.175683201368 173.0376842335618 35.29537 -80.719634 50
172799558 3363.697146300746 40.01683042014292 35.294167 -80.722931 50
172799556 3336.265384655852 3.195596570801172 35.293834 -80.72323299999999 50
172211640 3386.133057314809 306.8325579779812 35.29658 -80.722684 50
172211653 3333.63120886873 309.596914873905 35.296605 -80.72326200000001 50
172211656 3323.457840311843 315.1256286643452 35.296655 -80.72337400000001 50
172573763 3297.206916088804 280.405306056186 35.296341 -80.723663 50
172211669 3290.394392501098 361.013953130348 35.29707 -80.723738 50
172573769 3187.75237045149 241.9254580713991 35.295993 -80.724868 50
172573777 3172.038149375787 243.141775105325 35.296004 -80.725041 50
172234783 3205.374098132259 330.937750107481 35.296798 -80.72467399999999 50
172211675 3272.954332117865 411.2146743535691 35.297524 -80.72393 50
172234786 3203.012423287397 331.490621485962 35.296803 -80.7247 50
172211678 3270.138489034361 425.0364588310781 35.297649 -80.723961 50
172855591 3227.719175496977 415.7482196618989 35.297565 -80.724428 50
172162520 3265.233472052877 456.9924245440161 35.297938 -80.72401499999999 50
172211690 3256.695109156486 504.871085974944 35.298371 -80.724109 50
172162529 3339.807896920258 463.1845839899011 35.297994 -80.72319400000001 50
172403255 3612.127173119402 619.204887174451 35.299405 -80.720196 50
172403264 3665.809858988491 703.573059626646 35.300168 -80.719605 50
172403242 3569.526192286793 604.719657041499 35.299274 -80.720665 50
172403237 3503.03596207485 642.8677822003219 35.299619 -80.721397 50
172403234 3416.108161100946 698.486642939132 35.300122 -80.722354 50
172805238 3538.279417432923 695.279988939579 35.300093 -80.721009 50
172805242 3551.268629073313 707.664307831348 35.300205 -80.720866 50
172403275 3653.002314643327 749.2402355408351 35.300581 -80.719746 50
172403279 3601.772137267291 794.243965799579 35.300988 -80.72031 50
172218945 3053.591072605752 203.6667586363169 35.295647 -80.72634499999999 50
172218941 3019.982622908175 118.8562890804919 35.29488 -80.726715 50
172218937 3006.175908437538 77.39093564796713 35.294505 -80.726867 50
172218935 2977.381642075565 1.426408158395134 35.293818 -80.72718399999999 50
172851659 3124.622985209884 24.97872890800681 35.294031 -80.72556299999999 50
172851661 3138.338866031175 71.30935047763796 35.29445 -80.72541200000001 50
172851654 3127.983830179063 6.402250570353772 35.293863 -80.725526 50
1505632854 4355.773164549134 711.479120348215 35.3002395 -80.7120091 50
1505632857 4280.680987887529 654.9093208373761 35.2997279 -80.71283579999999 50
1505632895 4326.897147903559 587.6912185658439 35.29912 -80.712327 50
1505632862 4186.613662192664 586.8729689240599 35.2991126 -80.7138714 50
1505632892 4384.658264560452 578.6683576585619 35.2990384 -80.7116911 50
1505632891 4432.51851360272 621.3057984156339 35.299424 -80.7111642 50
1505632890 4501.833670262754 682.7850957715509 35.29998 -80.7104011 50
1505632864 4142.059757932049 555.7131379975131 35.2988308 -80.7143619 50
1505632879 4220.449196009562 536.0419743288351 35.2986529 -80.7134989 50
1505632866 4100.212696376416 503.0023807129189 35.2983541 -80.71482260000001 50
1505632868 4085.94273030255 481.9269237419419 35.2981635 -80.7149797 50
1505632881 4204.771308394522 431.095929146717 35.2977038 -80.7136715 50
1505632878 4307.912915506866 481.108674100861 35.2981561 -80.712536 50
172252684 4368.04479037321 434.324698000959 35.297733 -80.71187399999999 50
172472389 4330.802994760726 399.8255239439109 35.297421 -80.712284 50
172252678 4401.01740453461 404.9119406314262 35.297467 -80.711511 50
172472392 4311.092093181976 376.2732031935961 35.297208 -80.712501 50
172252675 4409.37410013462 398.498632634431 35.297409 -80.71141900000001 50
172301500 4436.170026245647 441.95432303188 35.297802 -80.711124 50
172252672 4435.170856119019 378.9269858139642 35.297232 -80.711135 50
172301506 4458.42426996333 494.9194011510249 35.298281 -80.71087900000001 50
172301515 4496.21106746149 539.149111479474 35.298681 -80.710463 50
172302108 4493.576891674366 468.0498521256011 35.298038 -80.710492 50
172301521 4540.628721250975 565.797511952379 35.298922 -80.709974 50
172301530 4588.588887307176 604.4985084903869 35.299272 -80.709446 50
172301537 4618.018989204171 642.7572079247659 35.299618 -80.70912199999999 50
172302104 4539.175382885705 436.97848061992 35.297757 -80.70999 50
172302099 4588.588887307176 436.4256092414389 35.297752 -80.709446 50
172302097 4615.657314359308 470.040189091229 35.298056 -80.709148 50
172302095 4639.728231035022 508.851759904089 35.298407 -80.708883 50
172213454 4736.556899623552 590.123852633694 35.299142 -80.70781700000001 50
172213455 4765.62366692894 555.403530025535 35.298828 -80.707497 50
172213458 4795.235436122315 507.3037200427939 35.298393 -80.707171 50
172188660 4798.868782036066 498.789500804615 35.298316 -80.707131 50
172188668 4748.092772898672 468.160426402563 35.298039 -80.70769 50
172213462 4833.567235507307 408.892614561275 35.297503 -80.706749 50
172188675 4715.937661566364 432.4449353115901 35.297716 -80.708044 50
172213464 4837.018914124677 402.1475837355019 35.297442 -80.706711 50
172213468 4864.904844008212 365.6580727149371 35.297112 -80.70640400000001 50
172550679 4784.335398382217 360.3505074756072 35.297064 -80.707291 50
172213472 4908.414161321571 354.0477737541669 35.297007 -80.70592499999999 50
172213476 4937.753429570375 360.9033788547922 35.297069 -80.705602 50
172550677 4715.937661566364 277.9726719883361 35.296319 -80.708044 50
172636526 4647.267423804785 334.3655526574421 35.296829 -80.7088 50
172252655 4648.99326311347 195.4842622248052 35.295573 -80.708781 50
172636531 4634.550713108966 350.951694030874 35.296979 -80.70894 50
172252657 4595.764745485333 243.6946464838061 35.296009 -80.709367 50
172550673 4604.303108381724 140.1971243147718 35.295073 -80.709273 50
172252663 4554.162934778196 291.352159362918 35.29644 -80.709825 50
172252669 4472.230984433967 351.3939911337989 35.296983 -80.71072700000001 50
172606706 4400.018234407981 328.0628189352979 35.296772 -80.711522 50
172606713 4402.561576546914 284.82827708896 35.296381 -80.711494 50
172606717 4455.699260529172 239.4928240028462 35.295971 -80.710909 50
172606723 4473.593489152201 231.310327591334 35.295897 -80.710712 50
172663807 3657.907331627122 1.979279537578805 35.293823 -80.71969199999999 50
172663808 3663.084849553178 14.25302415379201 35.293934 -80.719635 50
172743515 3468.33750860361 42.00716738436404 35.294185 -80.721779 50
172743505 3446.628266770448 27.74308580322713 35.294056 -80.72201800000001 50
172743525 3530.649391016125 34.70926518081387 35.294119 -80.721093 50
172740288 3212.731623605641 25.19987745982098 35.294033 -80.724593 50
172740290 3215.910801279596 16.68565822164192 35.293956 -80.724558 50
