9728365302 9727816918 0 4.703665900754031
9727816918 9728365302 1 9.407331801508063
9728365302 9728365299 1 55.42536851157197
9728365299 9728365300 1 59.05403956876354
9728365300 9740157024 1 85.02024328498972
9740157024 9740157004 0 97.39842357139548
9740157004 9740157031 1 113.5633808340191
9740157031 9740157032 1 133.3902305251679
9740157032 9740157003 1 149.532970488253
9740157003 9740157076 1 167.861368290758
9740157076 9740157003 0 186.1897660932629
9740157003 9740157004 1 206.0077453209021
9740157004 9740157075 1 224.1253462382226
9740157075 9740157076 1 243.9422043378783
9740157076 9740157078 1 284.0494393804689
9740157078 9740157134 1 310.7321059836142
9740157134 9740157002 1 321.2387765855206
9740157002 9740157079 1 331.2791306717696
9740157079 9740157001 1 341.0466205853734
9740157001 9740157087 1 345.040695082911
9740157087 9740157077 1 378.1582947126166
9740157077 9740157075 1 418.3986923978107
9740157075 9740157004 0 436.5162933151312
9740157004 9740157024 1 448.894473601537
9740157024 9740157029 1 459.6687378804056
9740157029 9740157031 1 473.0116111513911
9740157031 9740157055 1 475.9073219375454
9740157055 9740157054 1 492.0666281810059
9740157054 9740157029 1 511.4846798688863
9740157029 9740157028 1 583.8130833306493
9740157028 9740157027 1 596.7909019829851
9740157027 9727816913 1 606.5679856140628
9727816913 9727816918 1 612.073301087366
9727816918 9727816913 0 617.5786165606692
9727816913 9740157027 0 627.3557001917468
9740157027 9728408221 1 640.7316968614792
9728408221 9728365312 1 655.5156205601834
9728365312 9728365314 1 665.2556606342323
9728365314 9728365316 1 673.0156472080121
9728365316 9728408220 1 689.8148983207275
9728408220 9727816914 1 700.6210760636039
9727816914 9728408222 1 710.595158388399
9728408222 9728408225 1 721.298873677873
9728408225 9728408226 1 726.7148579553885
9728408226 9728408228 1 738.0616913223665
9728408228 9728408230 1 745.8870761616294
9728408230 9728408232 1 754.0866746335448
9728408232 9728365294 1 767.6524703904721
9728365294 9728365296 1 775.2865965710023
9728365296 9727816932 1 787.8322625867196
9727816932 9728365302 1 792.4874216764822
