71.44618505763779 38.010177110314 68.59961480251847 41.6935918213762 1 9.310318179525236
68.59961480251847 41.6935918213762 59.9143924594447 50.74680388281038 1 34.40165021095994
59.9143924594447 50.74680388281038 53.5573553725512 54.9738551027646 1 49.66990257202023
53.5573553725512 54.9738551027646 40.73414751489891 59.40060952989407 1 76.80149408587477
40.73414751489891 59.40060952989407 32.5673101696072 60.13285462286998 1 93.20069102970572
32.5673101696072 60.13285462286998 24.75515729745641 59.67797509518 1 108.8514607082315
24.75515729745641 59.67797509518 13.88726127591821 56.41615604394522 1 131.5451274421874
13.88726127591821 56.41615604394522 8.839828395409199 54.45240783934955 1 142.3770959972186
8.839828395409199 54.45240783934955 0 48.4169331324325 1 163.7845265761665
0 48.4169331324325 0.01818894808221216 38.44286739252701 1 183.7326912257565
0.01818894808221216 38.44286739252701 0.03637789500740496 27.6367049574695 1 205.3450467115094
0.03637789500740496 27.6367049574695 14.81489758993089 19.6485766676366 1 238.9435489369403
14.81489758993089 19.6485766676366 22.25417704085839 17.4407467656176 1 254.4635220844997
22.25417704085839 17.4407467656176 31.9216025398776 16.25362214495171 1 273.9436022325974
31.9216025398776 16.25362214495171 46.6910277613384 16.90820487981691 1 303.5114496300057
46.6910277613384 16.90820487981691 58.36833193724731 23.4318429822865 1 330.2634429694705
58.36833193724731 23.4318429822865 65.99859533667481 29.54498004801991 1 349.8176102316258
65.99859533667481 29.54498004801991 69.65457374732175 33.66108504200091 1 360.8282411782323
69.65457374732175 33.66108504200091 71.44618505763779 38.010177110314 1 370.2355729797404
71.44618505763779 38.010177110314 117.4642217677017 38.010177110314 1 462.2716463998682
117.4642217677017 38.010177110314 117.5369775565596 34.38223551259121 1 469.5289885142513
117.5369775565596 34.38223551259121 143.5016998499977 34.10486994659961 1 521.4613959467036
143.5016998499977 34.10486994659961 155.879278499883 33.9828290982408 0 546.2177565195152
155.879278499883 33.9828290982408 155.8247116579503 17.8179639344911 1 578.5476710447624
155.8247116579503 17.8179639344911 175.6506642322257 17.62935535040721 1 618.2013704270601
175.6506642322257 17.62935535040721 181.1801042166663 15.2772953538466 0 630.219172683538
181.1801042166663 15.2772953538466 185.9001360455792 10.7728785686065 0 643.2680762453095
185.9001360455792 10.7728785686065 206.3445128280393 10.85054092742291 0 684.1571248263256
206.3445128280393 10.85054092742291 185.9001360455792 10.7728785686065 1 725.0461734073416
185.9001360455792 10.7728785686065 181.1801042166663 15.2772953538466 1 738.0950769691132
181.1801042166663 15.2772953538466 175.6506642322257 17.62935535040721 1 750.1128792255911
175.6506642322257 17.62935535040721 175.6961365995388 33.7720312679742 1 782.3983591517614
175.6961365995388 33.7720312679742 175.7507034414714 52.10034784278898 1 819.0551547567713
175.7507034414714 52.10034784278898 175.8689315999565 92.20740862844303 1 899.2696248419526
175.8689315999565 92.20740862844303 175.9416873888144 118.8899760395786 1 952.6349580482432
175.9416873888144 118.8899760395786 179.9068779029753 125.6576958401773 0 968.3225030586019
179.9068779029753 125.6576958401773 175.9416873888144 118.8899760395786 1 984.0100480689606
175.9416873888144 118.8899760395786 175.9780652838218 129.3965836645791 1 1005.023389272773
175.9780652838218 129.3965836645791 165.9377663658935 129.4298675331473 1 1025.104097445272
165.9377663658935 129.4298675331473 165.9468608393561 135.310017523843 1 1036.864411492528
165.9468608393561 135.310017523843 165.9377663658935 129.4298675331473 0 1048.624725539785
165.9377663658935 129.4298675331473 156.1703016564717 129.4520567772128 1 1068.159705366993
156.1703016564717 129.4520567772128 156.161207183009 125.4579926337078 1 1076.147854362068
156.161207183009 125.4579926337078 150.8864124613067 125.7020743311312 1 1086.708732210262
150.8864124613067 125.7020743311312 142.2375680120834 132.3477532826653 1 1108.523182378324
142.2375680120834 132.3477532826653 150.8864124613067 125.7020743311312 0 1130.337632546387
150.8864124613067 125.7020743311312 156.161207183009 125.4579926337078 0 1140.898510394581
156.161207183009 125.4579926337078 156.0611679726063 92.34054409989318 1 1207.133709653992
156.0611679726063 92.34054409989318 155.9338453418157 52.10034784278898 1 1287.61450502438
155.9338453418157 52.10034784278898 175.7507034414714 52.10034784278898 1 1327.248221223692
175.7507034414714 52.10034784278898 175.6961365995388 33.7720312679742 0 1363.905016828702
175.6961365995388 33.7720312679742 155.879278499883 33.9828290982408 1 1403.54097528398
155.879278499883 33.9828290982408 155.9338453418157 52.10034784278898 0 1439.776177118621
155.9338453418157 52.10034784278898 155.879278499883 33.9828290982408 1 1476.011378953262
155.879278499883 33.9828290982408 143.5016998499977 34.10486994659961 1 1500.767739526073
143.5016998499977 34.10486994659961 143.6744948504154 23.3319913786989 1 1522.316268083811
143.6744948504154 23.3319913786989 155.8247116579503 17.8179639344911 1 1549.002014625782
155.8247116579503 17.8179639344911 155.8156171844877 14.92226742974431 1 1554.79343619809
155.8156171844877 14.92226742974431 143.9837069539293 3.91640178610001 1 1587.112048685011
143.9837069539293 3.91640178610001 144.0473682693246 0 0 1594.945887006867
144.0473682693246 0 143.9837069539293 3.91640178610001 1 1602.779725328723
143.9837069539293 3.91640178610001 143.6744948504154 23.3319913786989 1 1641.615828704484
143.6744948504154 23.3319913786989 71.34614584723502 23.4207483599009 1 1786.27263562801
71.34614584723502 23.4207483599009 58.36833193724731 23.4318429822865 1 1812.228272932682
58.36833193724731 23.4318429822865 65.99859533667481 29.54498004801991 0 1831.782440194837
65.99859533667481 29.54498004801991 69.65457374732175 33.66108504200091 0 1842.793071141444
69.65457374732175 33.66108504200091 71.44618505763779 38.010177110314 0 1852.200402942952
