344890606 5458429243
344890606 5490831639
344890606 5490831643
5458429243 5458429005
5458429243 5490831651
5458429005 5458429007
5458429005 5458429240
5458429007 5458429008
5458429008 5458429009
5458429009 344891112
5458429009 5458747507
5458429009 5458429010
344891112 4161002574
344891112 2246309843
4161002574 5458429240
5458429240 344890758
344890758 344890759
344890758 5458429248
5458429248 5430882515
5458429248 5458429004
5430882515 5458429003
5458429003 5430882516
5458429003 5458429004
5430882516 5490831647
5490831647 5490831644
5490831647 5490831645
5490831644 5490831645
5490831644 5490831640
5490831645 5490831639
5490831639 5490831651
5490831651 5458429004
5490831640 5490831641
5490831640 5490831643
5490831641 2246309890
5490831641 5490831669
5490831641 2246309913
2246309890 5490831643
2246309890 5490831670
5490831670 344890612
5490831670 5490831669
5490831670 5490831671
344890612 4135892276
344890612 5490831642
4135892276 4161002526
4161002526 344891592
4161002526 5490831674
344891592 5490831675
344891592 5490831678
5490831675 4161002520
5490831675 5490831678
5490831675 5490831674
4161002520 344892350
4161002520 344891595
344892350 344892349
344892350 344892364
344892350 4161002522
344892348 344892364
344892365 344891597
344892365 344892366
344892365 344892364
344891597 5522073607
344891597 5522073609
5522073607 344891598
5522073609 344891595
344891595 344892364
2246309873 2246309852
2246309873 5496237553
2246309852 5490831642
2246309852 5496237552
5490831642 5490831669
5490831669 5496237552
5496237552 2246309913
5496237552 5496237553
2246309913 2246309928
2246309928 2246309934
2246309928 5496237553
2246309934 2246309960
2246309960 2246309983
5496237563 2246309770
4161002522 5490831678
5490831674 4965763752
5490831674 5490831672
4965763752 2246309815
2246309815 2246309814
2246309815 2246309821
2246309821 2246309784
2246309821 4161002534
2246309784 5430832712
4161002534 5458747507
5490831672 5490831671
2246309843 344891182
