344890606 469.8201556523924 515.5794156673098 19.0337638 73.0209728 50
5458429243 333.7592114629405 525.1558521370589 19.0338504 73.0196799 50
5490831639 471.9143723654646 522.7562138994648 19.0338287 73.02099269999999 50
5490831643 478.1128328925294 510.7248479882666 19.0337199 73.02105160000001 50
5458429005 332.0964665339038 523.0437281585253 19.0338313 73.0196641 50
5490831651 333.7276403560405 532.9187371278247 19.0339206 73.0196796 50
5458429007 322.4672791302285 446.85244954793 19.0331423 73.0195726 50
5458429240 320.1941594816265 523.9947368610306 19.0338399 73.01955100000001 50
5458429008 304.408606360979 393.662311649516 19.0326613 73.019401 50
5458429009 294.3268997682218 375.0402342647735 19.0324929 73.01930520000001 50
344891112 282.5403534390131 375.6152627828946 19.0324981 73.0191932 50
5458747507 310.6070668867049 376.5441550037173 19.0325065 73.0194599 50
5458429010 245.9283939026784 302.1885443541398 19.0318341 73.0188453 50
4161002574 311.4910578611613 448.3563702865221 19.0331559 73.0194683 50
2246309843 250.137874735208 406.3903467263311 19.0327764 73.01888529999999 50
344890758 318.4367012332286 528.91565398477 19.0338844 73.0195343 50
344890759 253.2002720402441 532.896620646142 19.0339204 73.0189144 50
5458429248 322.004236237954 535.7164720314856 19.0339459 73.01956819999999 50
5430882515 329.2655906750049 649.4283614301369 19.0349742 73.01963720000001 50
5458429004 332.0543717238112 535.0198028658687 19.0339396 73.0196637 50
5458429003 339.3157261608621 648.8201581901952 19.0349687 73.01973270000001 50
5430882516 508.7262822423754 638.6576349618354 19.0348768 73.0213425 50
5490831647 548.1059754251479 599.2239485282794 19.0345202 73.0217167 50
5490831644 483.4588735480212 518.8084219599134 19.033793 73.0211024 50
5490831645 475.1556726073694 524.3596588049252 19.0338432 73.0210235 50
5490831640 483.3115417193915 515.623648630675 19.0337642 73.021101 50
5490831641 510.0417450022063 491.0854124566744 19.0335423 73.021355 50
2246309890 505.0324628113888 485.7553404256751 19.0334941 73.0213074 50
5490831669 605.8284813339145 403.1502821935897 19.0327471 73.02226520000001 50
2246309913 542.5810318327874 525.6866476925181 19.0338552 73.0216642 50
5490831670 600.4298221664764 397.2451816448211 19.0326937 73.0222139 50
344890612 606.1020975861278 391.992517299711 19.0326462 73.02226779999999 50
5490831671 591.0321562075994 386.9278430464414 19.0326004 73.0221246 50
4135892276 555.0305713935078 333.1737348714511 19.0321143 73.0217825 50
5490831642 611.7112307959958 397.7538607185977 19.0326983 73.0223211 50
4161002526 554.6411944168871 288.4431511301231 19.0317098 73.02177880000001 50
344891592 582.9394293093773 249.1311053444147 19.0313543 73.0220477 50
5490831674 547.4324584917824 286.0656293731565 19.0316883 73.0217103 50
5490831675 576.2358310853009 246.3776034034155 19.0313294 73.021984 50
5490831678 593.3052758575403 231.0729982366003 19.031191 73.02214619999999 50
4161002520 524.964354550766 225.3558877807272 19.0311393 73.02149679999999 50
344892350 547.1167474294766 183.3566894987158 19.0307595 73.0217073 50
344891595 449.0147966404126 183.9538344981678 19.0307649 73.02077509999999 50
344892349 595.6836325273573 91.30789368486677 19.0299271 73.0221688 50
344892364 487.7841151022807 141.4238406610488 19.0303803 73.02114349999999 50
4161002522 604.3972578510151 215.0606656636784 19.0310462 73.0222516 50
344892348 560.5765623895758 61.57228436961088 19.0296582 73.0218352 50
344892365 437.6071035859708 87.21634461578503 19.0298901 73.02066670000001 50
344891597 391.7132388165055 117.0846528204333 19.0301602 73.0202306 50
344892366 400.5215774555079 19.32980479155248 19.0292762 73.0203143 50
5522073607 367.6139610533524 77.06487962826654 19.0297983 73.0200016 50
5522073609 417.6752118465936 153.0792263875111 19.0304857 73.0204773 50
344891598 347.4400241659843 35.08779782793778 19.0294187 73.0198099 50
2246309873 671.4332400998123 459.845882402123 19.0332598 73.0228886 50
2246309852 642.9455785685998 430.2319137343632 19.032992 73.0226179 50
5496237553 665.5083958276385 465.4855851728104 19.0333108 73.0228323 50
5496237552 637.083876510226 435.8052670610576 19.0330424 73.0225622 50
2246309928 570.7529823003553 555.6544800629797 19.0341262 73.0219319 50
2246309934 598.2935106433115 584.9367015086656 19.034391 73.02219359999999 50
2246309960 624.4028155047072 612.703943974918 19.0346421 73.0224417 50
2246309983 653.2903777130554 643.4347949556927 19.03492 73.0227162 50
5496237563 648.8388517338735 330.8183295965188 19.032093 73.0226739 50
2246309770 677.7579850491218 240.5388522996948 19.0312766 73.0229487 50
4965763752 490.6886568768333 276.7877654029575 19.0316044 73.0211711 50
5490831672 548.516399805476 337.7297300509441 19.0321555 73.02172059999999 50
2246309815 491.2779841940301 347.6047390205951 19.0322448 73.0211767 50
2246309814 509.7470813436078 369.7543951974912 19.0324451 73.0213522 50
2246309821 423.5263902044526 357.8557281746303 19.0323375 73.02053290000001 50
2246309784 422.0635956133143 288.5869082593017 19.0317111 73.02051899999999 50
4161002534 353.4490580529878 362.8540529832038 19.0323827 73.019867 50
5430832712 321.7095725806945 295.8964053801456 19.0317772 73.0195654 50
344891182 255.820673858052 424.6806768893512 19.0329418 73.0189393 50
