245653771 1288.262708862095 279.9158552984081 18.9253641 72.8319108 50
245653776 660.1165270904253 66.41470783762199 18.9234353 72.8259477 50
245653778 403.5215875168127 4.195195712045688 18.9228732 72.82351180000001 50
245653785 484.7273180123638 289.8448541200542 18.9254538 72.8242827 50
245653788 541.4312286717889 171.37208445657 18.9243835 72.824821 50
245653790 587.3168379658032 302.9838971542071 18.9255725 72.8252566 50
245653795 427.3071030776176 312.4258547845993 18.9256578 72.8237376 50
245653820 880.9067866850236 392.964757155561 18.9263854 72.82804369999999 50
245653828 22.9744063056221 177.6150669928946 18.9244399 72.81989919999999 50
245653829 153.826343553354 326.4282890203895 18.9257843 72.8211414 50
245653830 776.8003870872842 398.4993161420588 18.9264354 72.82705540000001 50
245653837 368.9493722478709 325.6977272343887 18.9257777 72.82318359999999 50
245653840 84.43963363276202 384.1980157210864 18.9263062 72.8204827 50
245653850 545.4130377415942 429.0832891008164 18.9267117 72.8248588 50
245653855 0 461.8146709469886 18.9270074 72.8196811 50
245653857 459.8252104910782 442.7093733258712 18.9268348 72.82404630000001 50
245653858 584.9783151774345 435.9018657723874 18.9267733 72.8252344 50
245653861 640.333888371835 462.8662371543456 18.9270169 72.82575989999999 50
245653866 417.5527242416639 452.7158559730707 18.9269252 72.823645 50
245653869 198.300412066455 511.1940062235943 18.9274535 72.8215636 50
245653870 614.2941211163194 518.4332093782489 18.9275189 72.8255127 50
245653871 204.7050150169471 528.5061067336186 18.9276099 72.8216244 50
245653879 312.2981310221495 570.9561741591911 18.9279934 72.8226458 50
245653880 622.8581707829992 538.0034099544461 18.9276957 72.825594 50
245653903 310.5389719884407 588.0358231918514 18.9281477 72.8226291 50
245653907 624.3223809976158 594.1238380767174 18.9282027 72.82560789999999 50
245653910 318.1339041055262 638.1014437828137 18.9286 72.8227012 50
245653911 681.8163331384751 609.3770826433196 18.9283405 72.82615370000001 50
245653916 615.3369758706867 621.1103476944977 18.9284465 72.8255226 50
245653922 342.9412066509694 684.4146333816925 18.9290184 72.8229367 50
245653923 896.8340229696053 627.231569933625 18.9285018 72.8281949 50
245653928 219.831675931209 750.9953779885082 18.9296199 72.82176800000001 50
245653929 377.0288631410937 693.0042689285344 18.929096 72.8232603 50
245653931 404.6803150234522 710.9805165163893 18.9292584 72.82352280000001 50
245653932 441.7490613751733 722.6695050959233 18.929364 72.8238747 50
245653933 497.3785156162563 711.6778709488331 18.9292647 72.8244028 50
245653935 799.8695983714281 641.3114879949685 18.928629 72.82727439999999 50
245653940 729.1450848746966 679.0018346930962 18.9289695 72.82660300000001 50
245653951 580.3223373744469 736.8490452193464 18.9294921 72.82519019999999 50
245653961 899.0461391208372 752.0801515497744 18.9296297 72.8282159 50
245653967 808.0228264694239 777.1849111121173 18.9298565 72.8273518 50
245653979 660.9381702331538 843.3007527642051 18.9304538 72.82595550000001 50
245654001 332.6601334940596 972.4109448002184 18.9316202 72.8228391 50
245654047 807.1906494404906 984.6755275139428 18.931731 72.8273439 50
245654061 825.2457307839863 1043.076193938913 18.9322586 72.8275153 50
245654108 875.3554285358746 1110.774919461256 18.9328702 72.827991 50
316300991 342.0774279634221 511.371112111579 18.9274551 72.8229285 50
317143182 382.3695435621283 474.1456683685312 18.9271188 72.823311 50
317152100 463.0169780781092 719.769396187038 18.9293378 72.8240766 50
459457477 126.701585993291 348.9318058593813 18.9259876 72.8208839 50
473084113 359.1317900946889 672.8474051000599 18.9289139 72.8230904 50
485977586 1062.858607009328 337.7852040604803 18.9258869 72.82977099999999 50
486003873 335.957239947158 673.633312475792 18.928921 72.8228704 50
486003937 231.039731092895 736.2291746128078 18.9294865 72.8218744 50
486004004 658.6101813296497 480.6321715010108 18.9271774 72.8259334 50
486404283 346.5859313555236 965.2602945895562 18.9315556 72.82297130000001 50
486404303 284.119984818835 832.098805375573 18.9303526 72.8223783 50
486404313 237.7287489762739 748.394135265157 18.9295964 72.82193789999999 50
492487418 428.9819910190085 754.2275604364849 18.9296491 72.8237535 50
492500318 585.5050094997308 659.7526385382553 18.9287956 72.8252394 50
495026562 815.4913519480325 1031.276514179565 18.932152 72.8274227 50
528622444 8.93273569322605 451.774980945528 18.9269167 72.81976589999999 50
528622453 168.0260224614999 123.1107300947877 18.9239475 72.8212762 50
528644165 616.3166273105062 261.3418753398368 18.9251963 72.8255319 50
528644169 608.0369925753737 259.349434104937 18.9251783 72.82545330000001 50
528644172 591.7726719268812 263.5889062882746 18.9252166 72.82529890000001 50
528644180 583.2612916885446 272.8648271498253 18.9253004 72.8252181 50
528644182 580.3644729206059 288.5829746711553 18.9254424 72.8251906 50
528644201 560.6766391805381 272.3556477231013 18.9252958 72.8250037 50
528644218 527.2210158760972 272.3556477231013 18.9252958 72.82468609999999 50
528644225 479.9660013459888 274.2373977785387 18.9253128 72.8242375 50
528644232 424.5050892868612 295.7779013538137 18.9255074 72.823711 50
528644237 378.4720055819607 319.3883299898938 18.9257207 72.823274 50
528644266 380.3575712541463 336.8443290329376 18.9258784 72.8232919 50
528644320 518.1829413181447 287.1882658066198 18.9254298 72.8246003 50
528644332 594.1638641449332 308.1088987753563 18.9256188 72.8253216 50
528644374 769.6689459739266 426.4820463778173 18.9266882 72.8269877 50
528644416 628.5675372292392 272.0125050659229 18.9252927 72.8256482 50
528644422 629.7473325096282 296.0546293031738 18.9255099 72.82565940000001 50
528644437 625.038685275617 302.9285515641238 18.925572 72.8256147 50
528644446 618.3918029370566 307.9760693597198 18.9256176 72.8255516 50
528644460 610.4808542257894 310.6547959093284 18.9256418 72.82547649999999 50
1643007858 497.389049502461 589.2644952864891 18.9281588 72.8244029 50
1651447303 668.806983396922 332.2838524282437 18.9258372 72.82603020000001 50
1651447305 637.4476034901008 333.9220818878781 18.925852 72.8257325 50
1651447327 742.1544346162497 423.9693565974022 18.9266655 72.82672650000001 50
1651447335 490.7421671652407 434.6067789695793 18.9267616 72.8243398 50
1651447341 716.6308277928052 448.5206602613771 18.9268873 72.8264842 50
1651447343 735.8446366429404 449.8932308900905 18.9268997 72.8266666 50
1651447370 493.8707314350436 602.8020265675516 18.9282811 72.8243695 50
1651447375 502.4242472168587 631.526387707398 18.9285406 72.8244507 50
1651447381 354.2756684511317 665.1986445807609 18.9288448 72.82304430000001 50
2168580969 1276.907179289523 286.2584598971641 18.9254214 72.83180299999999 50
2168580970 1254.006510187335 292.3575438997651 18.9254765 72.8315856 50
2168580972 1249.908828366598 305.3637575179294 18.925594 72.8315467 50
2168580977 1099.569201222048 324.8786125043954 18.9257703 72.8301195 50
2168580984 1102.645096059487 340.5414144363463 18.9259118 72.8301487 50
2168580990 1064.185876700603 355.2744104581374 18.9260449 72.8297836 50
2168581009 1010.599996424776 366.9633990369674 18.9261505 72.8292749 50
2168581018 985.6452194697865 376.3168037240713 18.926235 72.829038 50
2168581019 1021.028543991232 377.3351625778714 18.9262442 72.82937389999999 50
2168581025 1004.785291115149 384.1205318951811 18.9263055 72.8292197 50
2168581035 795.6244421398046 397.4698881705237 18.9264261 72.8272341 50
2168581047 880.7277106155233 410.9188665075937 18.9265476 72.828042 50
2168581049 809.3290283869496 414.5384680847451 18.9265803 72.82736420000001 50
2168581052 788.0611116826734 418.4015902573473 18.9266152 72.8271623 50
2168581069 752.9200665479567 437.1858834571084 18.9267849 72.82682869999999 50
2175129190 1018.63735177184 362.4693371400917 18.9261099 72.8293512 50
2175129198 943.4780720864396 398.7206985016877 18.9264374 72.8286377 50
2176684334 394.5256485036789 0.2656588312729582 18.9228377 72.8234264 50
2176684336 393.3985226556536 8.644981136925196 18.9229134 72.8234157 50
2176684445 536.0484127059353 175.7775934098054 18.9244233 72.82476990000001 50
2176684541 590.4664700080153 240.8086614999228 18.9250108 72.8252865 50
2176684559 271.005296212555 234.1007760088704 18.9249502 72.8222538 50
2176684582 246.724687989408 246.7749160875914 18.9250647 72.8220233 50
2176684584 591.5935958560408 248.6234587891197 18.9250814 72.82529719999999 50
2176684596 283.329943337401 234.1782598344237 18.9249509 72.8223708 50
2176684763 352.8746615550833 342.5670630248032 18.9259301 72.823031 50
2176684791 319.5033093416203 361.4841856405528 18.926101 72.82271419999999 50
2176684837 90.15953396386703 390.9833850383962 18.9263675 72.820537 50
2176684859 269.067061109345 421.3127682839678 18.9266415 72.8222354 50
2176684867 20.76229015707008 451.0444191595271 18.9269101 72.81987820000001 50
2176684869 240.2884833803021 472.0425359538169 18.9270998 72.8219622 50
2176684878 222.433545880056 507.1095016920673 18.9274166 72.8217927 50
2176684880 210.835736918076 513.0536180432096 18.9274703 72.8216826 50
2176685158 686.1352265762117 848.3593396778881 18.9304995 72.8261947 50
2176685171 690.3066456017219 862.771331278675 18.9306297 72.8262343 50
2176685183 811.1724585129762 1007.001938465654 18.9319327 72.8273817 50
2176685184 901.7217462744569 1035.493848127432 18.9321901 72.8282413 50
2176685209 834.6103558209852 1038.172574676689 18.9322143 72.8276042 50
2176685210 884.3408336628036 1048.356163211873 18.9323063 72.82807630000001 50
2176685212 844.9019628640997 1049.4741441274 18.9323164 72.82770189999999 50
2176685214 857.5320926955831 1052.960916288563 18.9323479 72.8278218 50
2176685216 871.4262888970927 1053.104814822639 18.9323492 72.82795369999999 50
2176701261 180.666686179188 112.5286533123419 18.9238519 72.8213962 50
2176701263 172.966415198716 117.9746593551994 18.9239011 72.8213231 50
2176701264 275.155647466996 224.0168095354136 18.9248591 72.8222932 50
2176701266 277.957661257752 234.3885730759655 18.9249528 72.8223198 50
2176701268 265.6119463604959 237.6096864062072 18.9249819 72.8222026 50
2176701269 447.8903171625067 284.2217421899161 18.925403 72.823933 50
2176701271 452.7043032625852 302.2311971316801 18.9255657 72.8239787 50
2176701273 346.5016602645459 317.0527460974636 18.9256996 72.8229705 50
2176701274 333.8083271158345 322.0227800671541 18.9257445 72.82285 50
2176701276 15.86403296467392 460.3092709029906 18.9269938 72.81983169999999 50
2176701305 215.6391891306089 537.1621569882786 18.9276881 72.8217282 50
2176701307 200.7758753768251 549.2164264608133 18.927797 72.8215871 50
2176701313 202.735178253783 579.3908420549262 18.9280696 72.82160570000001 50
2176701317 184.6695630240829 616.4945254997206 18.9284048 72.8214342 50
2176701319 166.0351179272679 640.8355159221535 18.9286247 72.8212573 50
2176701320 197.1732862184299 623.2024109914771 18.9284654 72.8215529 50
2176701322 178.8232560545021 625.6708242995437 18.9284877 72.8213787 50
2176701326 173.240296246739 632.6886450942175 18.9285511 72.8213257 50
2176701331 199.564478436482 668.9732138093707 18.9288789 72.8215756 50
2176701333 204.9262266299261 697.1994646402279 18.9291339 72.82162649999999 50
2176701334 209.202984521504 703.298548643533 18.929189 72.8216671 50
2241842741 410.8321046996706 29.07857291511178 18.923098 72.82358120000001 50
2241842744 442.5075011979933 66.21546371416727 18.9234335 72.8238819 50
2241842753 472.3605353440389 101.2049456261602 18.9237496 72.8241653 50
2241842765 206.9487328254529 142.7473453784511 18.9241249 72.8216457 50
2241842766 508.5971046668267 143.6882204059938 18.9241334 72.8245093 50
2241842785 232.693551263216 173.419871281201 18.924402 72.8218901 50
2241842790 539.1875108619428 179.5853699923244 18.9244577 72.8247997 50
2241842792 228.4062594867739 193.4771130483002 18.9245832 72.8218494 50
2241842798 264.210939465788 210.9773885633402 18.9247413 72.82218930000001 50
2241842803 56.31415686181094 215.8588695897425 18.9247854 72.82021570000001 50
2241842812 83.22823669241893 246.0664925374126 18.9250583 72.8204712 50
2241842814 293.558347061947 246.6199484361328 18.9250633 72.82246790000001 50
2241842819 456.6229090151623 281.4987391683113 18.9253784 72.82401590000001 50
2241842821 117.3896303886561 284.3988480775488 18.9254046 72.8207955 50
2241842823 323.6536605947211 285.3618613409135 18.9254133 72.8227536 50
2241842831 315.3740258609288 296.0103528311776 18.9255095 72.822675 50
2241842840 689.3796635969464 366.4431504928604 18.9261458 72.82622550000001 50
2241842846 285.194441235837 402.1853324270284 18.9264687 72.8223885 50
2241842850 133.822493221784 437.5733025862829 18.9267884 72.82095150000001 50
2241842854 618.4655401418297 452.2066765463467 18.9269206 72.8255523 50
2241842857 247.9466188159561 458.5492811451027 18.9269779 72.82203490000001 50
2241842864 159.2407611791609 466.5965299113113 18.9270506 72.82119280000001 50
2241842866 263.3787624368549 553.8543868914126 18.9278389 72.82218140000001 50
2241842873 849.4420679148154 628.493449382524 18.9285132 72.82774499999999 50
2241842882 592.0465529722238 651.2847632886107 18.9287191 72.82530149999999 50
2241842896 313.0776386187191 702.5790559749151 18.9291825 72.8226532 50
2241842910 278.642363875799 723.5218271798258 18.9293717 72.8223263 50
2241842914 574.5919031557975 730.8385141596816 18.9294378 72.8251358 50
2241842925 854.6458078138488 762.2194636129624 18.9297213 72.8277944 50
2241842939 361.4281773368986 791.2758982919001 18.9299838 72.8231122 50
2241842947 629.073163779126 798.2494426149296 18.9300468 72.825653 50
2241842948 744.0821358319139 805.9203413696987 18.9301161 72.8267448 50
2241842949 326.5504793640001 809.6949105986607 18.9301502 72.8227811 50
2241842953 710.1419537526759 821.18465505474 18.930254 72.8264226 50
2241842966 680.0045046724027 834.7332554535374 18.9303764 72.8261365 50
2241842972 807.7594793076057 841.7732144840331 18.93044 72.82734929999999 50
2241842975 857.2582116475601 839.692220305493 18.9304212 72.82781919999999 50
2241842978 769.0053111269489 843.8652777810125 18.9304589 72.82698139999999 50
2241842980 597.1660217775992 868.0402314335477 18.9306773 72.82535009999999 50
2241842985 704.5484600560277 879.7734964854301 18.9307833 72.8263695 50
2241842989 524.524340948728 896.2222057927609 18.9309319 72.82466049999999 50
2241842995 323.1585679323791 915.3164342957912 18.9311044 72.82274889999999 50
2241842998 459.3301178273961 921.5151403608238 18.9311604 72.8240416 50
2241843000 402.7631476939927 944.4503528006342 18.9313676 72.82350460000001 50
2241843003 858.4274730417444 982.8159156943275 18.9317142 72.8278303 50
2241843006 903.2175581463474 985.5610569521064 18.931739 72.8282555 50
2242540269 825.9093656282838 395.8648660647985 18.9264116 72.8275216 50
2242540271 836.8330058570816 414.007150421847 18.9265755 72.82762529999999 50
2242540274 889.0494808954745 519.4737064675189 18.9275283 72.828121 50
2242540275 842.1842201656614 521.3665256410435 18.9275454 72.82767610000001 50
3145310425 580.5540828763109 280.4914494329503 18.9253693 72.82519240000001 50
3145310426 582.6924618214296 296.3313572521818 18.9255124 72.82521269999999 50
3145310427 623.3005940129775 265.7031078217801 18.9252357 72.8255982 50
3145310428 602.1169484010193 310.6990723809725 18.9256422 72.8253971 50
3762234395 857.4372877170604 1085.42663930311 18.9326412 72.82782090000001 50
4050176067 636.2572743235071 87.63420699154068 18.923627 72.8257212 50
4050185213 403.3635792183816 461.1726621046281 18.9270016 72.8235103 50
4050193893 152.9414970933969 648.7167279191688 18.9286959 72.821133 50
4099692990 1293.540185963221 295.5565189941848 18.9255054 72.8319609 50
4099692991 1274.147301044926 300.7590044415913 18.9255524 72.8317768 50
4233137495 395.7897148750457 33.08559362108556 18.9231342 72.8234384 50
4233137496 303.8183524451073 68.75029172970017 18.9234564 72.82256529999999 50
4233137497 435.7658138809103 78.59073760770599 18.9235453 72.82381789999999 50
4233137498 324.3172954390186 94.57454396066109 18.9236897 72.82275989999999 50
4233137499 458.9298301422366 112.285132717243 18.9238497 72.8240378 50
4233137500 357.3094277424118 136.0726672409558 18.9240646 72.8230731 50
4233137501 491.1424548504003 148.8021529094079 18.9241796 72.82434360000001 50
4233137502 245.9030448480189 158.3437326022316 18.9242658 72.82201550000001 50
4233137503 385.276896217612 169.7338549962315 18.9243687 72.8233386 50
4233137504 282.065876966034 191.2079438636882 18.9245627 72.8223588 50
4233137505 424.1785388064748 198.7902896751691 18.9246312 72.8237079 50
4233137506 523.6394944887712 205.5203134027477 18.924692 72.82465209999999 50
4233137507 425.5584779301136 220.3640006043532 18.9248261 72.82372100000001 50
4233137508 533.5202799605215 197.3845116928986 18.9246185 72.8247459 50
4233137509 308.052974790526 229.9609258869081 18.9249128 72.82260549999999 50
4233137510 474.4778465167483 240.6315556129942 18.9250092 72.8241854 50
4233137511 452.9992520830175 264.2198460132522 18.9252223 72.8239815 50
4233137512 344.7846367756559 280.5135876687724 18.9253695 72.8229542 50
4233137513 349.7460972852806 323.0300698028672 18.9257536 72.8230013 50
4244274463 731.2202604999069 7.405239923848285 18.9229022 72.8266227 50
4244274470 368.2014663125957 307.1790928655486 18.9256104 72.8231765 50
4244306273 753.4256930965034 406.5354957901804 18.926508 72.82683350000001 50
4244306274 764.3704010990509 401.1891118090504 18.9264597 72.82693740000001 50
4244306275 758.5030263570601 399.794402944867 18.9264471 72.8268817 50
4244306276 769.805886497268 410.7528297380481 18.9265461 72.826989 50
4244306277 691.6233814067924 356.4920134350401 18.9260559 72.82624680000001 50
4244306278 158.3559147205449 331.376184754258 18.925829 72.82118440000001 50
4307040347 595.9124892937774 744.099317491384 18.9295576 72.8253382 50
4307040348 621.0674100893361 746.3463484401739 18.9295779 72.825577 50
4307040349 609.7645499504683 747.4643293549972 18.929588 72.8254697 50
4307040350 619.3714543741958 753.9286942513027 18.9296464 72.8255609 50
4307040351 621.9101210044741 771.6171447720625 18.9298062 72.825585 50
4361337153 1246.379976412976 306.2050104840968 18.9256016 72.8315132 50
4361337157 599.5466801121269 260.1353414810211 18.9251854 72.8253727 50
4361337158 586.937618053053 267.7066181744149 18.9252538 72.825253 50
4361337159 632.0121180918836 288.0516570086092 18.9254376 72.82568089999999 50
4361337160 631.6012965205194 279.7498185288624 18.9253626 72.825677 50
4361337161 440.7062066167854 863.4908239465888 18.9306362 72.8238648 50
4361337162 544.6651318049787 819.7678079540303 18.9302412 72.8248517 50
4361337163 555.4834331703896 819.0704535215866 18.9302349 72.8249544 50
4361337164 570.7365007217887 824.0958330813605 18.9302803 72.8250992 50
4361337165 487.2449168702327 841.5739703605784 18.9304382 72.8243066 50
5427170707 757.9236626024002 407.7973752390795 18.9265194 72.8268762 50
5770079234 544.886343420638 187.5108584609836 18.9245293 72.8248538 50
5770079235 328.8152649475957 292.0033321248517 18.9254733 72.8228026 50
5770079236 504.4678211847951 138.8510158522918 18.9240897 72.8244701 50
5770079237 446.1416920163427 70.47707413367897 18.923472 72.8239164 50
5770079238 406.4289401709561 23.92036393934939 18.9230514 72.8235394 50
5770079239 230.607841749121 170.9625270912213 18.9243798 72.8218703 50
5907166067 494.1972819140899 615.055540163541 18.9283918 72.8243726 50
5907166083 556.3472118579369 682.245086258808 18.9289988 72.82496260000001 50
5907166084 532.0139342024263 680.0091244284572 18.9289786 72.82473160000001 50
5907166285 530.0967668716266 683.2745142306951 18.9290081 72.82471339999999 50
5907166286 529.0855137731932 686.9273231610514 18.9290411 72.82470379999999 50
5907166287 529.0644460021239 690.7129615081003 18.9290753 72.82470360000001 50
5907166288 530.0230296681938 694.3768395572478 18.9291084 72.82471270000001 50
5907166289 531.908595337699 697.6643675949558 18.9291381 72.8247306 50
5907166290 534.5842024899786 700.3541632622994 18.9291624 72.82475599999999 50
5907166291 537.8602411706676 702.2691206716459 18.9291797 72.82478709999999 50
5907166292 541.5365675365161 703.2653412896238 18.9291887 72.824822 50
5907166293 545.339300536821 703.298548643533 18.929189 72.8248581 50
5907166294 549.0261607875342 702.3355353794641 18.9291803 72.8248931 50
5907166295 555.0410099404112 697.8082661286794 18.9291394 72.8249502 50
5907166296 556.9687111574156 694.5428763267935 18.9291099 72.8249685 50
5907166297 557.9799642531689 690.890067395381 18.9290769 72.8249781 50
5907166298 558.0010320282585 687.1044290490362 18.9290427 72.8249783 50
5907166299 557.0424483621886 683.4516201179756 18.9290097 72.8249692 50
5907166300 555.1568826913432 680.1640920799158 18.92898 72.8249513 50
5907166301 552.4812755377235 677.463227294485 18.9289556 72.8249259 50
5907166302 549.1947029708298 675.5593390032257 18.9289384 72.8248947 50
5907166303 545.5289104938662 674.5520492678645 18.9289293 72.82485990000001 50
5907166304 541.7156436046763 674.5299110320425 18.9289291 72.8248237 50
5907166305 538.0393172401679 675.4818551773203 18.9289377 72.82478879999999 50
5907166306 552.3338011268372 700.4648544424658 18.9291634 72.82492449999999 50
5907166307 534.7211430160003 677.3525361150228 18.9289546 72.8247573 50
6135343490 341.6350047321035 332.8041009734068 18.9258419 72.8229243 50
6608759215 854.1717829239162 1081.131821529689 18.9326024 72.8277899 50
6608759219 877.5043413685381 1050.868852991584 18.932329 72.82801139999999 50
6609070273 382.4959501992651 890.6212320984448 18.9308813 72.8233122 50
6616349144 7.521194912312922 471.6772550608165 18.9270965 72.81975250000001 50
6618261801 933.5130155223715 384.607573085731 18.9263099 72.8285431 50
7199734602 195.161313909108 154.0378457110757 18.9242269 72.8215338 50
7199734605 168.6369878747739 242.9782086228074 18.9250304 72.821282 50
7199734606 94.57323237878609 181.1129082724964 18.9244715 72.8205789 50
7238373732 993.2928210192357 386.4339775517893 18.9263264 72.82911060000001 50
7345775399 821.9486243308879 633.0207186333088 18.9285541 72.827484 50
7345775404 633.2340489184317 804.1382133763407 18.9301 72.8256925 50
7345775405 617.9388458208736 784.2248701429652 18.9299201 72.8255473 50
7345775406 563.5629240636124 819.9227756054891 18.9302426 72.8250311 50
7345775426 467.0409226954135 811.2888635870029 18.9301646 72.8241148 50
7346067778 669.3758132626969 603.2558604045444 18.9282852 72.8260356 50
7346067779 653.8383307784103 599.3263235237719 18.9282497 72.8258881 50
7349775233 793.9811558570277 586.9621187483201 18.928138 72.8272185 50
7349775234 846.345105306307 582.7447848004524 18.9280999 72.8277156 50
7349775235 827.8792023914471 582.1913289020844 18.9280949 72.8275403 50
7349775236 816.576342249899 582.7558539185395 18.9281 72.827433 50
7349775237 804.9996010630082 583.5971068847068 18.9281076 72.8273231 50
7349775238 702.8103687947283 640.2599217876113 18.9286195 72.826353 50
7349847627 759.5774827727219 846.5329352121819 18.930483 72.82689190000001 50
7349847628 750.465671008656 850.6727853341442 18.9305204 72.8268054 50
7349847629 738.8783959355607 857.9784031962652 18.9305864 72.82669540000001 50
7437329537 364.79902099477 8.988123794103501 18.9229165 72.8231442 50
7437329538 210.3195764819841 146.776504320951 18.9241613 72.8216777 50
7437329539 301.511431318033 65.71735340482618 18.923429 72.8225434 50
7437329540 354.907701636815 17.4117225717518 18.9229926 72.82305030000001 50
7437329541 377.513421917231 1.405777982622567 18.922848 72.8232649 50
7437329542 384.2972447791327 0 18.9228353 72.8233293 50
7437329543 389.9434079054643 0.2767279493600654 18.9228378 72.8233829 50
7441733233 296.7079791041591 69.44764616214397 18.9234627 72.82249779999999 50
7461994649 258.175022539162 103.0645574461276 18.9237664 72.822132 50
7812141383 807.0853105771034 967.7508461334451 18.9315781 72.8273429 50
