245653961 2241842925
2241842925 245653967
245653967 2241842948
2241842948 2241842953
2241842953 2241842966
2241842966 245653979
245653979 2241842980
2241842980 2241842989
2241842989 2241842998
2241842998 2241843000
2241843000 486404283
486404283 245654001
245653951 4307040347
4307040347 4307040349
4307040349 4307040348
4307040348 245653940
245653940 245653935
245653935 7345775399
7345775399 2241842873
2241842873 245653923
486404303 2241842949
2241842949 2241842939
2241842939 492487418
492487418 245653932
245653828 2241842803
2241842803 2241842812
2241842812 2241842821
2241842821 245653829
245653829 4244306278
245653907 7346067779
7346067779 7346067778
7346067778 245653911
245653911 7349775238
7349775238 245653940
495026562 2176685183
2176685183 245654047
245654047 7812141383
7812141383 2241842972
2241842972 245653967
245653790 245653850
2176701305 2241842866
2241842866 245653879
1651447381 473084113
473084113 245653929
245653929 245653931
245653931 245653932
245653932 317152100
317152100 245653933
245653933 5907166289
486004004 245653861
245653861 2241842854
2241842854 245653858
245653858 245653850
245653850 1651447335
1651447335 245653857
245653857 245653866
2176684334 2176684336
2176684336 5770079238
5770079238 2241842741
2241842741 2241842744
2241842744 5770079237
5770079237 2241842753
2241842753 5770079236
5770079236 2241842766
2241842766 2176684445
2176684445 2241842790
2241842790 5770079234
5770079234 2176684541
2176684541 2176684584
2176684584 528644172
528644180 528644201
528644201 528644218
528644218 528644225
528644225 2241842819
2241842819 2176701269
2176701269 528644232
528644232 528644237
528644237 245653837
245653837 2176684763
486003937 2176701334
2176701334 2176701333
2176701333 2176701331
2176701331 2176701320
2176701320 2176701313
2176701313 2176701305
2176701305 2176684878
2176684878 2176684869
2176684869 2241842857
2241842857 2176684859
2176684859 2241842846
2241842846 2176684791
2176684791 2176684763
2176684763 528644266
528644266 245653795
245653795 2176701271
2176701271 245653785
245653785 528644320
528644320 245653790
528644460 528644446
528644446 528644437
528644437 528644422
528644422 4361337159
4361337159 4361337160
4361337160 528644416
528644416 3145310427
3145310427 528644165
528644165 528644169
528644169 4361337157
4361337157 528644172
528644172 4361337158
4361337158 528644180
528644180 3145310425
3145310425 528644182
528644182 3145310426
3145310426 245653790
245653790 528644332
528644332 3145310428
3145310428 528644460
5907166307 1651447375
1651447375 5907166067
5907166067 1651447370
1651447370 1643007858
528644332 1651447305
1651447305 2241842840
2241842840 4244306273
4244306273 5427170707
5427170707 4244306276
4244306274 4244306275
4244306275 4244306277
4244306277 1651447303
1651447303 528644416
5907166306 2241842914
2241842914 245653951
245653951 7345775405
7345775405 2241842947
2241842947 7345775404
7345775404 245653979
245653979 495026562
495026562 245654061
245654061 6608759215
6608759215 3762234395
3762234395 245654108
5907166083 492500318
492500318 2241842882
2241842882 245653916
245653916 245653907
245653907 245653880
245653880 245653870
528644165 245653788
245653788 245653778
245653778 2176684334
245653840 2176684837
2176684837 2241842850
2241842850 2241842864
2241842864 245653869
245653869 2176684880
2176684880 2176684878
2176684582 245653829
245653829 459457477
459457477 245653840
245653840 528622444
528622444 245653855
2176685184 2176685210
2176685210 6608759219
6608759219 2176685216
2176685216 2176685214
2176685214 2176685212
2176685212 2176685209
2176685209 2176685183
2176685183 2241842985
2241842985 2176685171
2176685171 2176685158
2176685158 2241842966
2176684596 2176701264
2176701264 2241842798
2241842798 2241842785
2241842785 5770079239
5770079239 7437329538
7437329538 2241842765
2241842765 2176701261
2176701261 2176701263
2176701263 528622453
528622453 7199734602
7199734602 2241842792
2241842792 2176701268
6616349144 2176701276
2176701276 2176684867
2176684867 2176684837
245653869 245653871
245653871 2176701307
2176701307 2176701317
2176701317 2176701322
2176701322 2176701326
2176701326 2176701319
2176701319 4050193893
2241843006 2241843003
2241843003 245654047
2241843003 2241842975
2241842975 2241842925
2241842925 2241842873
2241842975 2241842972
2241842972 2241842978
2241842978 7349847627
7349847627 7349847628
7349847628 7349847629
7349847629 2241842985
2242540274 2242540275
2242540275 7349775234
7349775234 2241842873
245653771 2168580969
2168580969 2168580970
2168580970 2168580977
2168580977 485977586
485977586 2175129190
2175129190 2168581009
2168581009 2168581018
2168581018 6618261801
6618261801 245653820
245653820 2242540269
2242540269 2168581035
2168581035 245653830
245653830 4244306274
4244306274 5427170707
5427170707 1651447327
1651447327 1651447341
1651447341 486004004
486004004 1651447381
245653928 486404313
486404313 2241842910
2241842910 2241842896
2241842896 245653922
245653922 473084113
473084113 1643007858
1643007858 245653870
245653870 1651447343
1651447343 2168581069
2168581069 528644374
528644374 2168581052
2168581052 2168581049
2168581049 2242540271
2242540271 2168581047
2168581047 2175129198
2175129198 7238373732
7238373732 2168581025
2168581025 2168581019
2168581019 2168580990
2168580990 2168580984
2168580984 4361337153
4361337153 2168580972
2168580972 4099692991
4099692991 4099692990
1651447381 486003873
486003873 486003937
486003937 245653928
2176701268 2176684582
2176684763 6135343490
6135343490 2176701274
2176701274 2241842831
2241842831 2176701268
245653866 4050185213
4050185213 317143182
317143182 316300991
316300991 245653879
245653879 245653903
245653903 245653910
245653910 486003873
5770079237 4233137497
4233137497 4233137500
4233137500 4233137504
4233137504 2241842798
5770079238 4233137495
4233137495 4233137498
4233137498 4233137502
4233137502 5770079239
2241842814 4233137509
4233137509 4233137503
4233137503 4233137499
4233137499 2241842753
5770079235 4233137512
4233137512 4233137507
4233137507 4233137505
4233137505 4233137501
4233137501 5770079236
5770079234 4233137508
4233137508 4233137506
4233137506 4233137510
4233137510 4233137511
4233137511 4244274470
4244274470 4233137513
4233137496 4233137498
4233137498 4233137500
4233137500 4233137503
4233137503 4233137507
4233137507 4233137511
4244274463 245653776
245653776 4050176067
4050176067 245653788
245653788 2176684445
2176684763 4233137513
4233137513 2176701273
2176701273 5770079235
5770079235 2241842823
2241842823 2241842814
2241842814 2176684596
2176684596 2176701266
2176701266 2176684559
2176684559 2176701268
2176701268 4244306278
4244306278 2176684837
4307040348 4307040350
4307040350 4307040351
4307040351 2241842947
2241842995 6609070273
6609070273 4361337161
4361337161 4361337165
4361337165 4361337162
4361337162 4361337163
4361337163 7345775406
7345775406 4361337164
4361337164 2241842980
492487418 7345775426
7345775426 4361337165
5907166307 5907166084
5907166084 5907166285
5907166285 5907166286
5907166286 5907166287
5907166287 5907166288
5907166288 5907166289
5907166289 5907166290
5907166290 5907166291
5907166291 5907166292
5907166292 5907166293
5907166293 5907166294
5907166294 5907166306
5907166306 5907166295
5907166295 5907166296
5907166296 5907166297
5907166297 5907166298
5907166298 5907166299
5907166299 5907166083
5907166083 5907166300
5907166300 5907166301
5907166301 5907166302
5907166302 5907166303
5907166303 5907166304
5907166304 5907166305
5907166305 5907166307
2241843000 6609070273
2241842821 7199734605
7199734605 2241842792
2241842812 7199734602
2241842803 7199734606
7199734606 528622453
245653871 2176701305
4361337164 7345775405
7349775238 7349775233
7349775233 7349775237
7349775237 7349775236
7349775236 7349775235
7349775235 7349775234
7441733233 7461994649
7461994649 7437329538
2176684334 7437329543
7437329543 7437329542
7437329542 7437329541
7437329541 7437329537
7437329537 7437329540
7437329540 7437329539
7437329539 4233137496
