21672789 21672793
21672789 298261500
21672793 298261501
21672793 5256314765
298261501 298261500
298261501 5256314765
298261500 3455784953
3455784953 3455784957
3455784957 3455784950
3455784950 3455784944
3455784950 3455837390
3455784944 3455837377
3455784944 3455943205
3455837377 3455837390
3455837377 3455837896
3455837390 3455802577
3455802577 3455837363
3455802577 3455837896
3455837363 3455837345
3455837345 3455837341
3455837341 415264038
415264038 4942583321
3455943205 3455791932
3455791932 3455791930
3455791930 3635261414
3635261414 3455791934
1242030761 3455594754
1242030761 3279035942
3455594754 3455594757
3455594757 1242030805
3455594757 3455594756
1242030805 3455612543
