21672789 792.5310060022805 354.0433990428901 40.8371322 14.2488745 50
21672793 768.5074891021294 357.2597418269481 40.837161 14.2485902 50
298261500 780.9544255755999 310.6004357519168 40.8367432 14.2487375 50
298261501 767.4427817051205 349.8107812826107 40.8370943 14.2485776 50
5256314765 762.8712999453799 360.6100988929055 40.837191 14.2485235 50
3455784953 693.4033673263691 254.8393263132194 40.8362439 14.2477014 50
3455784957 658.6313757527664 228.9075626211033 40.8360117 14.2472899 50
3455784950 599.8189671614271 204.8519988848151 40.8357963 14.2465939 50
3455784944 548.1468581763686 184.2249672145678 40.8356116 14.2459824 50
3455837390 624.7719905191115 117.5193580248975 40.8350143 14.2468892 50
3455837377 573.7505360543801 102.1077155212091 40.8348763 14.2462854 50
3455943205 505.338860773451 165.1614355076289 40.8354409 14.2454758 50
3455837896 592.5519166744634 41.82362404300733 40.8343365 14.2465079 50
3455802577 643.1339680865378 53.21483806839927 40.8344385 14.2471065 50
3455837363 702.2843790259612 66.5380913349872 40.8345578 14.2478065 50
3455837345 747.694994510187 85.63512661257857 40.8347288 14.2483439 50
3455837341 862.8016941982762 166.8031104703104 40.8354556 14.2497061 50
415264038 964.9122035974095 20.61586381431033 40.8341466 14.2509145 50
4942583321 962.4363363967839 19.17521027625412 40.8341337 14.2508852 50
3455791932 460.1563968744808 145.0481252538161 40.8352608 14.2449411 50
3455791930 474.7411982002242 101.672169102727 40.8348724 14.2451137 50
3635261414 500.8518796009664 21.68797807518939 40.8341562 14.2454227 50
3455791934 503.1756457449341 14.56288538143974 40.8340924 14.2454502 50
1242030761 935.8102014150558 198.0507740402324 40.8357354 14.2505701 50
3455594754 895.9597245592504 177.2785602293071 40.8355494 14.2500985 50
3279035942 944.8602142888914 200.9320811177656 40.8357612 14.2506772 50
3455594757 913.4175458451188 141.8764538970579 40.8352324 14.2503051 50
1242030805 980.0040084456149 45.46434538961046 40.8343691 14.2510931 50
3455594756 915.2934588777709 164.3461819546119 40.8354336 14.2503273 50
3455612543 1000.926353800654 19.73360311927792 40.8341387 14.2513407 50
