9727816913 65.99859533667481 25.6285782619199 35.3070312 -80.7348119 50
9727816914 0.01818894808221216 34.526465606427 35.3071114 -80.7355374 50
9727816918 69.65457374732175 29.7446832559009 35.3070683 -80.7347717 50
9727816932 68.59961480251847 37.77719003527619 35.3071407 -80.7347833 50
9728365294 53.5573553725512 51.05745331666459 35.3072604 -80.7349487 50
9728365296 59.9143924594447 46.83040209671037 35.3072223 -80.7348788 50
9728365299 117.4642217677017 34.09377532421399 35.3071075 -80.734246 50
9728365300 117.5369775565596 30.4658337264912 35.3070748 -80.7342452 50
9728365302 71.44618505763779 34.09377532421399 35.3071075 -80.734752 50
9728365312 31.9216025398776 12.3372203588517 35.3069114 -80.73518660000001 50
9728365314 22.25417704085839 13.52434497951759 35.3069221 -80.7352929 50
9728365316 14.81489758993089 15.73217488153659 35.306942 -80.73537469999999 50
9728408220 0.03637789500740496 23.72030317136949 35.307014 -80.7355372 50
9728408221 46.6910277613384 12.9918030937169 35.3069173 -80.7350242 50
9728408222 0 44.50053134633249 35.3072013 -80.7355376 50
9728408225 8.839828395409199 50.53600605324954 35.3072557 -80.7354404 50
9728408226 13.88726127591821 52.49975425784521 35.3072734 -80.7353849 50
9728408228 24.75515729745641 55.76157330907999 35.3073028 -80.7352654 50
9728408230 32.5673101696072 56.21645283676997 35.3073069 -80.7351795 50
9728408232 40.73414751489891 55.48420774379406 35.3073003 -80.7350897 50
9740157001 156.1703016564717 125.5356549911128 35.3079317 -80.7338204 50
9740157002 175.9780652838218 125.480181878479 35.3079312 -80.7336026 50
9740157003 175.6961365995388 29.85562948187419 35.3070693 -80.7336057 50
9740157004 155.879278499883 30.06642731214079 35.3070712 -80.73382359999999 50
9740157024 143.5016998499977 30.1884681604996 35.3070723 -80.7339597 50
9740157027 58.36833193724731 19.51544119618649 35.3069761 -80.7348958 50
9740157028 71.34614584723502 19.50434657380089 35.306976 -80.73475310000001 50
9740157029 143.6744948504154 19.41558959259889 35.3069752 -80.7339578 50
9740157031 155.8247116579503 13.90156214839109 35.3069255 -80.7338242 50
9740157032 175.6506642322257 13.7129535643072 35.3069238 -80.7336062 50
9740157054 143.9837069539293 0 35.3068002 -80.7339544 50
9740157055 155.8156171844877 11.0058656436443 35.3068994 -80.73382429999999 50
9740157075 155.9338453418157 48.18394605668897 35.3072345 -80.733823 50
9740157076 175.7507034414714 48.18394605668897 35.3072345 -80.73360510000001 50
9740157077 156.0611679726063 88.42414231379317 35.3075972 -80.7338216 50
9740157078 175.8689315999565 88.29100684234302 35.307596 -80.7336038 50
9740157079 165.9377663658935 125.5134657470473 35.3079315 -80.73371299999999 50
9740157087 156.161207183009 121.5415908476078 35.3078957 -80.73382049999999 50
9740157134 175.9416873888144 114.9735742534786 35.3078365 -80.733603 50
