9727816622 35.308042 -80.7337118
9727816624 35.3079845 -80.7337129
9727816625 35.3080185 -80.7337123
9727816870 35.3071112 -80.7355727
9727816887 35.3073977 -80.735538
9727816888 35.3066471 -80.7355364
9727816889 35.3066374 -80.7355372
9727816890 35.3066303 -80.7355412
9727816891 35.3066251 -80.7355487
9727816892 35.3066213 -80.7355591
9727816893 35.3066199 -80.7355678
9727816894 35.3066206 -80.7355768
9727816895 35.3066237 -80.7355872
9727816896 35.3066271 -80.7355943
9727816897 35.3066336 -80.7355992
9727816898 35.3066432 -80.7356036
9727816899 35.3066533 -80.7356065
9727816900 35.3067208 -80.7356047
9727816901 35.3067225 -80.7355365
9727816902 35.3067361 -80.735225
9727816903 35.3067621 -80.7352179
9727816904 35.3067853 -80.7352095
9727816905 35.3068031 -80.7351995
9727816906 35.3068217 -80.7351841
9727816907 35.3068462 -80.7351586
9727816908 35.3068685 -80.735129
9727816909 35.3068933 -80.7350781
9727816910 35.3069521 -80.734946
9727816911 35.3069725 -80.7349021
9727816912 35.3070008 -80.7348524
9727816913 35.3070312 -80.7348119
9727816914 35.3071114 -80.7355374
9727816915 35.3071502 -80.7347503
9727816916 35.3071481 -80.7347339
9727816917 35.3070651 -80.7347536
9727816918 35.3070683 -80.7347717
9727816919 35.3071418 -80.7347191
9727816920 35.307132 -80.7347075
9727816921 35.3071198 -80.7347003
9727816922 35.3071063 -80.7346981
9727816923 35.3070929 -80.7347013
9727816924 35.3070811 -80.7347095
9727816925 35.3070719 -80.7347218
9727816926 35.3070664 -80.7347371
9727816927 35.3070764 -80.7347858
9727816928 35.3070879 -80.7347966
9727816929 35.3071017 -80.734802
9727816930 35.3071162 -80.7348015
9727816931 35.3071297 -80.734795
9727816932 35.3071407 -80.7347833
9727816933 35.3071478 -80.7347678
9727816934 35.3070405 -80.7347999
9727816935 35.3070559 -80.7347826
9728365290 35.3066827 -80.7347531
9728365291 35.3071902 -80.7347501
9728365292 35.3073822 -80.7347485
9728365293 35.3073865 -80.734877
9728365294 35.3072604 -80.7349487
9728365295 35.3072412 -80.7349116
9728365296 35.3072223 -80.7348788
9728365297 35.3071985 -80.734848
9728365298 35.3071086 -80.7348018
9728365299 35.3071075 -80.734246
9728365300 35.3070748 -80.7342452
9728365301 35.3070693 -80.7335915
9728365302 35.3071075 -80.734752
9728365303 35.3068668 -80.7347524
9728365304 35.3068786 -80.7347709
9728365305 35.3068928 -80.7348004
9728365306 35.306904 -80.7348299
9728365307 35.3069119 -80.7348604
9728365308 35.3069177 -80.7348885
9728365309 35.306921 -80.734918
9728365310 35.3069218 -80.7349445
9728365311 35.3069117 -80.7351232
9728365312 35.3069114 -80.7351866
9728365313 35.3069147 -80.7352456
9728365314 35.3069221 -80.7352929
9728365315 35.3069292 -80.7353294
9728365316 35.306942 -80.7353747
9728408217 35.3069565 -80.7354129
9728408218 35.3069762 -80.7354582
9728408219 35.3070006 -80.7355088
9728408220 35.307014 -80.7355372
9728408221 35.3069173 -80.7350242
9728408222 35.3072013 -80.7355376
9728408223 35.3072229 -80.7355031
9728408224 35.3072451 -80.7354655
9728408225 35.3072557 -80.7354404
9728408226 35.3072734 -80.7353849
9728408227 35.3072951 -80.7353049
9728408228 35.3073028 -80.7352654
9728408229 35.3073061 -80.7352261
9728408230 35.3073069 -80.7351795
9728408231 35.307305 -80.7351373
9728408232 35.3073003 -80.7350897
9728408233 35.307291 -80.7350411
9728408234 35.3072803 -80.7349992
9728408235 35.307398 -80.7354505
9728408547 35.306787 -80.7355366
9740156972 35.3068498 -80.7338245
9740156976 35.3068502 -80.7336065
9740157001 35.3079317 -80.7338204
9740157002 35.3079312 -80.7336026
9740157003 35.3070693 -80.7336057
9740157004 35.3070712 -80.7338236
9740157005 35.3070707 -80.733761
9740157006 35.3070824 -80.7337589
9740157007 35.3070699 -80.7336713
9740157008 35.3070578 -80.7336743
9740157009 35.3070927 -80.7337525
9740157010 35.3071009 -80.7337424
9740157011 35.3071061 -80.7337297
9740157012 35.3071078 -80.7337157
9740157013 35.3071058 -80.7337016
9740157014 35.3071004 -80.7336891
9740157015 35.3070921 -80.7336792
9740157016 35.3070816 -80.7336731
9740157017 35.307047 -80.7336823
9740157018 35.3070391 -80.7336943
9740157019 35.307035 -80.7337089
9740157020 35.3070351 -80.7337243
9740157021 35.3070395 -80.7337388
9740157022 35.3070476 -80.7337505
9740157023 35.3070585 -80.7337583
9740157024 35.3070723 -80.7339597
9740157025 35.3067649 -80.7339537
9740157026 35.3067647 -80.7339603
9740157027 35.3069761 -80.7348958
9740157028 35.306976 -80.7347531
9740157029 35.3069752 -80.7339578
9740157030 35.3069686 -80.7339316
9740157031 35.3069255 -80.7338242
9740157032 35.3069238 -80.7336062
9740157033 35.3069155 -80.7335733
9740157034 35.3069026 -80.7335454
9740157035 35.3068856 -80.733522
9740157036 35.306862 -80.7334935
9740157037 35.3068627 -80.7332687
9740157038 35.306857 -80.7332015
9740157039 35.306857 -80.733086
9740157040 35.3068513 -80.7330795
9740157054 35.3068002 -80.7339544
9740157055 35.3068994 -80.7338243
9740157056 35.3071411 -80.7341448
9740157057 35.3072347 -80.7341446
9740157058 35.3072342 -80.7339291
9740157059 35.3071407 -80.7339293
9740157060 35.3071879 -80.7341447
9740157061 35.3071863 -80.7339292
9740157062 35.3072345 -80.7340606
9740157063 35.3071872 -80.734061
9740157064 35.3071409 -80.7340391
9740157065 35.3071871 -80.7340383
9740157066 35.3072345 -80.734041
9740157067 35.3072149 -80.7339291
9740157068 35.3072768 -80.7338229
9740157069 35.307268 -80.7339251
9740157070 35.3072985 -80.733926
9740157071 35.3072521 -80.7339255
9740157072 35.3070739 -80.7341458
9740157073 35.3071197 -80.7341053
9740157074 35.307141 -80.7340887
9740157075 35.3072345 -80.733823
9740157076 35.3072345 -80.7336051
9740157077 35.3075972 -80.7338216
9740157078 35.307596 -80.7336038
9740157079 35.3079315 -80.733713
9740157080 35.3079886 -80.7340557
9740157081 35.3079762 -80.7340108
9740157082 35.3079578 -80.7339736
9740157083 35.3079268 -80.7339245
9740157084 35.3079019 -80.7338909
9740157085 35.3078979 -80.7338785
9740157086 35.3078957 -80.7338537
9740157087 35.3078957 -80.7338205
9740157134 35.3078365 -80.733603
9740157135 35.3078975 -80.7335594
9740157136 35.307932 -80.7335352
9740484176 35.3075958 -80.7335739
9740484177 35.3075973 -80.7338407
