9728365302 9727816932
9727816932 9728365296
9728365296 9728365294
9728408222 9727816914
9727816914 9728408220
9728408221 9740157027
9740157027 9727816913
9727816913 9727816918
9727816918 9728365302
9728365302 9728365299
9728365299 9728365300
9728365300 9740157024
9740157024 9740157004
9740157004 9740157003
9728408221 9728365312
9728365312 9728365314
9728365314 9728365316
9728365316 9728408220
9728408222 9728408225
9728408225 9728408226
9728408226 9728408228
9728408228 9728408230
9728408230 9728408232
9728408232 9728365294
9740157055 9740157031
9740157031 9740157004
9740157004 9740157075
9740157075 9740157077
9740157077 9740157087
9740157087 9740157001
9740157001 9740157079
9740157079 9740157002
9740157002 9740157134
9740157134 9740157078
9740157078 9740157076
9740157076 9740157003
9740157003 9740157032
9740157024 9740157029
9740157029 9740157054
9740157027 9740157028
9740157028 9740157029
9740157029 9740157031
9740157031 9740157032
9740157054 9740157055
9740157075 9740157076
