286710825 1232.696269428696 206.1542905111941 24.8144453 67.00615500000001 50
286711919 1261.732526251388 365.0872742443235 24.8158801 67.0064422 50
727667223 400.2595430605948 631.5448239864573 24.8182856 66.9979213 50
727667267 488.4804264324287 616.2474689167777 24.8181475 66.9987939 50
727667285 451.6795995394207 401.9958818409597 24.8162133 66.9984299 50
727667288 436.7671765511066 359.6595378327116 24.8158311 66.99828239999999 50
727667300 210.583632795523 665.5512541546741 24.8185926 66.9960452 50
727667305 183.4986286068281 535.3077343101347 24.8174168 66.9957773 50
727667310 117.196479493444 141.4866881254839 24.8138615 66.9951215 50
727667312 122.7469338797371 136.6349563945582 24.8138177 66.99517640000001 50
727667317 175.8958204133521 137.7094266638935 24.8138274 66.9957021 50
727667320 197.5921320925941 145.263949586722 24.8138956 66.9959167 50
727667321 219.2682235377131 162.9428624690703 24.8140552 66.9961311 50
727667325 229.863626446943 183.7011849896051 24.8142426 66.9962359 50
727667327 278.6752726673498 462.132985875683 24.8167562 66.9967187 50
727667338 58.68923080156014 567.353533162999 24.8177061 66.9945428 50
727667341 169.890410750296 545.8973588183555 24.8175124 66.9956427 50
727667345 589.4400575767989 288.190649413217 24.8151859 66.9997925 50
727667347 710.3873905810312 249.3657185529656 24.8148354 67.0009888 50
727667349 807.737709857331 227.7876970649 24.8146406 67.00195170000001 50
727667353 1225.558526630331 167.7281321218617 24.8140984 67.00608440000001 50
727669608 298.7135251138046 512.2232390425714 24.8172084 66.9969169 50
727669610 379.1091777129545 495.3972561677017 24.8170565 66.9977121 50
727669612 465.0755049325201 480.4322114904548 24.8169214 66.9985624 50
727669615 673.6067839208598 444.9636155951821 24.8166012 67.000625 50
727669619 755.9435790369457 426.9413153068503 24.8164385 67.0014394 50
727669621 749.3214522215715 364.1568051451598 24.8158717 67.0013739 50
727669624 736.5523740978512 294.3937767406226 24.8152419 67.0012476 50
727669636 474.1038396625138 532.5827890918348 24.8173922 66.9986517 50
727669640 682.4531365411769 497.7345059286333 24.8170776 67.00071250000001 50
727669642 760.5537925172407 483.7110073633962 24.816951 67.001485 50
727669644 698.0732677353608 581.2219535445136 24.8178313 67.000867 50
727669648 459.3733987877348 440.4109632174458 24.8165601 66.99850600000001 50
727669649 519.2050728429507 417.9024726298642 24.8163569 66.9990978 50
727669676 322.8059345880325 645.2470891714033 24.8184093 66.99715519999999 50
727669679 191.515951607536 582.9610445987142 24.817847 66.9958566 50
727669681 77.24129600784295 660.3561350184694 24.8185457 66.9947263 50
727669685 96.44040872020014 635.2556233699133 24.8183191 66.99491620000001 50
727669689 120.300285498158 609.3686437916606 24.8180854 66.99515220000001 50
727669693 149.589295253815 595.3451452267759 24.8179588 66.9954419 50
727669706 791.5311918594412 279.8718125870889 24.8151108 67.0017914 50
727669708 817.0794582226572 272.8268322650509 24.8150472 67.00204410000001 50
727669710 777.7308817735984 48.70562653186988 24.8130239 67.00165490000001 50
727669712 839.9990940933317 557.8162248977162 24.81762 67.00227080000001 50
727670449 820.5472284480105 441.7623588139257 24.8165723 67.0020784 50
727670451 910.6283734002895 426.7086980321474 24.8164364 67.0029694 50
727670454 996.048754288253 412.1424258261719 24.8163049 67.0038143 50
727670457 1083.339506871151 397.1330730971878 24.8161694 67.0046777 50
727670459 1172.500631150268 381.1489432165982 24.8160251 67.0055596 50
727670461 883.0783038164834 261.8273582727123 24.8149479 67.0026969 50
727670463 969.0041905678036 248.0697080224783 24.8148237 67.0035468 50
727670468 1055.283931423988 234.3674428368276 24.8147 67.00440020000001 50
727670472 1145.9514631774 220.2774821938087 24.8145728 67.005297 50
4758001069 1275.158761998244 453.9249191804831 24.8166821 67.006575 50
4784947849 1208.462318311751 82.68990267439429 24.8133307 67.0059153 50
4784947850 1122.081476283667 93.50106744447179 24.8134283 67.0050609 50
4784947853 1001.36667597699 99.13926710403729 24.8134792 67.00386690000001 50
4784947854 809.9720457754767 128.3382735944748 24.8137428 67.0019738 50
4784947855 795.039402554326 140.157446555401 24.8138495 67.0018261 50
4784947865 1119.837030247174 184.7202701933001 24.8142518 67.0050387 50
4784947866 1101.123203165337 83.1662142366462 24.813335 67.0048536 50
4784947907 188.8165502942791 140.135292529004 24.8138493 66.9958299 50
4784947908 188.8266604113401 109.352273167736 24.8135714 66.99583 50
4784947910 235.9499170464898 216.411604627687 24.8145379 66.9962961 50
4784947911 133.059253503531 231.7311137227067 24.8146762 66.9952784 50
4800818740 577.7932024726114 345.0711116010436 24.8156994 66.9996773 50
4800818741 588.1156322121807 391.2733331754134 24.8161165 66.99977939999999 50
4800818742 597.0024253020295 458.9871141597145 24.8167278 66.99986730000001 50
5145374392 648.5235829527551 270.3566583474986 24.8150249 67.00037690000001 50
5149194163 157.899811657019 373.7938065281723 24.8159587 66.9955241 50
5149194166 252.2272058663814 317.9102755183483 24.8154542 66.9964571 50
5149194167 362.7105674857545 300.2756706884417 24.815295 66.9975499 50
5149194168 373.4171816852306 306.6117221721157 24.8153522 66.9976558 50
5149194169 376.2581246399188 313.767472625082 24.8154168 66.9976839 50
5149194170 389.8865627318601 390.0548617362589 24.8161055 66.9978187 50
5149194171 508.0536134837721 322.1306175032996 24.8154923 66.9989875 50
5149194202 531.5090855702736 469.9090490603681 24.8168264 66.9992195 50
5149194203 636.9677189034057 326.1848042927393 24.8155289 67.0002626 50
5149194204 648.3011603722607 381.1710972426429 24.8160253 67.00037469999999 50
5149194553 897.1010364828203 341.9141628718767 24.8156709 67.0028356 50
5149194554 806.2313023817499 356.8902845616176 24.8158061 67.0019368 50
5149235370 575.5790867873021 175.9694298570095 24.8141728 66.99965539999999 50
5149235371 578.5615713847077 167.6062849780872 24.8140973 66.99968490000001 50
5149235372 587.9235399841566 156.8172742337021 24.8139999 66.99977749999999 50
5149235373 590.4915097743301 143.6023976242065 24.8138806 66.99980290000001 50
5149235374 189.5849192063749 123.0102303005926 24.8136947 66.99583749999999 50
5149235375 355.815467502007 124.3394718710278 24.8137067 66.99748169999999 50
5149235376 427.1827853711633 117.3720306406749 24.8136438 66.99818759999999 50
5149235377 583.6975109624822 97.92079566488269 24.8134682 66.9997357 50
5149235378 779.6012534698187 58.56416817638669 24.8131129 67.0016734 50
5149235379 1133.788992092795 0 24.8125842 67.00517670000001 50
5149235380 1150.460575483223 4.45295926000648 24.8126244 67.00534159999999 50
5149235381 1185.451691384952 50.43364057251958 24.8130395 67.0056877 50
5149235382 1192.528773480948 84.68376502899009 24.8133487 67.0057577 50
5149235383 1208.391547489749 170.4863083797572 24.8141233 67.0059146 50
5149235384 1216.014575918634 208.7573885864241 24.8144688 67.00599 50
5149235385 1247.366049599821 367.6682182928042 24.8159034 67.0063001 50
6192743257 208.773921802957 152.7630874453194 24.8139633 66.99602729999999 50
6192743258 228.1550166262761 125.0262466822901 24.8137129 66.996219 50
6192743259 102.860333191775 257.3411679734626 24.8149074 66.9949797 50
6192743260 114.0320127850759 318.1096617541602 24.815456 66.99509020000001 50
6192743261 146.141745261298 313.3354691142149 24.8154129 66.9954078 50
6192743262 120.765350893269 354.7634980496964 24.8157869 66.9951568 50
6192743263 154.0377468559841 349.4133007297695 24.8157386 66.99548590000001 50
6192743264 133.7063010083191 424.4600643760994 24.8164161 66.99528479999999 50
6192743265 163.460376160373 419.7523338149931 24.8163736 66.9955791 50
6192743266 147.395399803914 499.595444126256 24.8170944 66.9954202 50
6192743267 176.320445337645 496.4274183845952 24.8170658 66.99570629999999 50
6192743268 151.580988357344 521.9488565308197 24.8172962 66.9954616 50
6192743269 88.75671958894713 183.9005712250647 24.8142444 66.9948402 50
6192743270 19.89671080502308 273.4028369457372 24.8150524 66.9941591 50
6192743271 135.2127084839001 250.83896129322 24.8148487 66.9952997 50
6192743273 261.9733589231647 375.4996665431296 24.8159741 66.9965535 50
6192743274 263.2674539340265 382.2012594591841 24.8160346 66.9965663 50
6192743275 162.0045192713851 400.7884874150037 24.8162024 66.9955647 50
6192743276 184.9241551433461 543.0173354170379 24.8174864 66.9957914 50
6192743277 225.6274873056341 171.9263200811207 24.8141363 66.996194 50
6192743279 118.510794739715 139.4263636920493 24.8138429 66.99513450000001 50
6192743280 384.1339060017681 353.4121024532165 24.8157747 66.99776180000001 50
6397413048 751.2929250896914 429.9985709179351 24.8164661 67.0013934 50
6397413049 756.7220580686758 421.7683501966904 24.8163918 67.00144709999999 50
6397413050 1056.982431126307 521.0737724972964 24.8172883 67.004417 50
6397413051 1038.147282635875 404.8980592690267 24.8162395 67.00423069999999 50
6397413052 1051.897042135125 490.2685991092791 24.8170102 67.00436670000001 50
6397413053 836.0055977679267 530.0904611475332 24.8173697 67.00223130000001 50
6397413054 692.6946853429694 550.9484767850931 24.817558 67.0008138 50
6397413055 484.5071503424324 589.2860190698942 24.8179041 66.9987546 50
6397413056 396.2357163827194 604.0295234849323 24.8180372 66.99788150000001 50
6397413057 318.0845098187765 617.3773242517532 24.8181577 66.9971085 50
6397413058 203.8604048043901 639.0328848311516 24.8183532 66.99597869999999 50
6397413059 69.73958898626711 662.460767504346 24.8185647 66.9946521 50
6664982906 256.2004819563775 629.1078811081481 24.8182636 66.9964964 50
6664982907 243.6234960606812 548.4783028675408 24.8175357 66.99637199999999 50
6664982909 478.6331722024595 557.2734512562732 24.8176151 66.99869649999999 50
6664982911 469.7665993493059 507.5044314686188 24.8171658 66.9986088 50
6664982914 142.7548559724351 474.373085333573 24.8168667 66.99537429999999 50
6664982916 138.265963902021 449.959348495927 24.8166463 66.9953299 50
6664982919 129.338730345213 400.9657196240662 24.816204 66.9952416 50
6664982921 124.9610495637601 377.3606047414569 24.8159909 66.9951983 50
6664982924 116.155137412974 329.662986400788 24.8155603 66.9951112 50
6664982926 138.154752610488 276.3825534658416 24.8150793 66.9953288 50
6664982928 111.191069829101 302.6572285018151 24.8153165 66.9950621 50
6664982931 98.40177147254394 233.0935863323851 24.8146885 66.99493560000001 50
6664982933 93.86232881425099 208.4140011800883 24.8144657 66.9948907 50
6664982937 142.8660672639689 289.176503578021 24.8151948 66.9953754 50
6664982938 243.0573294949565 273.0262185008628 24.815049 66.9963664 50
6770741725 724.5314446533905 246.2309238498434 24.8148071 67.0011287 50
6770741726 696.6073007293113 75.2350728682386 24.8132634 67.00085249999999 50
7800793713 369.0799413720227 302.1698399260123 24.8153121 66.99761289999999 50
7800793714 576.2564646445601 172.0592442377414 24.8141375 66.99966209999999 50
7800793715 589.9455634414419 151.0239963907666 24.8139476 66.9997975 50
7800793716 116.337119525223 145.4854898489309 24.8138976 66.995113 50
7800793717 120.2800652627491 176.2574321970004 24.8141754 66.995152 50
7800793718 0 118.2803457137938 24.813652 66.99396230000001 50
7800793749 120.5125979603051 178.0851393560844 24.8141919 66.9951543 50
7800880865 66.76721450720902 119.9418976763093 24.813667 66.99462269999999 50
7800889152 581.5036155125817 82.97790501438509 24.8133333 66.999714 50
7800889153 230.904968526126 109.9836629137103 24.8135771 66.9962462 50
7800889157 233.0685336235563 202.9641107431362 24.8144165 66.9962676 50
7800917490 107.6221984305621 282.2755244261547 24.8151325 66.99502680000001 50
7800917491 387.0051793063541 547.9909142917381 24.8175313 66.9977902 50
7800917492 391.4030803245024 574.7308238767649 24.8177727 66.9978337 50
7800917493 382.9611323956423 523.4220992707219 24.8173095 66.9977502 50
7800917494 303.232747536689 537.6782151103095 24.8174382 66.99696160000001 50
7800917495 307.7823003133299 562.0144128562705 24.8176579 66.99700660000001 50
7800917496 312.918239889818 587.5690820417384 24.8178886 66.9970574 50
7806163558 1223.344410945022 462.3545261371872 24.8167582 67.0060625 50
7806163563 1203.427479907162 375.5772056348146 24.8159748 67.0058655 50
7806163565 1040.684922072292 92.84752367210039 24.8134224 67.0042558 50
7806163566 1057.912561915243 193.2606472809326 24.8143289 67.0044262 50
7806163609 1086.503973579519 484.6303994497137 24.8169593 67.00470900000001 50
7806163610 1098.676554783758 514.2060243846732 24.8172263 67.00482940000001 50
7806163611 1145.547058485943 475.0266291055922 24.8168726 67.00529299999999 50
7806163612 1152.735351870901 505.3111828782112 24.817146 67.00536409999999 50
