727667223 6397413056
6397413056 7800917492
7800917492 7800917491
7800917491 7800917493
7800917493 727669610
727667267 6397413055
6397413055 6664982909
6664982909 727669636
727669636 6664982911
6664982911 727669612
727669612 727669648
727669648 727667285
727667285 727667288
727667300 6397413058
6397413058 727669679
727669679 6192743276
6192743276 727667305
727667305 6192743267
6192743267 6192743265
6192743265 6192743275
6192743275 5149194163
5149194163 6192743263
6192743263 6192743261
6192743261 6664982937
6664982937 6664982926
6664982926 6192743271
6192743271 4784947911
4784947911 7800793749
7800793749 7800793717
7800793717 7800793716
7800793716 727667310
727667310 6192743279
6192743279 727667312
727667312 727667317
727667317 4784947907
4784947907 727667320
727667320 6192743257
6192743257 727667321
727667321 6192743277
6192743277 727667325
727667325 7800889157
7800889157 4784947910
4784947910 6664982938
6664982938 5149194166
727667305 727667327
727667327 5149194170
5149194170 727667288
727667288 5149194171
5149194171 727667345
727667345 5145374392
5145374392 727667347
727667347 6770741725
6770741725 727667349
727667349 7806163566
7806163566 4784947865
4784947865 5149235383
5149235383 727667353
727669608 727669610
727669610 727669612
727669612 5149194202
5149194202 4800818742
4800818742 727669615
727669615 6397413048
6397413048 727669619
727669619 6397413049
6397413049 727669621
727669621 727669624
727669636 727669640
727669640 727669642
727669615 727669640
727669640 6397413054
6397413054 727669644
727669648 727669649
727669649 4800818741
4800818741 5149194204
5149194204 727669621
727669608 7800917494
7800917494 7800917495
7800917495 7800917496
7800917496 6397413057
6397413057 727669676
727669681 727669685
727669685 727669689
727669689 727669693
727669693 727669679
727669679 6664982907
6664982907 727669608
727669608 727667285
727667285 4800818740
4800818740 5149194203
5149194203 727669624
727669624 727669706
727669706 727669708
727669708 727670461
727670461 727670463
727670463 727670468
727670468 727670472
727670472 5149235384
5149235384 286710825
727669708 727667349
727667349 4784947855
4784947855 5149235378
5149235378 727669710
727669712 6397413053
6397413053 727670449
727670449 5149194554
5149194554 727669706
727670449 727670451
727670451 727670454
727670454 6397413051
6397413051 727670457
727670457 727670459
727670459 7806163563
7806163563 5149235385
5149235385 286711919
727670451 5149194553
5149194553 727670461
727670454 727670463
727670457 727670468
727670459 727670472
4784947849 5149235382
5149235382 4784947850
4784947850 4784947866
4784947866 7806163565
7806163565 4784947853
4784947853 4784947854
4784947854 4784947855
4784947865 4784947866
4784947907 5149235374
5149235374 4784947908
4784947910 4784947911
4800818742 4800818741
4800818741 4800818740
5149194170 6192743280
6192743280 5149194169
5149194169 5149194168
5149194168 7800793713
7800793713 5149194167
5149194167 5149194166
5149194202 727669649
5149194204 5149194203
5149194554 5149194553
7800889152 5149235377
5149235377 5149235373
5149235373 7800793715
7800793715 5149235372
5149235372 5149235371
5149235371 7800793714
7800793714 5149235370
5149235370 727667345
5149235385 5149235384
5149235384 5149235383
5149235383 5149235382
5149235382 5149235381
5149235381 5149235380
5149235380 5149235379
5149235379 5149235378
5149235378 6770741726
6770741726 5149235377
5149235377 5149235376
5149235376 5149235375
5149235375 6192743258
6192743258 5149235374
5149235374 7800880865
7800880865 7800793718
7800889153 6192743258
6192743258 727667321
6192743261 6192743260
6192743263 6192743262
6192743265 6192743264
6192743267 6192743266
6192743269 6664982933
6664982933 6664982931
6664982931 6192743259
6192743259 7800917490
7800917490 6664982928
6664982928 6192743260
6192743260 6664982924
6664982924 6192743262
6192743262 6664982921
6664982921 6664982919
6664982919 6192743264
6192743264 6664982916
6664982916 6664982914
6664982914 6192743266
6192743266 6192743268
6192743271 6192743259
6192743259 6192743270
6192743273 6192743280
6192743275 6192743274
727667338 727667341
727667341 6192743276
6397413051 6397413052
6397413052 6397413050
6397413059 727669681
727669681 6397413058
6397413058 6664982906
6664982906 6397413057
6397413057 6397413056
6397413056 6397413055
6397413055 6397413054
6397413054 6397413053
6397413053 6397413052
6397413052 7806163609
7806163609 7806163611
7806163611 7806163558
7806163558 4758001069
6664982937 6664982938
5149194166 6192743273
6192743273 6192743274
6192743274 727667327
7806163610 7806163609
7806163612 7806163611
