3455791932 3455678313
3455678313 415504959
415504959 415504873
415504873 3455678320
415504873 3507507422
3455678320 415504868
3455678320 3455678329
3455678320 3155119197
415504868 3507507422
415504868 3507507475
415504868 3507608497
3507507422 417928540
417928540 3507507666
417928540 3507507643
3507507643 4154130218
3507507643 3507608497
4154130218 3507494154
3507494154 3507507912
3507507912 3507507247
3507507247 4948166995
3507507247 3507507261
4948166995 1943835367
3507507261 459159022
459159022 3507507675
459159022 3837365567
3507507675 3507494127
3507507675 3507507649
3507494127 3507507251
3507507251 3507507475
3507507475 3507507198
3507507198 3507494189
3507507198 3507526652
3507494189 3507494131
3507494189 3507507410
3507507410 415504965
3507507410 3507536167
415504965 3455678331
415504965 415504860
3455678331 415504875
3455678331 3455678348
415504875 2209901349
415504875 3455678353
2209901349 417923408
417923408 3837365539
417923408 3507536167
3837365539 298260908
3837365539 3837365528
298260908 298261164
298260908 1334013708
298260908 1334013707
298261164 3837365572
298261164 3837365614
3837365572 1334013708
3837365572 3837365541
3837365572 3837365566
1334013708 298260909
298260909 3837365528
298260909 3837386371
3837365528 3837365596
3837365596 3837365620
3837365620 4033335671
4033335671 3507507649
4033335671 5293795064
3507507649 417951902
417951902 4033335654
417951902 5293795064
4033335654 3837365615
4033335654 3837365609
3837365609 3837365587
3837365609 5293795064
3837365587 3837365573
3837386371 3837365515
3837365515 3837365541
3837365515 3837365629
3837365541 3837365585
3837365585 3837365566
3837365585 3837365612
3837365585 3837365629
3837365566 3837365535
3837365535 3837365558
3837365535 3837365612
3837365612 3837365517
3837365612 3837365611
3837365517 3837365542
3837365517 3837365608
3837365517 3837365629
3837365608 3837365518
3837365608 3837365553
3837365553 3837365629
3837365553 3837386370
3455678348 3455678329
3155119197 4258814386
3155119197 3455678316
4258814386 1943872575
1943872575 415504961
415504961 1734229659
298261924 3455678311
3455678311 3455678316
1289339010 1289339024
1289339024 1289339113
1289339113 1289339058
3837365556 3837365618
