3455791932 460.1563968744808 145.0481252538161 40.8352608 14.2449411 50
3455678313 443.2731795806106 195.5268383846497 40.8357128 14.2447413 50
415504959 397.6851128638859 285.539764896765 40.8365188 14.2442018 50
415504873 366.3184949483078 349.8889562812734 40.837095 14.2438306 50
3455678320 407.8674336039977 364.5746880879652 40.8372265 14.2443223 50
3507507422 355.9671730339523 370.5271558088784 40.8372798 14.2437081 50
415504868 390.0293596764845 398.8153373047356 40.8375331 14.2441112 50
3455678329 477.6649185127027 384.6209912018938 40.837406 14.2451483 50
3155119197 420.2467696076633 340.8094886323227 40.8370137 14.2444688 50
3507507475 444.9716413803608 454.6211181707329 40.8380328 14.2447614 50
3507608497 376.16281334047 425.919725971109 40.8377758 14.2439471 50
417928540 318.1362602087988 445.2847898124994 40.8379492 14.2432604 50
3507507666 279.367390867319 425.1268081306763 40.8377687 14.2428016 50
3507507643 352.0716959706483 473.0480820352748 40.8381978 14.243662 50
4154130218 329.0452859978354 515.4636024940896 40.8385776 14.2433895 50
3507494154 301.2783930909039 571.1130333634719 40.8390759 14.2430609 50
3507507912 330.7437477975857 607.0176932562185 40.8393974 14.2434096 50
3507507247 332.8055621217983 628.1472784862528 40.8395866 14.243434 50
4948166995 268.1964132585274 633.7200390733415 40.8396365 14.2426694 50
3507507261 376.9064185064429 637.2825854212819 40.8396684 14.2439559 50
1943835367 260.4561594840043 639.1811210918254 40.8396854 14.2425778 50
459159022 399.7807274227322 644.9995745294182 40.8397375 14.2442266 50
3507507675 366.3100448896493 627.7899070664334 40.8395834 14.2438305 50
3837365567 419.2496626804594 733.9403867806544 40.8405339 14.244457 50
3507494127 381.2835489160992 518.1885595742975 40.838602 14.2440077 50
3507507649 418.7933595104856 631.5088034102785 40.8396167 14.2444516 50
3507507251 439.7579551590858 458.6973859343973 40.8380693 14.2446997 50
3507507198 512.9692637847427 533.2651663721716 40.838737 14.2455661 50
3507494189 521.1827208466908 558.9735729263679 40.8389672 14.2456633 50
3507526652 531.365041586937 525.3359879820523 40.838666 14.2457838 50
3507494131 445.9433981314551 587.7531401246544 40.8392249 14.2447729 50
3507507410 572.5421776595061 539.3293126609792 40.8387913 14.2462711 50
415504965 578.8459214538996 452.3540432223018 40.8380125 14.2463457 50
3507536167 605.9959600751379 526.5421165255412 40.8386768 14.246667 50
3455678331 581.4062892417815 416.0585083390833 40.8376875 14.246376 50
415504860 456.3707705744082 444.4472005461876 40.8379417 14.2448963 50
415504875 659.3411806839713 436.8530578633033 40.8378737 14.2472983 50
3455678348 522.2558783020893 398.4803015989213 40.8375301 14.245676 50
2209901349 665.7294250654865 492.8151887252052 40.8383748 14.2473739 50
3455678353 703.4758373036526 449.1265325830173 40.8379836 14.2478206 50
417923408 666.9208833429092 503.2347992023859 40.8384681 14.247388 50
3837365539 674.0189326556292 561.4305014413559 40.8389892 14.247472 50
298260908 678.2101617735907 598.1950863158402 40.8393184 14.2475216 50
3837365528 588.8423409027198 587.6749651267021 40.8392242 14.246464 50
298261164 684.1083027500953 656.1339278462378 40.8398372 14.2475914 50
1334013708 651.8121783772526 604.2257290347056 40.8393724 14.2472092 50
1334013707 706.4418079091546 594.8558971058197 40.8392885 14.2478557 50
3837365572 659.3158305078616 659.9086634747405 40.839871 14.247298 50
3837365614 688.2319313985206 696.5727376358465 40.8401993 14.2476402 50
3837365541 630.4335298519707 664.3087990882822 40.8399104 14.2469562 50
3837365566 663.5831101540177 700.0682768410611 40.8402306 14.2473485 50
298260909 600.1316193334014 619.0566429806547 40.8395052 14.2465976 50
3837386371 608.4971774520075 663.5382169632753 40.8399035 14.2466966 50
3837365596 534.5253635427922 605.0968218716699 40.8393802 14.2458212 50
3837365620 454.6469585984139 630.7047177146192 40.8396095 14.2448759 50
4033335671 455.3060631775338 633.9657319252665 40.8396387 14.2448837 50
5293795064 456.0834685784092 637.8074746936533 40.8396731 14.2448929 50
417951902 421.1593759480141 640.565935345224 40.8396978 14.2444796 50
4033335654 422.2409834623398 646.1945352169703 40.8397482 14.2444924 50
3837365615 439.1411008736612 731.2824368424619 40.8405101 14.2446924 50
3837365609 457.0721254469546 642.7213317250503 40.8397171 14.2449046 50
3837365587 473.9130924473982 726.6701119462267 40.8404688 14.2451039 50
3837365573 478.4254237961269 749.139840004491 40.84067 14.2451573 50
3837365515 609.2407826182491 667.6256525835872 40.8399401 14.2467054 50
3837365629 615.8064782323976 706.7578231170392 40.8402905 14.2467831 50
3837365585 636.3908212392186 703.8765160402163 40.8402647 14.2470267 50
3837365612 640.1679974807671 730.7352118546646 40.8405052 14.2470714 50
3837365535 667.0983345758112 728.1777726262983 40.8404823 14.2473901 50
3837365558 670.3178069425441 754.3887327417024 40.840717 14.2474282 50
3837365517 619.2034018320325 732.7789296651756 40.8405235 14.2468233 50
3837365611 643.2691690257445 757.9959505155218 40.8407493 14.2471081 50
3837365542 622.2116227312297 760.5645575998251 40.8407723 14.2468589 50
3837365608 572.1534749592029 737.3800867026323 40.8405647 14.2462665 50
3837365518 578.6938203972417 761.7036790034299 40.8407825 14.2463439 50
3837365553 565.5539791098831 713.8717479541414 40.8403542 14.2461884 50
3837386370 560.6444950021928 696.7179197758142 40.8402006 14.2461303 50
4258814386 480.1745859479621 318.518446283968 40.8368141 14.245178 50
3455678316 533.6212072612341 370.8956950860555 40.8372831 14.2458105 50
1943872575 548.1130579414661 335.7951208896786 40.8369688 14.245982 50
415504961 607.3817697029137 350.2909991283926 40.8370986 14.2466834 50
1734229659 743.8502177989681 382.0188805462277 40.8373827 14.2482984 50
298261924 752.2918264459031 384.2077804959961 40.8374023 14.2483983 50
3455678311 595.2812856364544 386.4748554437167 40.8374226 14.2465402 50
1289339010 198.9566322243692 663.9849312391152 40.8399075 14.24185 50
1289339024 255.1326224996322 651.9683172279738 40.8397999 14.2425148 50
1289339113 321.6345845127379 702.0561553669147 40.8402484 14.2433018 50
1289339058 328.5974328862512 695.0985805257169 40.8401861 14.2433842 50
3837365556 553.3351942216683 740.1162116394876 40.8405892 14.2460438 50
3837365618 558.8953328499545 765.3108967765389 40.8408148 14.2461096 50
