42445215 3099327957
42445215 3858909357
42445215 4207724574
3099327957 2141026510
3099327957 3099327962
42429735 42432900
42429735 2141026497
42432900 42432897
42432900 42435775
42432900 2141026504
42432897 42435770
42432897 42432894
42432897 2141026492
42435770 4708064890
4708064890 42435766
42447323 42435766
42435766 42432894
42435766 42435763
42432894 42439849
42432894 4925259779
42439849 5481882795
5481882795 5481882789
5481882789 3099327950
3099327950 42453220
3099327950 3099327966
3099327950 3099327952
42453220 42452564
42453220 3817980397
42453220 5266449889
42452564 3099327966
42452564 42453226
42452564 5481977585
3099327966 2141026492
3099327966 3099326128
3099326128 42453226
3099326128 3099327962
3099326128 2141026504
42453226 42429727
42453226 42435207
42429727 2099150501
42429727 3099327962
42429727 4207724574
2099150501 3023172123
2099150501 3858909357
3023172123 5475082071
42435207 42439485
42439485 5481977585
3099327962 2141026497
3817980397 5481977589
5266449889 42437177
42437177 3099327952
42437177 5266449887
3099327952 5481882788
5481882788 2141026506
2141026506 595703198
595703198 42435763
595703198 4925259779
42435761 42446775
3910057568 3910057567
3910057567 42448506
42448506 2141026523
42446775 42433173
42433173 4925259782
42433173 5481882798
4925259782 1705982030
5481882798 5481882799
