42445215 1283.504700654877 388.4851341362429 40.8051841 -73.9472816 50
3099327957 1270.180829913616 395.8679377036458 40.8052502 -73.94743920000001 50
3858909357 1414.122595931786 317.8179659552674 40.8045514 -73.9457366 50
4207724574 1270.518999222038 364.8065508355555 40.8049721 -73.9474352 50
2141026510 1043.472125724126 522.2356223570739 40.8063816 -73.95012079999999 50
3099327962 1231.59571185361 325.736888388995 40.8046223 -73.9478956 50
42429735 812.1474104774268 558.8033967565227 40.806709 -73.95285699999999 50
42432900 816.3745268278535 465.0942864287537 40.80587 -73.95280700000001 50
2141026497 1005.512620882602 451.7248221785101 40.8057503 -73.9505698 50
42432897 820.3480161993843 371.0501018090876 40.805028 -73.95276 50
42435775 719.1508507325448 519.0412474398048 40.806353 -73.953957 50
2141026504 967.2149467326558 380.9683008520813 40.8051168 -73.9510228 50
42435770 682.1297657225082 448.1283581109645 40.8057181 -73.9543949 50
42432894 823.4760822993239 277.4526829124245 40.80419 -73.95272300000001 50
2141026492 928.038032383181 311.6749372678836 40.8044964 -73.95148620000001 50
4708064890 679.7710347971567 449.4351478500734 40.8057298 -73.9544228 50
42435766 641.6255368369148 378.6451190951655 40.805096 -73.954874 50
42447323 520.8060972641731 445.8163454961646 40.8056974 -73.9563031 50
42435763 599.946169607058 302.9741748192559 40.8044185 -73.955367 50
42439849 874.9200883043347 249.3734572436387 40.8039386 -73.95211449999999 50
4925259779 822.0388627404154 262.4078472026957 40.8040553 -73.95274000000001 50
5481882795 948.3112824072834 206.9753901630502 40.803559 -73.9512464 50
5481882789 1072.165791521144 138.7989408856496 40.8029486 -73.94978140000001 50
3099327950 1115.003388631295 115.2208798725313 40.8027375 -73.9492747 50
42453220 1127.828459644059 108.0726283101668 40.8026735 -73.949123 50
3099327966 1153.148886592612 186.0667543437027 40.8033718 -73.9488235 50
3099327952 1074.414617420479 41.03543162592655 40.8020733 -73.94975479999999 50
42452564 1166.667204686188 178.5387519167146 40.8033044 -73.9486636 50
3817980397 1256.662511818965 36.24386925037811 40.8020304 -73.94759910000001 50
5266449889 1105.585373400311 69.22634872510775 40.8023257 -73.9493861 50
42453226 1205.150871954851 248.4240800835006 40.8039301 -73.9482084 50
5481977585 1370.946829513214 64.5018012079388 40.8022834 -73.9462473 50
3099326128 1192.782329509048 255.3266104987107 40.8039919 -73.9483547 50
42429727 1245.004124921169 318.2759008210969 40.8045555 -73.947737 50
42435207 1472.000273023947 99.75161672616281 40.802599 -73.945052 50
2099150501 1380.745285217381 242.4039119693387 40.8038762 -73.9461314 50
3023172123 1423.616699257622 218.4796075229179 40.803662 -73.94562430000001 50
5475082071 1500.23741025508 175.7129587198218 40.8032791 -73.94471799999999 50
42439485 1433.448971892954 29.6093982686856 40.801971 -73.945508 50
5481977589 1321.354300470384 0 40.8017059 -73.9468339 50
42437177 1085.785560406063 34.64668179138835 40.8020161 -73.94962030000001 50
5266449887 1137.212657946029 5.584571533274811 40.8017559 -73.949012 50
5481882788 925.3242236854389 122.223932576021 40.8028002 -73.9515183 50
2141026506 846.0573378514928 165.3926705272621 40.8031867 -73.9524559 50
595703198 816.6704249736633 182.7606879960381 40.8033422 -73.9528035 50
42435761 558.1822600487512 227.638304835954 40.803744 -73.955861 50
42446775 790.8004728993285 98.54534927462305 40.8025882 -73.9531095 50
3910057568 653.1740187108453 83.50051356347336 40.8024535 -73.9547374 50
3910057567 710.9164280783471 51.04298381224203 40.8021629 -73.9540544 50
42448506 752.257626000858 28.10156395443857 40.8019575 -73.9535654 50
2141026523 768.1093123211429 19.73587579770799 40.8018826 -73.95337790000001 50
42433173 834.8892964496708 73.16905622737676 40.802361 -73.95258800000001 50
4925259782 832.3361181730795 122.3467931492428 40.8028013 -73.9526182 50
5481882798 941.640892804131 13.52583225265516 40.801827 -73.95132529999999 50
1705982030 827.5425682307512 130.3997453004397 40.8028734 -73.95267490000001 50
5481882799 952.6821207159674 7.304619564775976 40.8017713 -73.9511947 50
