289272228 1493.691463661158 1105.18001726907 39.8671289 116.4330108 50
289272230 1508.022619586522 1256.16144000458 39.8684887 116.4331783 50
289272231 1521.31850992007 1288.76045876854 39.8687823 116.4333337 50
289272234 1511.077080879158 1268.352762416996 39.8685985 116.433214 50
289272250 1490.96212709953 1292.446723833006 39.8688155 116.4329789 50
289272258 1498.59400237422 1269.11888377056 39.8686054 116.4330681 50
289272259 1500.057063664845 1256.727703614442 39.8684938 116.4330852 50
289272261 1484.014724942065 1108.11126418776 39.8671553 116.4328977 50
289273747 1539.893399184854 1101.660300324944 39.8670972 116.4335508 50
289273751 1467.835491594099 820.1384608302417 39.8645617 116.4327086 50
289273752 1443.126012002636 541.3591137169025 39.8620509 116.4324198 50
289273754 1466.475101271275 809.568206788663 39.8644665 116.4326927 50
289273755 1456.729915241766 812.110841426324 39.8644894 116.4325788 50
289273756 1432.884582963901 541.8587580779224 39.8620554 116.4323001 50
289273767 1007.706993346572 1103.947561178554 39.8671178 116.4273307 50
289273769 1431.37018618611 483.4891934853538 39.8615297 116.4322824 50
289273770 1440.242668990395 483.622431982332 39.8615309 116.4323861 50
289273771 1431.558416296285 432.5476750634792 39.8610709 116.4322846 50
289273773 1448.593241039694 66.17511983438499 39.8577712 116.4324837 50
289273774 1441.526056089001 432.8030488475296 39.8610732 116.4324011 50
289273775 1456.285007713175 65.94195246590903 39.8577691 116.4325736 50
289273777 1254.100204312015 422.1217627266659 39.860977 116.4302105 50
289274385 1999.311756571573 816.4966085976307 39.8645289 116.4389204 50
289274387 1999.303200657771 809.0019431802134 39.8644614 116.4389203 50
318266729 414.397137993828 792.5247824693998 39.864313 116.4203962 50
318266735 728.9210920321658 1369.458574700807 39.8695091 116.4240723 50
318266737 771.4012049714281 527.9686448373315 39.8619303 116.4245688 50
318266835 390.1753454999659 1393.019582131022 39.8697213 116.4201131 50
322445351 12.13228603252492 403.9458111883848 39.8608133 116.4156946 50
322521589 1905.521827457773 1155.122246969611 39.8675787 116.4378242 50
322521590 1934.919947912892 1141.642952425623 39.8674573 116.4381678 50
322521591 1984.58702860043 1087.259439515546 39.8669675 116.4387483 50
322521593 1997.112886676556 1067.284768276887 39.8667876 116.4388947 50
342776462 1439.138956085985 608.5890383129697 39.8626564 116.4323732 50
342776464 1449.080928137295 607.7118848794146 39.8626485 116.4324894 50
342776465 1668.035322949647 606.7236993644558 39.8626396 116.4350485 50
342776466 1752.747427325736 609.4661917472312 39.8626643 116.4360386 50
342776467 1799.539720914834 629.2187988252015 39.8628422 116.4365855 50
342776469 1996.043397427355 629.0078378722999 39.8628403 116.4388822 50
384127303 723.8559909503346 799.5309067335845 39.8643761 116.4240131 50
384127833 782.412666269762 809.9124062378364 39.8644696 116.4246975 50
384127855 744.4415199999596 779.5340290786448 39.864196 116.4242537 50
384128120 740.01811246852 835.4053718647012 39.8646992 116.424202 50
384131683 0.5646903239969561 774.526482259246 39.8641509 116.4155594 50
529540951 1499.885945384451 1169.478694947154 39.867708 116.4330832 50
754397068 752.9632103318306 685.3455153953083 39.8633477 116.4243533 50
754397127 1637.59338098891 531.1663687492713 39.8619591 116.4346927 50
754397468 365.8936616073129 419.2460318483249 39.8609511 116.4198293 50
754397590 1994.606003880312 227.1161201690496 39.8592207 116.4388654 50
754397680 1618.316906779297 451.6340896593833 39.8612428 116.4344674 50
754397867 563.8432875872096 1381.005911047439 39.8696131 116.4221429 50
754398040 1030.790849280816 339.602720679152 39.8602338 116.4276005 50
754398252 624.2138166696773 549.3534234953397 39.8621229 116.4228485 50
754398873 1691.179070282682 545.2563397328577 39.862086 116.435319 50
754399041 1631.535793886449 471.3755935295663 39.8614206 116.4346219 50
754399113 1280.914438744495 686.800035647219 39.8633608 116.4305239 50
754399311 521.9364208835685 263.6345713659517 39.8595496 116.4216531 50
754399409 984.5290223583288 317.2852725465336 39.8600328 116.4270598 50
754399511 548.5110897230604 0 39.8571752 116.4219637 50
754399792 1693.71162082251 815.3307717545447 39.8645184 116.4353486 50
754400025 614.2205091355554 320.0166617215216 39.8600574 116.4227317 50
754400111 409.9395068071799 902.268890596727 39.8653014 116.4203441 50
754400385 1478.479048592414 968.2996687263466 39.8658961 116.432833 50
754400435 371.07854548455 256.9837497580214 39.8594897 116.4198899 50
754400523 1703.953049863421 471.5310384421191 39.861422 116.4354683 50
754400569 1460.836753953822 448.8915972780206 39.8612181 116.4326268 50
754400634 1028.771653579996 696.7263036230124 39.8634502 116.4275769 50
754400778 575.8044553371623 1094.032396411254 39.8670285 116.4222827 50
754400892 1090.263007396655 415.6819020723434 39.860919 116.4282956 50
754400994 417.6227175668589 705.6199732505793 39.8635303 116.4204339 50
754401034 728.219507082983 307.1591468270385 39.8599416 116.4240641 50
754401133 212.443344271853 965.9790982493743 39.8658752 116.4180358 50
754401349 1038.268718104892 543.7685098582915 39.8620726 116.4276879 50
754401602 1694.319090715516 1168.146309983728 39.867696 116.4353557 50
754401706 1703.071790722219 525.0707075427098 39.8619042 116.435458 50
754401888 1649.152420783636 545.9780482559788 39.8620925 116.4348278 50
754401990 1141.290478409194 697.592353848074 39.863458 116.428892 50
754402089 1442.030855014206 647.7944658515921 39.8630095 116.432407 50
754402369 1973.54989956069 450.912381138381 39.8612363 116.4386193 50
754402623 1671.902596073069 809.1573880913534 39.8644628 116.4350937 50
754402961 400.587892821273 1138.955976083903 39.8674331 116.4202348 50
754403142 610.4216833247262 600.0950841735126 39.8625799 116.4226873 50
754403182 519.574988624136 343.7442172727829 39.8602711 116.4216255 50
754403282 186.2023560749949 896.861628287806 39.8652527 116.4177291 50
754403362 1667.872760585231 559.1464529741548 39.8622111 116.4350466 50
754403716 1693.566170283521 963.3587411550837 39.8658516 116.4353469 50
754403855 1757.256393995196 454.8540199868977 39.8612718 116.4360913 50
754403955 1633.734663781466 507.5831549013631 39.8617467 116.4346476 50
754404196 1861.133745699294 230.6691467372439 39.8592527 116.4373054 50
754404362 602.5759102006321 713.392218869034 39.8636003 116.4225956 50
754404887 760.7234243157276 552.773211567262 39.8621537 116.424444 50
1201534249 12.5087462485219 775.0039202039852 39.8641552 116.415699 50
1201534379 0 1129.96237758272 39.8673521 116.4155528 50
1201534592 2.994569896022995 952.6663518257265 39.8657553 116.4155878 50
1364072123 737.5454533274841 782.4208631654794 39.864222 116.4241731 50
1364072124 754.5203866764558 778.5014307325371 39.8641867 116.4243715 50
1364072125 731.5819812790234 786.9176624160709 39.8642625 116.4241034 50
1364072126 0.2652333343939972 782.7872690309334 39.8642253 116.4155559 50
1364072127 12.20928925892008 783.2758101841662 39.8642297 116.4156955 50
1364072128 770.5370576578297 784.441647026546 39.8642402 116.4245587 50
1364072129 726.9190081567727 792.7357434215951 39.8643149 116.4240489 50
1364072130 188.3584464010009 792.7135370060207 39.8643147 116.4177543 50
1364072131 775.6706060479002 789.360368181528 39.8642845 116.4246187 50
1364072132 414.0976810042259 801.0187366088571 39.8643895 116.4203927 50
1364072133 722.5469361103223 808.1580993693137 39.8644538 116.4239978 50
1364072135 723.7875436377414 816.7963952142427 39.8645316 116.4240123 50
1364072138 780.9410490653341 817.651342231517 39.8645393 116.4246803 50
1364072140 727.3382479417804 824.4576087519999 39.8646006 116.4240538 50
1364072141 772.9754931436574 830.0536255968353 39.864651 116.4245872 50
1364072142 732.8910361190356 830.8308501581864 39.864658 116.4241187 50
1364072143 766.9435737826034 834.4171863504487 39.8646903 116.4245167 50
1364072149 361.2563562286459 799.2200169084791 39.8643733 116.4197751 50
1744494441 1732.410019780724 249.7555613331481 39.8594246 116.4358009 50
1836367420 883.1585534548287 26.61438963880209 39.8574149 116.425875 50
1836367423 867.3728921504638 312.2555193115603 39.8599875 116.4256905 50
1840711549 425.5283820897439 424.6199845324717 39.8609995 116.4205263 50
1840711550 758.6700049596993 584.3729416084758 39.8624383 116.42442 50
1840711551 756.7534802266807 613.1524568116974 39.8626975 116.4243976 50
1840711552 420.46328101009 628.6969480471944 39.8628375 116.4204671 50
1840711553 752.4926350618338 759.9146604976527 39.8640193 116.4243478 50
1840711554 764.3767995875681 780.8775172498581 39.8642081 116.4244867 50
1840711555 779.4950996001354 795.3449973080985 39.8643384 116.4246634 50
1840711556 781.7966404629536 802.0624381627521 39.8643989 116.4246903 50
1840711557 713.7343447048282 804.0277059841762 39.8644166 116.4238948 50
1840711558 803.0238630629702 807.8472095449146 39.864451 116.4249384 50
1840711559 713.4862231980383 811.566784234155 39.8644845 116.4238919 50
1840711560 802.6217351055666 814.8977466416608 39.8645145 116.4249337 50
1840711561 1022.311938520132 815.5417327074462 39.8645203 116.4275014 50
1840711562 1458.1330851336 822.6033730112733 39.8645839 116.4325952 50
1840711563 1022.080928843124 823.5027328618153 39.864592 116.4274987 50
1840711564 777.7411372337094 824.3465766713023 39.8645996 116.4246429 50
1840711565 748.9504866715967 837.9035936705071 39.8647217 116.4243064 50
1840711566 758.2250974311086 837.5593942227463 39.8647186 116.4244148 50
1840711567 1472.130560416331 858.3001868142628 39.8649054 116.4327588 50
1840711568 1463.009956107433 858.9774825041161 39.8649115 116.4326522 50
1840711569 753.553568395056 862.674850777076 39.8649448 116.4243602 50
1840711570 1476.15183998819 896.861628287806 39.8652527 116.4328058 50
1840711571 1466.466545357472 897.6721624739314 39.86526 116.4326926 50
1840711572 1469.726348585711 969.8319114341805 39.8659099 116.4327307 50
1840711573 402.2477401336989 1087.836806332489 39.8669727 116.4202542 50
1840711574 739.265192038702 1100.538876314419 39.8670871 116.4241932 50
1859810446 1693.369384263897 835.0722756240214 39.8646962 116.4353446 50
1859810447 1816.719996197232 837.1041626928752 39.8647145 116.4367863 50
1859810455 1920.828357578339 1150.159112982068 39.867534 116.4380031 50
1859810456 1816.968117704022 1153.112566316332 39.8675606 116.4367892 50
1859810458 1817.233351036239 1168.712573592884 39.8677011 116.4367923 50
2056581696 1060.471314897934 370.3252972861044 39.8605105 116.4279474 50
2056581698 1034.367221326262 578.0108034093703 39.862381 116.4276423 50
2056581719 1481.028710962022 991.2611029240439 39.8661029 116.4328628 50
2056581720 1482.16664752164 1001.453847891675 39.8661947 116.4328761 50
2056581724 1435.357242104937 350.8724768254523 39.8603353 116.432329 50
2056581725 1443.776261464653 376.8650868140434 39.8605694 116.4324274 50
2335110191 438.7729369404799 404.023533644308 39.860814 116.4206811 50
2335110192 462.1990294333359 379.3744118269301 39.860592 116.4209549 50
2335110193 497.9969735517051 353.7704141200741 39.8603614 116.4213733 50
2515011125 393.7602734613899 1299.330712809412 39.8688775 116.420155 50
2515011126 790.2584393960333 482.1346021063533 39.8615175 116.4247892 50
2533477154 736.7155296712708 1167.979761863388 39.8676945 116.4241634 50
2624563804 1210.661829007332 697.3702896873854 39.863456 116.4297028 50
6008171898 1012.061953567596 327.0116827772127 39.8601204 116.4273816 50
6008171899 1049.237399834216 355.1361087068617 39.8603737 116.4278161 50
6008171917 870.0508932292795 263.7789130707172 39.8595509 116.4257218 50
6008171929 878.21323517058 116.1728655745685 39.8582215 116.4258172 50
6008173592 1856.564887631043 453.0441970787325 39.8612555 116.437252 50
6008173681 1846.26356719134 232.5566921013323 39.8592697 116.4371316 50
6008173881 1477.349667946599 933.7353821416688 39.8655848 116.4328198 50
6008173882 1250.968739792983 1106.079377119612 39.867137 116.4301739 50
6008173992 942.9900599568833 1103.125923784642 39.8671104 116.4265743 50
6008175384 964.2686180418891 537.4618876995347 39.8620158 116.426823 50
6008175401 756.5566942048799 619.1703955609232 39.8627517 116.4243953 50
6008175406 757.7288544197056 602.8930925959303 39.8626051 116.424409 50
6008176305 733.3444995614284 1278.856397209733 39.8686931 116.424124 50
6008176773 1013.430899804222 950.1903364362015 39.865733 116.4273976 50
6008388100 878.735145923389 106.7129323364333 39.8581363 116.4258233 50
6008388105 870.7096986050981 251.8651708586315 39.8594436 116.4257295 50
6309560291 586.3453413698533 807.092191399138 39.8644442 116.4224059 50
6309560292 586.8929198640685 799.1533976603432 39.8643727 116.4224123 50
6309560293 152.0557033596049 790.7704756015835 39.8642972 116.41733 50
6309560294 152.4407194872269 781.0995814105469 39.8642101 116.4173345 50
6309560295 1200.061051578026 823.1363269963612 39.8645887 116.4295789 50
6309560296 1199.889933297632 814.1427284951778 39.8645077 116.4295769 50
6482050738 692.2418887725945 1098.662434158118 39.8670702 116.4236436 50
