529540951 754401602
754401602 1859810458
289272250 289272258
289272258 289272259
289272259 289272261
289272261 1840711572
1840711572 1840711571
1840711571 1840711568
1840711568 1840711562
289273747 289272228
289272228 289272261
289272261 6008173882
6008173882 289273767
289273767 6008173992
6008173992 1840711574
289274385 754399792
754399792 289273751
384131683 1201534249
1201534249 6309560294
6309560294 318266729
754403182 754400025
754400025 754401034
754401034 1836367423
1836367423 754399409
754399409 6008171898
6008171898 754398040
754398040 6008171899
6008171899 2056581696
2056581696 754400892
318266835 2515011125
2515011125 754402961
754402961 1840711573
1840711549 754397468
754397468 322445351
1364072135 1364072133
1364072133 384127303
384127303 1364072129
1364072129 1364072125
1364072125 1364072123
1364072123 384127855
1840711553 754397068
754397068 6008175401
6008175401 1840711551
1840711551 6008175406
6008175406 1840711550
1840711550 754404887
754404887 318266737
318266737 2515011126
2515011126 1836367423
1836367423 6008171917
6008171917 6008388105
6008388105 6008171929
6008171929 6008388100
6008388100 1836367420
754402623 342776465
342776465 754403362
754403362 754401888
754401888 754397127
754397127 754403955
754403955 754399041
754399041 754397680
754397680 754400569
754397468 754400435
754400435 754399311
754400111 754403282
754400994 754404362
754404362 754403142
754403142 754398252
754398252 754404887
754397590 754404196
754404196 6008173681
6008173681 1744494441
754402089 754399113
754399113 2624563804
2624563804 754401990
754401990 754400634
754400634 754397068
754401602 754403716
754403716 1859810446
1859810446 754399792
754400385 754403716
754401349 6008175384
6008175384 318266737
754400892 754401349
754401349 2056581698
2056581698 754400634
754400634 1840711561
1840711561 1840711563
754403182 754399311
754399311 754399511
289273754 754402623
754402623 289274387
754397867 754400778
1201534379 754402961
754403362 754398873
754398873 754401706
754401706 754400523
754400523 754403855
754403855 6008173592
6008173592 754402369
1201534592 754401133
1364072130 754403282
289273775 2056581725
2056581725 289273774
289273774 289273770
289273770 289273752
289273752 342776464
342776464 289273754
289273754 289273751
289273751 1840711567
1840711567 1840711570
1840711570 6008173881
6008173881 754400385
754400385 2056581719
2056581719 2056581720
2056581720 289272228
289272228 529540951
529540951 289272230
289272230 289272234
289272234 289272231
1364072138 1840711564
1840711564 1364072141
1364072141 1364072143
1364072143 1840711566
1840711566 1840711565
1840711565 384128120
1840711562 289273755
289273755 754402089
754402089 342776462
342776462 289273756
289273756 289273769
289273769 289273771
289273771 2056581724
2056581724 289273773
1840711569 1840711574
1840711563 6008176773
6008176773 289273767
318266729 754400994
754400994 1840711552
1840711552 1840711549
1840711549 2335110191
2335110191 2335110192
2335110192 2335110193
2335110193 754403182
1840711556 1840711558
1840711558 1840711561
1840711561 6309560296
6309560296 289273755
1840711562 6309560295
6309560295 1840711563
1840711563 1840711560
1840711560 1364072138
1364072135 1840711559
1840711559 6309560291
6309560291 1364072132
318266729 6309560292
6309560292 1840711557
1840711557 384127303
1364072132 1364072149
1364072149 1364072130
1364072130 6309560293
6309560293 1364072127
1364072127 1364072126
1859810458 1859810456
1859810456 1859810447
1859810447 1859810446
1859810456 322521589
322521589 1859810455
1859810455 322521590
322521590 322521591
322521591 322521593
342776464 342776465
342776465 342776466
342776466 342776467
342776467 342776469
754400892 289273777
289273777 289273771
289273771 289273774
384128120 1364072142
1364072142 1364072140
1364072140 1364072135
384127855 1364072124
1364072124 1840711554
1840711574 2533477154
2533477154 6008176305
6008176305 318266735
1840711574 6482050738
6482050738 754400778
754400778 1840711573
1840711573 754400111
754400111 1364072132
1840711554 1364072128
1364072128 1364072131
1364072131 1840711555
1840711555 1840711556
1840711556 384127833
384127833 1364072138
