331980949 392.3651051989899 1231.531334755897 -6.1738053 106.7835654 50
331980952 393.4054797961777 1092.821911232387 -6.1750596 106.7835748 50
331980953 402.2375960681954 835.6073308504124 -6.1773855 106.7836546 50
332013697 406.6868576488253 506.6991211369409 -6.1803597 106.7836948 50
332013698 404.3183452653871 376.8145497201167 -6.1815342 106.7836734 50
332013699 371.0816971905551 100.501573864537 -6.1840328 106.7833731 50
332013705 399.2824894962172 304.9218635742444 -6.1821843 106.7836279 50
332013707 142.0111326829891 265.4201446213938 -6.1825415 106.7813034 50
332013708 222.7729778413877 306.1162044609343 -6.1821735 106.7820331 50
332013799 56.4015846113241 505.139842757318 -6.1803738 106.7805299 50
332013801 766.7782146691061 510.6249638660655 -6.1803242 106.7869483 50
332158106 0 730.9255638828562 -6.1783321 106.7800203 50
332158109 393.7707176891215 1044.672279563611 -6.175495 106.7835781 50
332158141 392.6085971252723 1199.206719834509 -6.1740976 106.7835676 50
332158537 187.3227667894716 732.694957788969 -6.1783161 106.7817128 50
332158538 403.8867004860174 736.1673933296485 -6.1782847 106.7836695 50
332158539 188.3520735734285 831.3829028996372 -6.1774237 106.7817221 50
332158621 359.2834065319201 737.1073838421803 -6.1782762 106.7832665 50
332158622 360.9435787643811 505.4605454028465 -6.1803709 106.7832815 50
332158623 359.9585432389803 691.2469055393327 -6.1786909 106.7832726 50
332158624 360.1909673520317 666.5859779736707 -6.1789139 106.7832747 50
332158625 360.4233914636752 641.5048193552045 -6.1791407 106.7832768 50
332158626 360.6558155753185 616.9323614847031 -6.1793629 106.7832789 50
332158627 360.877171873731 592.4151971738088 -6.1795846 106.7832809 50
332158628 361.1317316160604 565.8964060066975 -6.1798244 106.7832832 50
332158629 361.3752235437508 539.9084330114288 -6.1800594 106.7832854 50
332158630 53.67890215239731 729.7422817081931 -6.1783428 106.7805053 50
332158631 54.3872423047826 690.5833828245734 -6.1786969 106.7805117 50
332158632 54.36510667409652 666.85138705968 -6.1789115 106.7805115 50
332158633 54.75248019350209 641.7812871531529 -6.1791382 106.780515 50
332158634 54.70820893635408 616.71118724645 -6.1793649 106.7805146 50
332158635 54.70820893635408 591.1987388634167 -6.1795956 106.7805146 50
332158646 54.80781926951329 566.2945196357114 -6.1798208 106.7805155 50
332158647 55.0734468264817 541.3681829839521 -6.1800462 106.7805179 50
332158648 190.6431112529856 504.8080813998504 -6.1803768 106.7817428 50
332158649 188.650904575722 694.5755778251564 -6.1786608 106.7817248 50
332158650 189.204295318937 668.4991351346392 -6.1788966 106.7817298 50
332158651 190.4881618438152 643.4179765161731 -6.1791234 106.7817414 50
332158652 189.6912791743179 617.7617648781082 -6.1793554 106.7817342 50
332158653 190.8312641060729 569.6895441929055 -6.1797901 106.7817445 50
332158654 190.2225342868468 543.922745435802 -6.1800231 106.781739 50
332158658 221.1570768688908 733.480126334794 -6.178309 106.7820185 50
332158659 222.983266323753 505.0071382144013 -6.180375 106.782035 50
332158660 221.6329929082246 690.6165589603025 -6.1786966 106.7820228 50
332158661 222.6290962468564 539.5987890778392 -6.1800622 106.7820318 50
332158663 166.5484782656958 569.2140195806701 -6.1797944 106.7815251 50
332158664 256.5187453994706 539.8641981636727 -6.1800598 106.782338 50
332158665 256.6183557340378 565.5425272255277 -6.1798276 106.7823389 50
332158666 256.7068982511498 589.4625210930329 -6.1796113 106.7823397 50
332158667 256.8065085871251 615.3841418169312 -6.1793769 106.7823406 50
332158668 256.9061189202842 641.3389386764708 -6.1791422 106.7823415 50
332158669 257.0057292562595 665.9666901064916 -6.1789195 106.7823424 50
332158670 257.1053395880106 690.6276176722415 -6.1786965 106.7823433 50
332158671 166.5042070071397 617.2530641302317 -6.17936 106.7815247 50
332158672 166.2164438208932 592.8243695145859 -6.1795809 106.7815221 50
332158780 221.82114576272 389.5210097079078 -6.1814193 106.7820245 50
332158781 89.92599587240261 503.3040965797468 -6.1803904 106.7808328 50
332158782 88.90775690449283 472.0742941377737 -6.1806728 106.7808236 50
332158783 91.58616810486359 464.1783738318561 -6.1807442 106.7808478 50
332158784 105.3877332568091 439.0529803658097 -6.1809714 106.7809725 50
332158785 119.8533673011759 414.3257005286014 -6.181195 106.7811032 50
332158786 133.6438646370743 388.625254043132 -6.1814274 106.7812278 50
332158787 146.460394263619 366.0765404525498 -6.1816313 106.7813436 50
332158788 186.6365622691805 289.9151915085858 -6.18232 106.7817066 50
332158792 191.9601812217808 388.4593733643103 -6.1814289 106.7817547 50
332158793 192.081927185626 414.4141702239377 -6.1811942 106.7817558 50
332158794 192.4250294478837 440.1256754213462 -6.1809617 106.7817589 50
332158795 191.8052318168347 465.8482393308693 -6.1807291 106.7817533 50
332158797 258.1457141880145 505.2283124524785 -6.180373 106.7823527 50
332158799 258.3781382982498 441.120959493661 -6.1809527 106.7823548 50
332158800 258.4666808195861 416.9355565399705 -6.1811714 106.7823556 50
332158802 258.5552233366982 392.0202786003262 -6.1813967 106.7823564 50
332158803 258.6437658580344 367.9675801896403 -6.1816142 106.7823572 50
332158804 258.7323083751465 342.3224272637783 -6.1818461 106.782358 50
332158805 258.8651221536308 306.9013730067593 -6.1821664 106.7823592 50
332158807 362.1721062132482 441.696012512996 -6.1809475 106.7832926 50
332158808 362.3270556224185 416.9023804042414 -6.1811717 106.783294 50
332158809 362.0171568054859 392.761212298395 -6.18139 106.7832912 50
332158810 358.7521514165751 343.3619461834976 -6.1818367 106.7832617 50
332158811 352.7865991994236 307.1336059569514 -6.1821643 106.7832078 50
332158812 340.4459856108047 392.4958032125616 -6.1813924 106.7830963 50
332158813 341.0215119847057 368.6089854806975 -6.1816084 106.7831015 50
332158814 341.6413096171627 343.5610029979606 -6.1818349 106.7831071 50
332159113 611.994823615312 307.3216040593874 -6.1821626 106.7855498 50
332159114 611.9062810953837 265.5307317406083 -6.1825405 106.785549 50
332159115 611.8288063929108 234.5331622487395 -6.1828208 106.7855483 50
332159116 611.7513316890296 206.9637934498819 -6.1830701 106.7855476 50
332159117 611.6849247983794 177.1716235565539 -6.1833395 106.785547 50
332159118 611.6074500930903 147.3794536632261 -6.1836089 106.7855463 50
332159119 611.5299753906172 117.9079864153389 -6.1838754 106.7855456 50
332159120 611.4192972400029 72.489856589086 -6.1842861 106.7855446 50
332159121 376.5381299244557 147.2025142725529 -6.1836105 106.7834224 50
332159122 331.3925130403745 147.445805934597 -6.1836083 106.7830145 50
332159123 257.4152384049432 149.3700218075919 -6.1835909 106.7823461 50
332159124 206.104848635984 251.6741657137956 -6.1826658 106.7818825 50
332159125 219.5301080817549 225.122198410867 -6.1829059 106.7820038 50
332159126 232.9996387874898 198.4596439888999 -6.183147 106.7821255 50
332159127 245.7276258955144 173.2900156751859 -6.1833746 106.7822405 50
332159128 347.927828468702 306.658081344628 -6.1821686 106.7831639 50
332159129 343.5449737759061 264.4801541088621 -6.18255 106.7831243 50
332159130 340.6120028332059 236.2140864595159 -6.1828056 106.7830978 50
332159131 337.5794215587546 207.00802829755 -6.1830697 106.7830704 50
332159132 334.5911115414513 178.266436035793 -6.1833296 106.7830434 50
332159133 264.2440801850584 177.0942125730689 -6.1833402 106.7824078 50
332159134 256.7401016992911 205.4045150702589 -6.1830842 106.78234 50
332159136 247.4099337558454 233.7037588553342 -6.1828283 106.7822557 50
332159137 238.6442243744778 263.9825120727485 -6.1825545 106.7821765 50
332159138 358.6082698234519 79.11402502491592 -6.1842262 106.7832604 50
332159139 349.3445087720645 28.70841612602908 -6.184682 106.7831767 50
332159141 418.6068942698974 72.67785469161004 -6.1842844 106.7838025 50
332159142 782.2178164200103 71.726805467139 -6.184293 106.7870878 50
332159143 829.7319456875298 71.30657441433505 -6.1842968 106.7875171 50
332159144 842.7919672431731 309.5554638658846 -6.1821424 106.7876351 50
332159145 392.9516993861219 262.5559382359544 -6.1825674 106.7835707 50
332159146 439.8017597626283 263.1973435270115 -6.1825616 106.783994 50
332159147 793.9497001908112 265.6302601478837 -6.1825396 106.7871938 50
332159148 794.6912437871135 308.3390055554045 -6.1821534 106.7872005 50
332159149 792.9978681093273 235.8380902544679 -6.182809 106.7871852 50
332159150 787.6963847845971 148.905555907296 -6.1835951 106.7871373 50
332159151 785.4606861810512 118.073867093985 -6.1838739 106.7871171 50
332159152 435.8284142199241 236.42420198583 -6.1828037 106.7839581 50
332159153 432.3309847193699 205.658865444153 -6.1830819 106.7839265 50
332159154 425.8784486468375 147.4568646465359 -6.1836082 106.7838682 50
332159155 423.3549868528209 118.593626553889 -6.1838692 106.7838454 50
332159156 452.5518824985228 204.9511078818139 -6.1830883 106.7841092 50
332159157 791.8468153629334 206.488268837734 -6.1830744 106.7871748 50
332159158 451.9984917553078 177.61397203306 -6.1833355 106.7841042 50
332159159 451.9763561260298 147.5453343419599 -6.1836074 106.784104 50
332159160 769.8661350181604 178.399140578885 -6.1833284 106.7869762 50
332159935 579.4775835075043 508.5791021622682 -6.1803427 106.785256 50
332159936 578.3043951304242 307.1225472450124 -6.1821644 106.7852454 50
332159938 579.2230237637668 466.2021181120391 -6.1807259 106.7852537 50
332159940 579.0459387253184 436.1113629970608 -6.180998 106.7852521 50
332159942 578.8909893189642 408.685757453059 -6.181246 106.7852507 50
332159944 578.7139042805159 378.9378224073994 -6.181515 106.7852491 50
332159945 578.7028364644689 354.4206580965051 -6.1817367 106.785249 50
332159948 646.8584404772801 509.3200358604249 -6.180336 106.7858648 50
332159951 648.0648322996851 307.5427782976406 -6.1821606 106.7858757 50
332159953 647.1019324035623 469.3649097191291 -6.1806973 106.785867 50
332159955 647.2900852566497 437.8254633434785 -6.1809825 106.7858687 50
332159957 647.456102480459 408.9843426747095 -6.1812433 106.7858702 50
332159959 647.6331875189073 379.435464443425 -6.1815105 106.7858718 50
332159960 647.8213403705865 348.437894951644 -6.1817908 106.7858735 50
332159964 407.2181127641703 463.7802602030181 -6.1807478 106.7836996 50
332159967 456.2485326668033 463.6807317958305 -6.1807487 106.7841426 50
332159970 449.5082334080244 305.4416230342359 -6.1821796 106.7840817 50
332159973 455.3963109227029 434.9723156699782 -6.1810083 106.7841349 50
332159974 455.3631074773778 405.1580283527724 -6.1812779 106.7841346 50
332159976 454.2120547281676 377.9867731827527 -6.1815236 106.7841242 50
332159978 452.1755767937562 347.0887320980714 -6.181803 106.7841058 50
332159984 842.7808994271261 350.5722263506899 -6.1817715 106.787635 50
332159987 833.2847142626871 410.7316191568564 -6.1812275 106.7875492 50
332159992 775.1454827136126 468.944678666325 -6.1807011 106.7870239 50
332159994 783.3467335385344 438.5885144654254 -6.1809756 106.787098 50
332159996 788.1612330092919 409.6146892536517 -6.1812376 106.7871415 50
332159997 792.145646365227 378.9820572549796 -6.1815146 106.7871775 50
332159999 793.6619370031567 350.1409365861227 -6.1817754 106.7871912 50
332160125 353.1739727202373 58.76599510510187 -6.1844102 106.7832113 50
332160498 1049.184579065404 154.501264135082 -6.1835445 106.7894999 50
332160571 888.5352461290254 128.612819547001 -6.1837786 106.7880484 50
332160572 834.2033428988458 125.9144938402069 -6.183803 106.7875575 50
332160573 954.9974744640504 170.6801596636399 -6.1833982 106.7886489 50
332160574 1005.765541304434 190.89548504045 -6.1832154 106.7891076 50
332160575 897.1128026587135 74.84536222656106 -6.1842648 106.7881259 50
332160576 977.5536811841324 125.2730885493261 -6.1838088 106.7888527 50
332160842 393.571497019987 1071.987297988486 -6.175248 106.7835763 50
332160902 614.208386590988 508.9661570791671 -6.1803392 106.7855698 50
332160905 608.2649700017064 738.5007815432452 -6.1782636 106.7855161 50
332160980 452.5186790546057 507.1967631730544 -6.1803552 106.7841089 50
332160981 450.5486080066203 695.0068675898116 -6.1786569 106.7840911 50
332160988 405.5690083463483 694.8631043349558 -6.1786582 106.7836847 50
332160989 612.1276373937962 697.8600152633119 -6.1786311 106.785551 50
332515675 823.5450371705576 0 -6.1849416 106.7874612 50
1691655201 451.0798631205572 643.9156185521987 -6.1791189 106.7840959 50
1691655272 899.4370437821876 309.9314600708445 -6.182139 106.7881469 50
1697453044 770.6630176904739 207.096497992799 -6.1830689 106.7869834 50
1697453056 768.7372179024526 149.602254757697 -6.1835888 106.786966 50
2287628890 401.5735271771823 338.9052852826183 -6.181877 106.7836486 50
2822121797 450.8031677489497 670.3459400240615 -6.1788799 106.7840934 50
2822121798 612.5039430985629 673.4755554954223 -6.1788516 106.7855544 50
2822121799 612.5039430985629 648.2285161983103 -6.1790799 106.7855544 50
2822121800 451.3344228642947 619.8408027178107 -6.1793366 106.7840982 50
2822125436 720.3708668894245 674.5040157032025 -6.1788423 106.786529 50
2822126301 613.3118935855155 621.7650185907183 -6.1793192 106.7855617 50
2822126302 451.5779147905771 596.6728012604011 -6.1795461 106.7841004 50
2822126303 613.2454866948652 597.1372671606096 -6.1795419 106.7855611 50
2822126304 451.8435423475456 571.0829418938825 -6.1797775 106.7841028 50
2822126305 613.5332498825197 570.9834134866071 -6.1797784 106.7855637 50
2822126306 452.109169903106 546.532601447347 -6.1799995 106.7841052 50
2822126307 613.699267104921 546.6542472784126 -6.1799984 106.7855652 50
2822126308 777.4143847638918 549.4189252565766 -6.1799734 106.7870444 50
2822126309 763.6902943172355 573.6706804814615 -6.1797541 106.7869204 50
2822126310 752.0469530677708 600.620761413228 -6.1795104 106.7868152 50
2822126311 723.0492780897953 625.2595715550999 -6.1792876 106.7865532 50
2822126312 721.765411563509 649.9426165448159 -6.1790644 106.7865416 50
2822126313 737.5813190248123 674.3381350246445 -6.1788438 106.7866845 50
2822126314 732.490124179631 700.0385815101139 -6.1786114 106.7866385 50
2822126529 608.8626320048854 730.1956888965505 -6.1783387 106.7855215 50
2822126530 645.8623371386482 731.2352078165336 -6.1783293 106.7858558 50
2822126531 666.4374049932896 736.2558630248971 -6.1782839 106.7860417 50
2822126532 715.6338421225482 739.5181830392623 -6.1782544 106.7864862 50
2822126533 724.62090780092 731.9761415145144 -6.1783226 106.7865674 50
2822126534 729.2915256813703 715.6645414430394 -6.1784701 106.7866096 50
4552244487 353.0079554950199 63.28900827752796 -6.1843693 106.7832098 50
4954375777 223.6362674001271 610.0649013868295 -6.179425 106.7820409 50
4954375778 687.4773210740341 572.9076293595147 -6.179761 106.7862318 50
4954375779 692.6017193645403 549.1645748825943 -6.1799757 106.7862781 50
4954375782 258.964732489606 263.9935707847754 -6.1825544 106.7823601 50
5004134820 365.2932300090358 94.30869519327393 -6.1840888 106.7833208 50
5004349130 120.6723856027673 691.4680797777617 -6.1786889 106.7811106 50
5004349131 89.35046949850158 691.313257810879 -6.1786903 106.7808276 50
5033660036 591.1430603876549 795.2651497922176 -6.1777503 106.7853614 50
5033660037 604.11453942337 795.8070266758234 -6.1777454 106.7854786 50
5033660038 604.9888967981566 795.0882104015448 -6.1777519 106.7854865 50
5033660039 605.4316093921653 794.0597501935886 -6.1777612 106.7854905 50
5033660040 608.2871056309843 752.2025256032632 -6.1781397 106.7855163 50
5033660062 711.8265138050614 739.451830767716 -6.178255 106.7864518 50
5033660110 802.9699693159164 505.7591306244091 -6.1803682 106.7872753 50
5371876833 810.5846259508899 486.9593203724546 -6.1805382 106.7873441 50
5421840392 816.2292115364697 474.9385005232131 -6.1806469 106.7873951 50
5507280077 743.3365827595983 641.3278799647076 -6.1791423 106.7867365 50
5507280078 779.118828254909 507.2520567327495 -6.1803547 106.7870598 50
5507280105 647.7660012973915 356.6987527504947 -6.1817161 106.785873 50
5593903228 721.0128001511596 662.2620216157079 -6.178953 106.7865348 50
5593903229 806.6444838535108 494.6230077280921 -6.1804689 106.7873085 50
5593903230 803.5344278737703 500.6278882968313 -6.1804146 106.7872804 50
5670904323 949.5853129901137 109.282191123204 -6.1839534 106.7886 50
5670904324 939.5689405249689 101.673797327174 -6.1840222 106.7885095 50
6029191356 346.9649285725792 297.4351156092797 -6.182252 106.7831552 50
6029191358 222.9500628784279 311.0483899740491 -6.1821289 106.7820347 50
6029191359 184.1241682898029 294.9358467168612 -6.1822746 106.7816839 50
6029191360 191.45106173853 280.6701083493593 -6.1824036 106.7817501 50
6322784465 229.0262932461938 262.5448795240153 -6.1825675 106.7820896 50
6322784466 220.714364273474 258.707506490315 -6.1826022 106.7820145 50
6322784467 262.5728401379585 146.948163898571 -6.1836128 106.7823927 50
6322784468 267.1770511277586 146.5058154220649 -6.1836168 106.7824343 50
6322784472 355.1993828414178 71.08540017616997 -6.1842988 106.7832296 50
6322943390 936.7466477328829 161.10331514721 -6.1834848 106.788484 50
6322943391 895.1870028706921 133.080539159819 -6.1837382 106.7881085 50
6322943392 902.6135066511702 139.129654576227 -6.1836835 106.7881756 50
6322943393 919.6800771920266 149.8897812674959 -6.1835862 106.7883298 50
6322943403 720.1827140363372 737.1737361137266 -6.1782756 106.7865273 50
6322943404 659.1769184352129 735.9904539390636 -6.1782863 106.7859761 50
6322943405 653.9861132582806 734.3758819997455 -6.1783009 106.7859292 50
6322943406 641.5126858911774 730.096160489363 -6.1783396 106.7858165 50
6322943407 636.4768301220075 730.096160489363 -6.1783396 106.785771 50
6322943408 624.7449463540227 730.2399237442188 -6.1783383 106.785665 50
6322943409 719.441170440035 623.9104087017911 -6.1792998 106.7865206 50
6322943410 715.5895708611758 623.4017079538265 -6.1793044 106.7864858 50
6322943411 768.8700316809368 501.1144716210057 -6.1804102 106.7869672 50
6322943412 770.9507808767204 491.5265683926365 -6.1804969 106.786986 50
6322943413 771.8251382515069 509.2426248770275 -6.1803367 106.7869939 50
6322943414 783.1807163161332 506.135126829369 -6.1803648 106.7870965 50
6322943415 839.0842492588454 377.9867731827527 -6.1815236 106.7876016 50
6322943416 834.7788692713386 403.4992215659619 -6.1812929 106.7875627 50
6322943417 836.2619564639434 397.0077576730482 -6.1813516 106.7875761 50
6322943418 837.745043657956 386.988564679936 -6.1814422 106.7875895 50
6322943419 840.4123870436879 367.9675801896403 -6.1816142 106.7876136 50
6322943445 960.9408910519238 117.012230750388 -6.1838835 106.7887026 50
6322943446 920.5655023814521 87.81723130036107 -6.1841475 106.7883378 50
6322943447 889.0997046882874 72.77738309879692 -6.1842835 106.7880535 50
6322943448 878.1204323284277 71.89268614587309 -6.1842915 106.7879543 50
6322943449 832.698120074147 99.90440342114903 -6.1840382 106.7875439 50
6322943460 88.90775690449283 476.9290686674032 -6.1806289 106.7808236 50
6322943461 89.35046949850158 494.4792444731485 -6.1804702 106.7808276 50
6322943462 55.51615942049051 507.8934620236308 -6.1803489 106.7805219 50
6322943463 59.2238774048181 503.6137405132483 -6.1803876 106.7805554 50
6322943467 232.8889606382836 263.7171029869152 -6.1825569 106.7821245 50
6322943468 263.3143837342606 234.0797550602941 -6.1828249 106.7823994 50
6322943469 241.4997206104808 232.6089463758318 -6.1828382 106.7822023 50
6322943470 235.5563040240154 230.695789215039 -6.1828555 106.7821486 50
6322943471 270.7408875175549 177.470208778205 -6.1833368 106.7824665 50
6322943472 278.0124418902707 177.61397203306 -6.1833355 106.7825322 50
6322943473 265.9927949346314 206.510386261436 -6.1830742 106.7824236 50
6322943474 276.3744052899039 206.366623006669 -6.1830755 106.7825174 50
6322943475 373.2288532755808 120.4736075792159 -6.1838522 106.7833925 50
6322943476 374.8668898773558 132.571838411855 -6.1837428 106.7834073 50
6322943477 362.9136498109585 89.58662520647408 -6.1841315 106.7832993 50
6427559393 406.3548232040228 506.6880624251777 -6.1803598 106.7836918 50
6427559394 406.9192817618767 506.6991211369409 -6.1803597 106.7836969 50
6430201121 400.0240330925195 868.8387601486904 -6.177085 106.7836346 50
6430201122 399.758405535551 903.3087651811508 -6.1767733 106.7836322 50
6430201123 394.080616506054 1002.505411039784 -6.1758763 106.7835809 50
6430201124 395.7850599956629 967.4824704116904 -6.176193 106.7835963 50
6430201125 392.8963603115188 1161.164750854182 -6.1744416 106.7835702 50
6430201126 393.2615982044625 1111.853954434533 -6.1748875 106.7835735 50
6430201127 393.007038462133 1147.16442157225 -6.1745682 106.7835712 50
6435134731 579.4665156900492 506.9534715110111 -6.1803574 106.7852559 50
6435134732 578.3154629436551 308.9693521344346 -6.1821477 106.7852455 50
6498081908 260.0493783467579 205.9906268015329 -6.1830789 106.7823699 50
6685097040 743.7903631682461 637.2582739806393 -6.1791791 106.7867406 50
6685097041 742.6503782364912 635.2787645483002 -6.179197 106.7867303 50
6685097042 736.8729788710189 631.8837399909303 -6.1792277 106.7866781 50
6685097043 729.8338486085383 628.5218915694653 -6.1792581 106.7866145 50
6755080633 370.0413225919592 89.00051347502404 -6.1841368 106.7833637 50
6755080634 366.4774862021629 79.99872197792797 -6.1842182 106.7833315 50
6755080635 365.1382806012735 75.73005917957289 -6.1842568 106.7833194 50
6755080636 362.614818808665 69.68094376334102 -6.1843115 106.7832966 50
6755080637 357.7671158939905 61.66337762644594 -6.184384 106.7832528 50
6950380504 359.4162203104044 728.1719446165434 -6.178357 106.7832677 50
6979069612 473.0605434653302 597.0045626177807 -6.1795431 106.7842945 50
6979069613 473.3372388369377 619.509041360431 -6.1793396 106.784297 50
7010207019 786.7777561484384 505.161960181108 -6.1803736 106.787129 50
7015808834 771.836206067554 616.9987137561614 -6.1793623 106.786994 50
7015808835 757.2930973193062 612.7300509578059 -6.1794009 106.7868626 50
7015808836 753.1426667395617 609.6336116222623 -6.1794289 106.7868251 50
7015808837 752.5450047349746 607.1232840180807 -6.1794516 106.7868197 50
7015808838 759.5177281096211 590.1702786554605 -6.1796049 106.7868827 50
7015810752 803.5344278737703 548.5895218630834 -6.1799809 106.7872804 50
7015810753 779.4065914411553 549.0318703395897 -6.1799769 106.7870624 50
7031976394 578.4150732796304 346.1598002974787 -6.1818114 106.7852464 50
7032147030 786.9105699283307 421.5580981195837 -6.1811296 106.7871302 50
7038214286 399.0611331992128 262.688642778959 -6.1825662 106.7836259 50
7047169496 373.1513785731078 147.5342756300211 -6.1836075 106.7833918 50
7066425135 187.6105299771262 724.7879787712883 -6.1783876 106.7817154 50
7066511381 221.0131952743595 724.9317420260561 -6.1783863 106.7820172 50
7066511382 53.65676652171123 721.9127136738218 -6.1784136 106.7805051 50
7066536543 190.5877721797905 499.9311894464307 -6.1804209 106.7817423 50
7066877595 611.2422122043707 79.85495872298497 -6.1842195 106.785543 50
7066877596 612.1276373937962 299.9896780611296 -6.1822289 106.785551 50
7067232528 782.8265462378283 80.21989621618195 -6.1842162 106.7870933 50
7067232529 794.1046495985736 298.9612178533492 -6.1822382 106.7871952 50
7069224076 357.8667262271496 147.832860851672 -6.1836048 106.7832537 50
7069271416 420.056778019993 85.74925217268492 -6.1841662 106.7838156 50
7069304572 841.3088800491604 126.157785502339 -6.1838008 106.7876217 50
7069304573 850.2074032104201 309.8761665113252 -6.1821395 106.7877021 50
7069456760 417.8321472296781 463.8023776268961 -6.1807476 106.7837955 50
7069456761 449.8956069288381 312.9726058468689 -6.1821115 106.7840852 50
7069524851 648.009493225082 316.3565716922998 -6.1820809 106.7858752 50
7069535449 766.3465698869202 468.6682108685526 -6.1807036 106.7869444 50
7069606516 572.2060291319723 346.436268095427 -6.1818089 106.7851903 50
7069606517 458.3514174946811 347.1772017934958 -6.1818022 106.7841616 50
7069614417 830.4734892838321 350.5722263506899 -6.1817715 106.7875238 50
7070038482 417.3340955596582 695.2280418280646 -6.1786549 106.783791 50
7070038483 452.3305262001103 515.5903255150854 -6.1802793 106.7841072 50
7070038484 614.3079969241471 519.2618178701399 -6.1802461 106.7855707 50
7243885409 349.1784915496632 49.00115248614793 -6.1844985 106.7831752 50
7243885410 348.2930663588296 40.01041970099095 -6.1845798 106.7831672 50
7243994307 721.0681392257627 624.4301681617826 -6.1792951 106.7865353 50
7243994308 717.4821672080965 623.5122950729531 -6.1793034 106.7865029 50
7243994334 712.224955139106 752.8549896060834 -6.1781338 106.7864554 50
7244018740 721.9314287873183 624.7951056548915 -6.1792918 106.7865431 50
7244018741 726.6020466649526 626.8077912229596 -6.1792736 106.7865853 50
7244115061 418.0203000813574 734.1878838971336 -6.1783026 106.7837972 50
7244115062 409.3763366638351 735.072580850234 -6.1782946 106.7837191 50
7244115063 508.5218223318852 735.3269312243042 -6.1782923 106.7846149 50
7244115064 429.1877252943043 733.3031869442091 -6.1783106 106.7838981 50
7246551175 802.5604601644166 502.7290435602358 -6.1803956 106.7872716 50
7246551176 802.2284257182059 504.2109109566372 -6.1803822 106.7872686 50
7792709249 883.9863742138282 125.5827324829161 -6.183806 106.7880073 50
7792709250 878.0097541806294 124.653800682235 -6.1838144 106.7879533 50
8488296311 577.618190607317 794.3804528392051 -6.1777583 106.7852392 50
8488502605 696.1766235675675 753.9608607975249 -6.1781238 106.7863104 50
8488502606 694.2508237809542 752.4126411296652 -6.1781378 106.786293 50
8488502607 710.8304104650215 754.2041524594802 -6.1781216 106.7864428 50
8488502608 709.3473232710089 754.7239119194718 -6.1781169 106.7864294 50
8488502609 697.4715579099009 754.2041524594802 -6.1781216 106.7863221 50
8488502610 695.246927119586 753.396866489953 -6.1781289 106.786302 50
8488502611 693.6863652231002 751.2514763787924 -6.1781483 106.7862879 50
8488502612 693.4318054793628 750.1124290517096 -6.1781586 106.7862856 50
8488502613 692.1258033237984 738.1469027619875 -6.1782668 106.7862738 50
8488555519 658.070136947375 758.32905200298 -6.1780843 106.7859661 50
8488555520 661.5675664493372 736.0789236342241 -6.1782855 106.7859977 50
