331980949 332158141
332158141 6430201125
6430201125 6430201127
6430201127 6430201126
6430201126 331980952
331980952 332160842
332160842 332158109
332158109 6430201123
6430201123 6430201124
6430201124 6430201122
6430201122 6430201121
6430201121 331980953
331980953 332158538
332158538 332160988
332160988 332013697
332013697 332159964
332159964 332013698
332013698 2287628890
2287628890 332013705
332013705 332159970
332159970 332159936
332159936 332159113
332159113 332159951
332159951 332159148
332159148 332159144
332013705 332158811
332158811 332159128
332159128 332158805
332158805 332013708
332013708 332158788
332158788 332013707
6427559393 332158622
332158622 332158797
332158797 332158659
332158659 332158648
332158648 332158781
332158781 6322943463
6322943463 332013799
6427559394 332160980
332160980 332159935
332159935 332160902
332160902 332159948
332159948 332013801
332158539 332158537
332158623 332158624
332158624 332158625
332158625 332158626
332158626 332158627
332158627 332158628
332158628 332158629
332158629 332158622
332158631 332158632
332158632 332158633
332158633 332158634
332158634 332158635
332158635 332158646
332158646 332158647
332158647 6322943462
6322943462 332013799
332158649 332158650
332158650 332158651
332158651 332158652
332158652 332158653
332158653 332158654
332158654 332158648
332158660 4954375777
4954375777 332158661
332158661 332158659
332158647 332158654
332158646 332158663
332158663 332158653
332158661 332158664
332158665 332158628
332158666 332158627
332158667 332158626
332158668 332158625
332158669 332158624
332158660 332158670
332158670 332158623
332158670 332158669
332158669 332158668
332158668 332158667
332158667 332158666
332158666 332158665
332158665 332158664
332158649 5004349130
5004349130 5004349131
5004349131 332158631
332158632 332158650
332158651 332158633
332158671 332158672
332158672 332158663
332158635 332158672
332158659 332158780
6322943461 6322943460
6322943460 332158782
332158782 332158783
332158783 332158784
332158784 332158785
332158785 332158786
332158786 332158787
332158787 6029191359
332158787 332158792
332158792 332158793
332158793 332158794
332158794 332158795
332158786 332158792
332158792 332158780
332158783 332158795
332158784 332158794
332158812 332158813
332158813 332158814
332158799 332158807
332158800 332158808
332158802 332158812
332158812 332158809
332158803 332158813
332158804 332158814
7066877596 332159114
332159114 332159115
332159115 332159116
332159116 332159117
332159117 332159118
332159118 332159119
332159119 7066877595
7047169496 7069224076
7069224076 332159122
332159122 6322784468
6322784468 6322784467
6322784467 332159123
6029191360 332159124
332159124 332159125
332159125 332159126
332159126 332159127
332159127 332159123
6029191356 332159129
332159129 332159130
332159130 332159131
332159127 332159133
332159133 6322943471
6322943471 6322943472
6322943472 332159132
332159126 332159134
332159134 6498081908
6498081908 6322943473
6322943473 6322943474
6322943474 332159131
332159125 6322943470
6322943470 6322943469
6322943469 332159136
332159136 6322943468
6322943468 332159130
332159124 6322784466
6322784466 6322784465
6322784465 6322943467
6322943467 332159137
332159137 4954375782
4954375782 332159129
6755080635 332159141
332159141 332159120
332159120 332159142
332159142 332159143
332159144 332160572
332160572 6322943449
6322943449 332159143
332159143 332515675
7038214286 332159146
332159146 332159114
7067232529 332159147
332159147 332159149
332159149 332159157
332159157 332159150
332159150 332159151
332159151 7067232528
332159146 332159152
332159152 332159153
332159153 332159154
332159154 332159155
332159155 7069271416
332159152 332159115
332159156 332159158
332159158 332159159
332159158 332159117
332159117 332159160
332159118 1697453056
1697453056 332159150
1697453044 332159160
332159160 1697453056
332159155 332159119
6435134731 332159938
332159938 332159940
332159940 332159942
332159942 332159944
332159944 332159945
332159945 7031976394
7031976394 6435134732
332159948 332159953
332159953 332159955
332159955 332159957
332159957 332159959
332159959 5507280105
5507280105 332159960
332159960 7069524851
7069524851 332159951
332159938 332159967
332159967 7069456760
332159967 332159973
332159973 332159974
332159974 332159976
332159976 332159978
332159978 7069456761
332159978 7069606517
7069606517 7069606516
7069606516 7031976394
332159976 332159944
332159974 332159942
332159973 332159940
332159144 332159984
332159984 6322943419
6322943419 6322943415
6322943415 6322943418
6322943418 6322943417
6322943417 6322943416
6322943416 332159987
332159987 5421840392
5421840392 5371876833
5371876833 5593903229
5593903229 5593903230
5593903230 7246551175
7246551175 7246551176
7246551176 5033660110
332013801 6322943411
6322943411 6322943412
6322943412 332159992
332159992 332159994
332159994 7032147030
7032147030 332159996
332159996 332159997
332159997 332159999
332159960 332159999
332159999 7069614417
7069614417 332159984
332159959 332159997
332159957 332159996
332159955 332159994
332159953 7069535449
7069535449 332159992
7069304572 7792709250
7792709250 7792709249
7792709249 332160571
332160571 6322943391
6322943391 6322943392
6322943392 6322943393
6322943393 6322943390
6322943390 332160573
332160573 332160574
332159143 6322943448
6322943448 6322943447
6322943447 332160575
332160575 6322943446
6322943446 5670904324
5670904324 5670904323
5670904323 6322943445
6322943445 332160576
332160576 332160498
332160902 7070038484
7070038484 2822126307
2822126307 2822126305
2822126305 2822126303
2822126303 2822126301
2822126301 2822121799
2822121799 2822121798
2822121798 332160989
332160989 2822126529
2822126529 332160905
332160905 7244115063
7244115063 7244115064
7244115064 7244115061
7244115061 7244115062
7244115062 332158538
332160981 2822121797
2822121797 1691655201
1691655201 2822121800
2822121800 2822126302
2822126302 2822126304
2822126304 2822126306
2822126306 7070038483
7070038483 332160980
7070038482 332160981
332160981 332160989
2822121797 2822121798
1691655201 2822121799
2822121800 6979069613
6979069613 2822126301
2822126307 4954375779
4954375779 2822126308
2822126308 7015810753
2822126305 4954375778
4954375778 2822126309
2822126303 2822126310
2822126310 7015808838
2822126301 6322943410
6322943410 7243994308
7243994308 6322943409
6322943409 7243994307
7243994307 7244018740
7244018740 2822126311
2822126311 2822126312
2822126312 5593903228
5593903228 2822125436
2822121798 2822125436
2822125436 2822126313
332160989 2822126314
2822126529 6322943408
6322943408 6322943407
6322943407 6322943406
6322943406 2822126530
2822126530 6322943405
6322943405 6322943404
6322943404 8488555520
8488555520 2822126531
2822126531 8488502613
8488502613 5033660062
332159119 332159151
332159114 332159147
1691655272 7069304573
332158538 332158621
332158621 332158658
332158658 332158537
332158537 332158630
332158630 332158106
332159154 332159159
332159159 332159118
332159115 332159149
332160905 5033660040
5033660040 5033660039
5033660039 5033660038
5033660038 5033660037
5033660037 5033660036
5033660036 8488296311
2822126313 5507280077
332013801 6322943413
6322943413 5507280078
5507280078 6322943414
6322943414 7010207019
332160125 4552244487
4552244487 6322784472
6322784472 332159138
332159138 6322943477
6322943477 5004134820
5004134820 332013699
2822126311 7244018741
7244018741 6685097043
6685097043 6685097042
6685097042 6685097041
6685097041 6685097040
6685097040 5507280077
332013699 6755080633
6755080633 6755080634
6755080634 6755080635
6755080635 6755080636
6755080636 6755080637
6755080637 332160125
332013699 6322943475
6322943475 6322943476
6322943476 332159121
332159121 332159145
332159145 332013705
332159139 7243885410
7243885410 7243885409
7243885409 332160125
332158664 332158629
6979069613 6979069612
332158814 332158810
7015810753 7015810752
2822126310 7015808837
7015808837 7015808836
7015808836 7015808835
7015808835 7015808834
332159945 5507280105
5033660062 2822126532
2822126532 6322943403
6322943403 2822126533
2822126533 2822126534
2822126534 2822126314
2822126314 2822126313
7066425135 332158649
332158537 7066425135
6950380504 332158623
332158621 6950380504
7066511381 332158660
332158658 7066511381
7066511382 332158631
332158630 7066511382
7066536543 332158648
332158795 7066536543
6029191358 332013708
332158780 6029191358
6029191359 332158788
332158781 6322943461
332158788 6029191360
332159121 7047169496
7066877595 332159120
332159113 7066877596
7067232528 332159142
332159148 7067232529
332159131 332159132
332159132 332159122
332159128 6029191356
7069456760 332159964
7069456761 332159970
6435134732 332159936
332159935 6435134731
7069271416 332159141
332159145 7038214286
332160572 7069304572
7069304573 332159144
8488502613 8488502612
8488502612 8488502611
8488502611 8488502606
8488502606 8488502610
8488502610 8488502605
8488502605 8488502609
8488502609 8488502608
8488502608 8488502607
8488502607 7243994334
8488555520 8488555519
1697453044 332159157
332160988 7070038482
332013697 6427559394
332013697 6427559393
