26032615 961.3847628520415 992.6423106386843 35.7506498 51.3966093 50
27585283 261.9425937450929 476.9707105630248 35.7460022 51.3888761 50
27585289 458.2389962190991 123.181558310982 35.7428136 51.3910464 50
27585290 129.6643425270745 244.1218380436118 35.7439036 51.3874136 50
27647630 686.6439656552241 751.6160999399076 35.7484775 51.3935717 50
27647632 709.0023818610109 762.9445426561576 35.7485796 51.3938189 50
27647633 699.8130004432064 753.3802746628074 35.7484934 51.3937173 50
27648026 321.2665629580534 549.2907787544715 35.746654 51.389532 50
27648029 474.3023243670018 681.9811278660468 35.7478499 51.391224 50
27648031 491.803754528309 714.4907626932459 35.7481429 51.3914175 50
27648033 468.8664796503081 692.5772716410088 35.7479454 51.3911639 50
27648034 469.8433036595976 695.595230915137 35.7479726 51.3911747 50
27648036 680.3669669310265 754.0570964120442 35.7484995 51.3935023 50
27648037 705.2217111602336 757.3857279633536 35.7485295 51.3937771 50
27648040 532.9117649059625 748.9531946974485 35.7484535 51.391872 50
27655073 437.409128694574 662.7305420562686 35.7476764 51.3908161 50
27655075 722.9492579894575 745.4248452523548 35.7484217 51.3939731 50
375907606 476.5996697215967 567.2542936982138 35.7468159 51.3912494 50
375907617 464.2175209400587 505.8299461199353 35.7462623 51.3911125 50
375907629 433.2485819886817 445.1378974843566 35.7457153 51.3907701 50
457037449 626.352217100105 504.1989166597938 35.7462476 51.3929051 50
711988487 992.4712824715176 685.1877095956902 35.7478788 51.396953 50
735011578 1021.613198740121 342.9378133912452 35.7447942 51.3972752 50
945921877 971.9398889490798 412.8501714274799 35.7454243 51.396726 50
1649104424 693.3822423835368 751.3830957306102 35.7484754 51.3936462 50
1649104425 714.0040825738317 751.7603406402291 35.7484788 51.3938742 50
1649104428 675.2567302166622 758.4286991839402 35.7485389 51.3934458 50
1649104430 671.8830695189404 764.2316135228994 35.7485912 51.3934085 50
1649104431 710.7118238768361 769.4353741826227 35.7486381 51.3938378 50
1649104436 670.62586084125 770.8223039959034 35.7486506 51.3933946 50
1649104437 710.5671092090702 773.4075411683616 35.7486739 51.3938362 50
1649104445 708.9752478613442 818.0666811613692 35.7490764 51.3938186 50
1649104447 708.4777911898561 832.0469336811034 35.7492024 51.3938131 50
1649104449 670.5173248402818 834.9539385697175 35.7492286 51.3933934 50
1649104451 708.333076521515 836.0080052278674 35.7492381 51.3938115 50
1649104453 671.6659975175792 841.2450522031038 35.7492853 51.3934061 50
1649104455 706.840706507051 842.2214507926643 35.7492941 51.393795 50
1649104457 674.8587648801622 846.7927714576388 35.7493353 51.3934414 50
1649104459 703.3404204758251 847.580547591684 35.7493424 51.3937563 50
1649104461 679.7338402577529 850.9535608981872 35.7493728 51.3934953 50
1649104463 698.2482730957227 851.4639510691527 35.7493774 51.3937 50
1649104466 685.7214096464188 853.2503166685907 35.7493935 51.3935615 50
1649104469 692.134078372402 853.4278436851312 35.7493951 51.3936324 50
1649357184 408.4481057605342 155.5025706833718 35.7431049 51.3904959 50
1649357190 300.6899461016872 197.5986643811652 35.7434843 51.3893045 50
1649357193 270.0737491534569 206.0533885236085 35.7435605 51.388966 50
1649357197 237.1511621829255 214.6856396825922 35.7436383 51.388602 50
1649357200 215.3263813154244 224.2055259228661 35.7437241 51.3883607 50
1649357202 198.6027924951568 237.5755293243898 35.7438446 51.3881758 50
1649357203 113.4472550448503 243.1343440157823 35.7438947 51.3872343 50
1649357204 191.0504957584316 246.3520211836949 35.7439237 51.3880923 50
1649357205 179.6089923199609 267.9881262728525 35.7441187 51.3879658 50
1649357206 176.7146989600406 286.3732678792901 35.7442844 51.3879338 50
1649357207 177.4563616337072 301.9845498605775 35.7444251 51.387942 50
1649357208 192.7780271079432 345.9446772263985 35.7448213 51.3881114 50
1649357209 206.3631165666875 379.5749513434796 35.7451244 51.3882616 50
1649357211 196.8119484786054 390.4484810815213 35.7452224 51.388156 50
1649357212 245.6169702613253 444.0061627569114 35.7457051 51.3886956 50
1649357213 233.2710001477355 449.7868862193322 35.7457572 51.3885591 50
1649357214 249.7051596318962 482.4851435006352 35.7460519 51.3887408 50
1649357217 293.6170167027634 535.2661444809551 35.7465276 51.3892263 50
1649357220 271.9007718356552 541.0246770668377 35.7465795 51.3889862 50
1649357233 289.1399066616727 548.081375957731 35.7466431 51.3891768 50
1649413513 803.3925240642009 43.40535544177908 35.7420946 51.3948625 50
1649413549 759.978123663671 103.8422089922279 35.7426393 51.3943825 50
1649413551 685.7394989801052 106.2832054636588 35.7426613 51.3935617 50
1649413553 712.8915885639071 145.9937798827785 35.7430192 51.3938619 50
1649413555 541.6670023204692 147.5360458346499 35.7430331 51.3919688 50
1649413556 571.025990591009 147.6359047811893 35.743034 51.3922934 50
1649413558 625.6467330938115 148.7454486320963 35.743044 51.3928973 50
1649413561 566.7749972178351 148.7565440703654 35.7430441 51.3922464 50
1649413564 727.5620380323339 148.9895482796628 35.7430462 51.3940241 50
1649413568 513.6918480634251 149.1670752954974 35.7430478 51.3916595 50
1649413571 563.1480858513792 151.2197314197459 35.7430663 51.3922063 50
1649413574 629.3912251283665 151.3639721200674 35.7430676 51.3929387 50
1649413578 712.249417224078 153.4942963136112 35.7430868 51.3938548 50
1649413608 649.425161978741 153.860445784961 35.7430901 51.3931602 50
1649413611 560.5522664941216 154.7591763031088 35.7430982 51.3921776 50
1649413616 632.0774911529058 155.0587531434325 35.7431009 51.3929684 50
1649413620 723.8085013306479 155.8465292774775 35.743108 51.3939826 50
1649413624 457.2712168769405 156.7452597963312 35.7431161 51.3910357 50
1649413626 641.1854705694086 157.1114092662693 35.7431194 51.3930691 50
1649413630 514.3521087357901 157.7660401389679 35.7431253 51.3916668 50
1649413634 539.4601036331561 158.7424387278226 35.7431341 51.3919444 50
1649413637 559.3041024829868 158.9532520591703 35.743136 51.3921638 50
1649413644 737.5202161240468 159.0974927601975 35.7431373 51.3941342 50
1649413648 633.4070571659174 159.4081650380845 35.7431401 51.3929831 50
1649413669 440.4843153884824 161.4608211616272 35.7431586 51.3908501 50
1649413672 559.521174484348 163.3137593920914 35.7431753 51.3921662 50
1649413676 731.360798067373 163.5134772858758 35.7431771 51.3940661 50
1649413679 458.6912295566586 163.6022407941459 35.7431779 51.3910514 50
1649413684 633.2352084967589 163.9683902647899 35.7431812 51.3929812 50
1649413688 429.4950452875711 166.9308723461611 35.7432079 51.3907286 50
1649413695 561.2034825010817 167.3635944478314 35.7432118 51.3921848 50
1649413702 443.0258667452559 167.9960344425801 35.7432175 51.3908782 50
1649413711 631.5800344819932 168.2068477746336 35.7432194 51.3929629 50
1649413714 564.1429991943551 170.6145579305513 35.7432411 51.3922173 50
1649413720 628.6224284550332 171.6908154659452 35.7432508 51.3929302 50
1649413741 433.3842519898921 172.789263878583 35.7432607 51.3907716 50
1649413745 421.0021032095048 174.1318119380817 35.7432728 51.3906347 50
1649413748 620.2108883771177 174.930683510396 35.74328 51.3928372 50
1649413752 581.9790820245473 178.3813648861944 35.7433111 51.3924145 50
1649413756 426.2841885918771 178.8140869885705 35.743315 51.3906931 50
1649413760 601.3889368705051 179.8792490849895 35.7433246 51.3926291 50
1649413767 414.7341491518628 183.4519802838655 35.7433568 51.3905654 50
1649413772 421.0473265428579 186.6030848200461 35.7433852 51.3906352 50
1649413777 862.8702526109075 197.0993696484688 35.7434798 51.3955201 50
1649413786 411.0710591180339 193.7263563419656 35.7434494 51.3905249 50
1649413802 417.9902291820607 195.1576679090286 35.7434623 51.3906014 50
1649413807 395.0167756372621 203.368292405317 35.7435363 51.3903474 50
1649413811 734.0741980921545 204.5887906410323 35.7435473 51.3940961 50
1649413817 410.0037884414626 208.9936797284415 35.743587 51.3905131 50
1649413821 417.0224498393267 209.1268249904939 35.7435882 51.3905907 50
1649413824 511.5573067097073 222.0530108520783 35.7437047 51.3916359 50
1649413827 351.9641619064345 223.4732269808723 35.7437175 51.3898714 50
1649413830 646.0424566150389 225.1819245110149 35.7437329 51.3931228 50
1649413832 231.5163347979818 230.5410213100347 35.7437812 51.3885397 50
1649413836 300.6809014345562 237.1095209065007 35.7438404 51.3893044 50
1649413842 418.0806758487671 243.3007755940536 35.7438962 51.3906024 50
1649413846 411.0710591180339 243.4561117319383 35.7438976 51.3905249 50
1649413864 652.3465893394787 246.6183117077996 35.7439261 51.3931925 50
1649413867 761.4614490110041 255.8164302298002 35.744009 51.3943989 50
1649413868 798.8973246888484 278.395647593005 35.7442125 51.3948128 50
1649413872 662.8745814368501 280.7811668723845 35.744234 51.3933089 50
1649413876 793.9860706433094 285.2526285908198 35.7442743 51.3947585 50
1649413879 236.1562488405249 285.5411099921686 35.7442769 51.388591 50
1649413883 802.2076727189552 285.7963050772984 35.7442792 51.3948494 50
1649413885 297.3072407368344 287.9155338325731 35.7442983 51.3892671 50
1649413890 385.5198755490887 287.9821064628935 35.7442989 51.3902424 50
1649413894 523.532445487039 289.690803993742 35.7443143 51.3917683 50
1649413898 467.9981916419868 299.0331632174755 35.7443985 51.3911543 50
1649413919 351.0054272319821 307.1328333282497 35.7444715 51.3898608 50
1649413922 420.1157258680723 309.2187757673055 35.7444903 51.3906249 50
1649413925 413.115153802744 309.3519210293579 35.7444915 51.3905475 50
1649413932 331.4960810516117 312.7027434586171 35.7445217 51.3896451 50
1649413935 674.7140502123963 313.8233827470874 35.7445318 51.3934398 50
1649413942 773.219515785824 314.2339139722194 35.7445355 51.3945289 50
1649413948 297.0449454015447 319.8371104180999 35.744586 51.3892642 50
1649413955 778.8633878378986 318.3614170972546 35.7445727 51.3945913 50
1649413964 682.0311856134986 331.7203250605093 35.7446931 51.3935207 50
1649413985 233.0177494778508 344.6243200448497 35.7448094 51.3885563 50
1649413990 512.7150240535602 355.7530448680212 35.7449097 51.3916487 50
1649413995 295.3445480522752 363.8527149780896 35.7449827 51.3892454 50
1649414001 736.3082307797097 365.7389395247726 35.7449997 51.3941208 50
1649414005 744.1409121842604 366.8262924984356 35.7450095 51.3942074 50
1649414007 384.561140874061 369.0675710774937 35.7450297 51.3902318 50
1649414010 740.0708121473759 372.5071570143172 35.7450607 51.3941624 50
1649414013 422.2140885538419 376.8010917169179 35.7450994 51.3906481 50
1649414017 415.2044718225333 377.0451913637787 35.7451016 51.3905706 50
1649414020 354.4152665965015 386.0435919934064 35.7451827 51.3898985 50
1649414048 422.6844112245125 388.2515842562455 35.7452026 51.3906533 50
1649414052 415.6838391603349 388.6621154806717 35.7452063 51.3905759 50
1649414055 333.4135504033931 393.3776768466736 35.7452488 51.3896663 50
1649414057 423.5798332330759 400.3567076682716 35.7453117 51.3906632 50
1649414064 416.6425738359379 401.555015026743 35.7453225 51.3905865 50
1649414071 710.8384492114908 408.5007595321222 35.7453851 51.3938392 50
1649414077 293.6803293703784 406.8697300719806 35.7453704 51.389227 50
1649414081 716.030087926006 406.0597630606914 35.7453631 51.3938966 50
1649414087 249.3071942953961 413.9930015939001 35.7454346 51.3887364 50
1649414091 428.8980972816704 419.4963390939471 35.7454842 51.390722 50
1649414096 422.2954905551435 421.9262401264029 35.7455061 51.390649 50
1649414114 292.9386666972873 426.0426478131691 35.7455432 51.3892188 50
1649414119 489.4973645065832 428.8497937552439 35.7455685 51.391392 50
1649414125 521.9496288052932 428.8497937552439 35.7455685 51.3917508 50
1649414136 439.5527147136968 442.0755564564462 35.7456877 51.3908398 50
1649414140 380.4729515029148 446.0699143187232 35.7457237 51.3901866 50
1649414145 351.8284919057995 466.8516706435153 35.745911 51.3898699 50
1649414154 290.9217060116686 478.3021631828428 35.7460142 51.3891965 50
1649414156 269.2687738121754 478.9456986172722 35.74602 51.3889571 50
1649414158 330.0037110382983 477.1704284553977 35.746004 51.3896286 50
1649414159 274.7588865299285 479.3451344034294 35.7460236 51.3890178 50
1649414178 547.6183930417621 483.5724964742981 35.7460617 51.3920346 50
1649414181 652.048115336816 489.1313111671022 35.7461118 51.3931892 50
1649414188 290.4966066743511 489.3088381829368 35.7461134 51.3891918 50
1649414190 636.6450478618538 489.2089792371033 35.7461125 51.3930189 50
1649414193 657.2035753839581 497.3419356626848 35.7461858 51.3932462 50
1649414195 629.7077884641403 491.1395855368628 35.7461299 51.3929422 50
1649414198 641.791463241865 491.0064402748104 35.7461287 51.3930758 50
1649414211 627.1571924402359 493.7470135851532 35.7461534 51.392914 50
1649414226 644.405371932809 493.5583911310496 35.7461517 51.3931047 50
1649414230 625.4929737589146 501.6025840490666 35.7462242 51.3928956 50
1649414233 646.3409306177016 500.4597538833523 35.7462139 51.3931261 50
1649414239 470.6754130005459 503.1004682478617 35.7462377 51.3911839 50
1649414246 644.5319972674637 505.5747510348055 35.74626 51.3931061 50
1649414249 635.0441418469967 510.1127853849728 35.7463009 51.3930012 50
1649414252 641.98140124471 508.1821790838018 35.7462835 51.3930779 50
1649414254 638.6800978805836 509.7577313525979 35.7462977 51.3930414 50
1649414257 289.5740506655458 513.2084127276905 35.7463288 51.3891816 50
1649414260 643.8084239274838 520.0986800417243 35.7463909 51.3930981 50
1649414264 634.5557298420642 520.2762070575588 35.7463925 51.3929958 50
1649414301 479.0507744105131 527.188665247425 35.7464548 51.3912765 50
1649414306 472.2220510143433 528.8751719010295 35.74647 51.391201 50
1649414310 644.2787465981543 532.3702350313158 35.7465015 51.3931033 50
1649414312 481.6918171011239 544.3311177423147 35.7466093 51.3913057 50
1649414313 474.7274237043192 545.1521801911672 35.7466167 51.3912287 50
1649414315 554.1124637684716 549.7678826106297 35.7466583 51.3921064 50
1649414318 483.5821524520879 566.7217126507101 35.7468111 51.3913266 50
1649414322 661.4636134236878 613.5888449058509 35.7472335 51.3932933 50
1649414328 654.6077560267006 615.0312519118888 35.7472465 51.3932175 50
1649414333 392.6651622816076 621.1448385294407 35.7473016 51.3903214 50
1649414339 551.806073747321 620.135153625073 35.7472925 51.3920809 50
1649414364 575.7834853016511 628.245919174822 35.7473656 51.392346 50
1649414367 488.285379162246 636.0682033225165 35.7474361 51.3913786 50
1649414371 481.2938517646239 636.4898299859176 35.7474399 51.3913013 50
1649414375 482.6324624436158 656.3062831601242 35.7476185 51.3913161 50
1649414379 489.678257841722 656.561478245254 35.7476208 51.391394 50
1649414384 411.9483917929107 670.3974900646667 35.7477455 51.3905346 50
1649414389 673.5291988677259 670.6304942725526 35.7477476 51.3934267 50
1649414393 480.5160104241597 671.3849840917906 35.7477544 51.3912927 50
1649414397 666.6733414718894 672.0618058403215 35.7477605 51.3933509 50
1649414400 459.9665275686108 677.5429524631245 35.7478099 51.3910655 50
1649414404 467.5188243041852 679.0741229767268 35.7478237 51.391149 50
1649414411 477.1785283932356 681.038015593411 35.7478414 51.3912558 50
1649414437 480.2084917543661 680.971442961679 35.7478408 51.3912893 50
1649414441 468.8664796503081 689.415071666559 35.7479169 51.3911639 50
1649414446 483.1299191151038 681.792505411943 35.7478482 51.3913216 50
1649414451 572.8620579409136 685.4761909963332 35.7478814 51.3923137 50
1649414456 586.9988720710546 685.8201495897332 35.7478845 51.39247 50
1649414460 489.0632205021349 691.5564912983718 35.7479362 51.3913872 50
1649414464 488.258245162004 694.9849817969264 35.7479671 51.3913783 50
1649414470 473.3616790245099 699.4897298315807 35.7480077 51.3912136 50
1649414477 345.343465846221 698.7019536968296 35.7480006 51.3897982 50
1649414481 486.331731143667 697.9252730017595 35.7479936 51.391357 50
1649414483 483.5097951179173 700.0334063180592 35.7480126 51.3913258 50
1649414502 494.6890032210984 702.141539634359 35.7480316 51.3914494 50
1649414506 497.5742519150384 708.5990848460166 35.7480898 51.3914813 50
1649414511 428.4368192781308 710.8181725478307 35.7481098 51.3907169 50
1649414516 505.9405686584501 717.3644812670527 35.7481688 51.3915738 50
1649414521 685.7304543135497 728.2823927588765 35.7482672 51.3935616 50
1649414526 678.8203289160783 729.4585092401039 35.7482778 51.3934852 50
1649414530 628.3058651181086 737.8133744367137 35.7483531 51.3929267 50
1649414534 537.0723116112795 743.3167119360551 35.7484027 51.391918 50
1649414537 689.619661016446 743.5497161453525 35.7484048 51.3936046 50
1649414540 680.7558876015463 744.0822971935619 35.7484096 51.3935066 50
1649414542 548.0796710464525 750.3179336341911 35.7484658 51.3920397 50
1649414560 562.1350831758673 755.8434620107764 35.7485156 51.3921951 50
1649414566 544.877859017314 756.5646655145013 35.7485221 51.3920043 50
1649414572 559.8829611546256 762.4563433610247 35.7485752 51.3921702 50
1649414577 661.7168640924218 780.6861488295775 35.7487395 51.3932961 50
1649414581 651.6772839999827 781.3296842633011 35.7487453 51.3931851 50
1649414584 649.1628666440265 787.8759929825233 35.7488043 51.3931573 50
1649414587 659.2657594029301 792.7579859253847 35.7488483 51.393269 50
1649414590 670.5625481736349 808.0031184346166 35.7489857 51.3933939 50
1649414593 479.6658117495249 841.034238872462 35.7492834 51.3912833 50
1659641830 948.2880853982297 838.5488606458374 35.749261 51.3964645 50
1659641832 970.194268266457 837.3283624108278 35.74925 51.3967067 50
1659641863 967.1100369048423 853.6275615782096 35.7493969 51.3966726 50
2169893007 621.7937050577127 178.2482196234363 35.7433099 51.3928547 50
2169893009 635.5868218518381 181.8542371392369 35.7433424 51.3930072 50
2169893022 629.5540291298189 182.3535318719333 35.7433469 51.3929405 50
2169893082 637.567603870659 191.7735591649622 35.7434318 51.3930291 50
2169893157 614.4584803240748 176.4396631474601 35.7432936 51.3927736 50
2169893265 632.9548238277828 173.4106084350627 35.7432663 51.3929781 50
2169893280 635.0984098474809 186.9248525362021 35.7433881 51.3930018 50
3844298422 337.8092584437576 525.4355859635 35.746439 51.3897149 50
3844298423 317.5492049231651 544.2756405488518 35.7466088 51.3894909 50
4044840546 194.4060671224669 458.5966643934447 35.7458366 51.3881294 50
4044840547 159.0323754641698 469.5256713235377 35.7459351 51.3877383 50
4044840548 133.8701125651692 468.3162685267972 35.7459242 51.3874601 50
4044840549 122.3381624594167 464.5771057496499 35.7458905 51.3873326 50
4044840550 103.9141762898794 449.6870272720872 35.7457563 51.3871289 50
4044840551 88.75531481709561 438.9022610430216 35.7456591 51.3869613 50
4044840552 63.11368458029347 428.8165074397308 35.7455682 51.3866778 50
4044840553 39.8598463665187 412.561690026837 35.7454217 51.3864207 50
4044840554 31.97289696090854 393.1224817608379 35.7452465 51.3863335 50
4044840555 0 313.5459967854193 35.7445293 51.38598 50
4044840556 3.599777365638602 294.0513113266632 35.7443536 51.3860198 50
4044840557 12.39119344694291 281.3248433588631 35.7442389 51.386117 50
4044840558 40.36634770456226 270.1850230974225 35.7441385 51.3864263 50
4044840559 67.53652662090008 268.587279952794 35.7441241 51.3867267 50
4044840560 99.60891491622124 274.1128083286734 35.7441739 51.3870813 50
4044840561 123.4054331365633 291.13321099978 35.7443273 51.3873444 50
4044840562 125.4585724884043 301.4186824954434 35.74442 51.3873671 50
4044840563 131.4732758767369 374.8150082236956 35.7450815 51.3874336 50
4044840564 125.8746271591662 381.183789927083 35.7451389 51.3873717 50
4044840565 103.4981216196929 388.3514432027847 35.7452035 51.3871243 50
4044840566 79.92772006841824 389.9380909091442 35.7452178 51.3868637 50
4044840567 33.68233897673372 396.2402999815055 35.7452746 51.3863524 50
4044840568 238.5802195291992 460.3497436780754 35.7458524 51.3886178 50
4044840569 206.2003125646597 467.5173969544829 35.745917 51.3882598 50
4044840570 185.822678377694 477.4700052957212 35.7460067 51.3880345 50
4044840571 166.2409748643038 482.2410438537744 35.7460497 51.387818 50
4044840572 115.4913497289851 485.025998919311 35.7460748 51.3872569 50
4044840573 103.9051316227485 488.6098255571618 35.7461071 51.3871288 50
4044840574 100.7033195930346 496.1658191807516 35.7461752 51.3870934 50
4044840575 98.70444824225308 512.0766780002452 35.7463186 51.3870713 50
4044840576 109.494735674339 566.9880031748148 35.7468135 51.3871906 50
4044840577 129.8723698624553 598.8097208138024 35.7471003 51.3874159 50
4044840578 153.4518160791349 633.0280531718499 35.7474087 51.3876766 50
4044840579 194.2070844547923 672.0174240865392 35.7477601 51.3881272 50
4044840580 221.3863080382609 691.1126737584325 35.7479322 51.3884277 50
4044840581 274.1348045237858 690.3138021861183 35.747925 51.3890109 50
4044840582 226.5779467522008 726.5182180352709 35.7482513 51.3884851 50
4044840583 243.3648482400835 726.9176538221338 35.7482549 51.3886707 50
4044840584 135.3353485793912 606.7318639087418 35.7471717 51.3874763 50
4044840585 203.4055105397275 603.1924190239674 35.7471398 51.3882289 50
4297872649 677.3008249030984 990.6895134616808 35.7506322 51.3934684 50
4297872650 704.0730384829361 983.0003745760388 35.7505629 51.3937644 50
4297872651 718.51737128172 964.6818056006273 35.7503978 51.3939241 50
4297872652 720.1273219637079 945.6420331214911 35.7502262 51.3939419 50
4297872653 715.0803979169585 910.6470200683732 35.7499108 51.3938861 50
4297872654 708.8938458600427 882.7419922216616 35.7496593 51.3938177 50
4297872655 705.3664258274241 869.6826610987307 35.7495416 51.3937787 50
4417574249 358.7747959700685 590.5880008799506 35.7470262 51.3899467 50
4417574250 317.2145522537048 609.0397151181203 35.7471925 51.3894872 50
4417574260 599.3629315183308 814.5938089083265 35.7490451 51.3926067 50
4417574264 718.4992819486089 928.1001448411499 35.7500681 51.3939239 50
4417574265 704.8689691559362 936.6325370535943 35.750145 51.3937732 50
4596428416 841.8956704186166 301.9401681060896 35.7444247 51.3952882 50
4596428417 868.0799806591092 316.663815005381 35.7445574 51.3955777 50
4596428419 742.6033188370185 368.9677121302485 35.7450288 51.3941904 50
4596428420 907.0082263514176 489.0869294126143 35.7461114 51.3960081 50
4596831647 640.0096638930199 201.3933043510696 35.7435185 51.3930561 50
4596831648 718.5264159494263 180.755788726599 35.7433325 51.3939242 50
4598538307 573.9655072848577 352.3689361225431 35.7448792 51.3923259 50
4607511590 1022.743782083157 329.7786233210692 35.7446756 51.3972877 50
4612133265 444.2378520907438 751.3276185385589 35.7484749 51.3908916 50
4612133266 390.4039955938104 774.4727032647806 35.7486835 51.3902964 50
5200836567 211.0844326093813 453.6148125040439 35.7457917 51.3883138 50
5200836568 169.8407522299423 467.6283513392913 35.745918 51.3878578 50
5200836569 146.3065293471913 470.036061495209 35.7459397 51.3875976 50
5200836570 45.87454975542664 419.5629117249733 35.7454848 51.3864872 50
5200836571 53.63487382638198 424.145327828217 35.7455261 51.386573 50
5200836572 79.83727340171185 434.7747579186921 35.7456219 51.3868627 50
5200836573 95.84633354913046 443.4735817087019 35.7457003 51.3870397 50
5200836574 111.855393696549 457.4760251042686 35.7458265 51.3872167 50
5714528051 645.7801612797491 503.1337545633747 35.746238 51.3931199 50
5714528052 631.4986324806916 509.2140548654135 35.7462928 51.392962 50
5714528053 628.4867584532476 507.1613987418707 35.7462743 51.3929287 50
5714528054 625.3482590911487 498.862010738018 35.7461995 51.392894 50
5714528055 625.9090284291011 496.1880100572898 35.7461754 51.3929002 50
5714528056 633.0090918282667 489.5640332680667 35.7461157 51.3929787 50
5714528057 639.3403585529486 489.7748466001201 35.7461176 51.3930487 50
5714528058 645.9791439474238 496.8426409299884 35.7461813 51.3931221 50
5714528098 480.1361344207709 701.054186660696 35.7480218 51.3912885 50
5714528099 476.6087143875769 700.8655642065924 35.7480201 51.3912495 50
5714528100 471.3447183400418 697.7699368624631 35.7479922 51.3911913 50
5714528101 469.8523483255778 686.3971123924307 35.7478897 51.3911748 50
5714528102 471.7245943428553 683.8451615361914 35.7478667 51.3911955 50
5714528103 485.6714704718773 683.4457257486229 35.7478631 51.3913497 50
5714528104 487.6070291556192 685.7646723976819 35.747884 51.3913711 50
5714528105 488.7737911666031 688.5496274632185 35.7479091 51.391384 50
5764344477 999.0015318650247 361.3007641218504 35.7449597 51.3970252 50
5764393993 74.67276868743875 524.9473866690728 35.7464346 51.3868056 50
5764394011 68.01589395985229 565.6343596763413 35.7468013 51.386732 50
6463215535 695.6976770718181 986.6507738449158 35.7505958 51.3936718 50
6463215536 708.8667118598006 978.9061577672223 35.750526 51.3938174 50
6463215537 713.6875192380579 973.2474841285848 35.750475 51.3938707 50
6463215539 714.9809065825459 951.4671383384 35.7502787 51.393885 50
6463215541 623.964425077653 841.3781974658621 35.7492865 51.3928787 50
6463530421 340.6854624699914 183.8403206317535 35.7433603 51.3897467 50
6463530425 184.1313256944047 256.6818744338464 35.7440168 51.3880158 50
6463530426 177.2573789648818 329.2349468345906 35.7446707 51.3879398 50
6463530427 187.387405725178 347.4758477414125 35.7448351 51.3880518 50
6463530428 174.7700956085924 352.7017992783798 35.7448822 51.3879123 50
6463530430 186.1754203808409 330.5663994551143 35.7446827 51.3880384 50
6463530434 177.4292276328897 276.9421451486979 35.7441994 51.3879417 50
6463530436 179.9526896559767 312.0924943404065 35.7445162 51.3879696 50
6463530437 182.702268348131 321.5679988261924 35.7446016 51.388 50
6463530438 176.8955922951794 294.6282741293606 35.7443588 51.3879358 50
6463530445 225.130800072816 219.4455828016704 35.7436812 51.3884691 50
6463530446 205.8837492283106 230.6852620110619 35.7437825 51.3882563 50
6603256827 657.2578433844424 485.3921483892493 35.7460781 51.3932468 50
6603256828 691.9350957035767 434.1866996770196 35.7456166 51.3936302 50
6603256829 701.1063877888453 433.3767326664363 35.7456093 51.3937316 50
6603256844 446.399527443553 675.1796240616948 35.7477886 51.3909155 50
6603256861 452.4956328320365 673.3155903922557 35.7477718 51.3909829 50
6603256862 427.4871292685079 653.8098094959362 35.747596 51.3907064 50
6606173304 964.052939542319 387.28628110566 35.7451939 51.3966388 50
6606173305 931.1665312403113 434.6859944104219 35.7456211 51.3962752 50
6606173306 899.6910909503155 483.9386459449422 35.746065 51.3959272 50
6606173310 1012.261013320289 355.1982729418619 35.7449047 51.3971718 50
6606173324 1010.841000639995 345.6118140712676 35.7448183 51.3971561 50
6616948355 882.108258788282 211.3459126916021 35.7436082 51.3957328 50
6616948356 900.5412896249502 266.9007732991895 35.7441089 51.3959366 50
6616948357 899.3293042806131 269.5636785409428 35.7441329 51.3959232 50
6616948358 895.2049362420938 270.2848820439617 35.7441394 51.3958776 50
6616948359 854.9380798707936 263.5166645544172 35.7440784 51.3954324 50
7072016313 833.393683672844 0 35.7417034 51.3951942 50
7072016329 419.8534305322073 175.8405094675186 35.7432882 51.390622 50
7807429381 982.7844443828005 708.4326532684512 35.7480883 51.3968459 50
7807469190 962.7143288644778 979.7494110933188 35.7505336 51.396624 50
7807469195 973.7850009655399 867.9295818148058 35.7495258 51.3967464 50
7807469196 974.5718869737104 830.3049498354476 35.7491867 51.3967551 50
7807469236 972.5368369544052 860.4068745060233 35.749458 51.3967326 50
7807469252 976.0642569870237 802.6218307590586 35.7489372 51.3967716 50
7807470140 611.5008742971147 148.4569672314533 35.7430414 51.3927409 50
8647185522 786.7412925763778 837.6723210042279 35.7492531 51.3946784 50
8647185524 788.1341712564292 824.8459940898886 35.7491375 51.3946938 50
8647185528 728.2856113717386 819.7199014994605 35.7490913 51.3940321 50
8718253543 970.3842062681514 856.1795124351546 35.7494199 51.3967088 50
8718253544 966.1965255625925 839.1369188875099 35.7492663 51.3966625 50
8718253545 973.215186961032 834.443548398752 35.749224 51.3967401 50
8718253546 962.7324181970137 851.7857187860146 35.7493803 51.3966242 50
