27585289 1649357184
1649357184 6463530421
6463530421 1649357190
1649357190 1649357193
1649357193 1649357197
1649357197 6463530445
6463530445 1649357200
1649357200 6463530446
6463530446 1649357202
1649357202 1649357204
1649357204 6463530425
6463530425 1649357205
1649357205 6463530434
6463530434 1649357206
1649357206 6463530438
6463530438 1649357207
1649357207 6463530436
6463530436 6463530437
6463530437 6463530430
6463530430 1649357208
1649357208 1649357209
27585290 6463530426
6463530426 6463530427
6463530427 1649357209
1649357209 1649357212
1649357212 27585283
27585283 1649357217
1649414446 5714528103
5714528103 5714528104
5714528104 5714528105
5714528105 1649414460
1649414460 1649414464
1649414464 1649414481
1649414481 1649414483
1649414483 5714528098
5714528098 5714528099
5714528099 1649414470
1649414470 5714528100
5714528100 27648034
27648034 27648033
27648033 1649414441
1649414441 5714528101
5714528101 5714528102
5714528102 27648029
27648029 1649414411
1649414411 1649414437
1649414437 1649414446
1649414590 1649414587
1649414587 1649414584
1649104436 1649104430
1649104430 1649104428
1649104428 27648036
27648036 27647630
27647630 1649104424
1649104424 27647633
27647633 27648037
27648037 27647632
27647632 1649104431
1649104431 1649104437
1649104437 1649104445
1649104445 1649104447
1649104447 1649104451
1649104451 1649104455
1649104455 1649104459
1649104459 1649104463
1649104463 1649104469
1649104469 1649104466
1649104466 1649104461
1649104461 1649104457
1649104457 1649104453
1649104453 1649104449
1649104449 1649414590
1649414590 1649104436
27647633 1649104425
1649104425 27655075
27655075 4596428420
4596428420 5764344477
5764344477 6606173324
6606173324 4607511590
1649414156 1649414257
1649414257 3844298423
3844298423 27648026
27648026 4417574249
4417574249 1649414333
1649414333 6603256862
6603256862 27655073
27585283 1649414156
1649414156 1649414159
1649414159 1649414154
1649104445 8647185528
8647185528 8647185524
8647185524 1659641830
1659641830 8718253544
8718253544 1659641832
1659641832 8718253545
8718253545 7807469196
7807469196 7807469252
7807469252 7807429381
7807429381 711988487
27648029 1649414393
1649414393 1649414375
1649414375 1649414371
1649414371 375907606
375907606 1649414313
1649414313 1649414306
1649414306 375907617
375907617 375907629
375907629 1649414096
1649414096 1649414064
1649414064 1649414052
1649414052 1649414017
1649414017 1649413925
1649413925 1649413846
1649413846 1649413817
1649413817 1649413786
1649413786 1649413767
1649413767 7072016329
7072016329 1649413745
1649413745 1649413688
1649413688 1649413669
1649413669 1649413624
1649413624 1649413568
1649413568 1649413555
1649413555 1649413556
27648036 1649414540
1649414540 1649414526
1649414526 1649414397
1649414397 1649414328
1649414328 1649414264
1649414264 457037449
1649357220 1649357214
1649357214 4044840568
4044840568 1649357213
1649357213 1649357211
1649357211 6463530428
6463530428 1649357203
1649414460 1649414502
1649414502 1649414506
1649414506 1649414516
1649414516 1649414534
1649414534 1649414542
1649414542 1649414560
1649414560 1649414581
5714528058 1649414233
1649414233 5714528051
5714528051 1649414246
1649414246 1649414252
1649414252 1649414254
1649414254 1649414249
1649414249 5714528052
5714528052 5714528053
5714528053 457037449
457037449 1649414230
1649414230 5714528054
5714528054 5714528055
5714528055 1649414211
1649414211 1649414195
1649414195 5714528056
5714528056 1649414190
1649414190 5714528057
5714528057 1649414198
1649414198 1649414226
1649414226 5714528058
1649413556 7807470140
7807470140 1649413558
1649413558 1649413574
1649413574 1649413616
1649413616 1649413648
1649413648 1649413684
1649413684 1649413711
1649413711 1649413720
1649413720 1649413748
1649413748 2169893157
2169893157 1649413760
1649413760 1649413752
1649413752 1649413714
1649413714 1649413695
1649413695 1649413672
1649413672 1649413637
1649413637 1649413611
1649413611 1649413571
1649413571 1649413561
1649413561 1649413556
1649413942 1649413964
1649413551 1649413549
1649413811 1649413830
1649413995 1649413985
1649414511 27648034
1649414114 1649414087
1649414502 1649414451
1649413885 1649413879
27648034 6603256844
6603256844 27655073
1649414384 1649414477
6606173305 1649413955
1649413867 1649413872
1649413714 1649413634
1649413634 1649413630
1649413630 1649413679
1649413679 1649413702
1649413702 1649413741
1649413741 1649413756
1649413756 1649413772
1649413772 1649413802
1649413802 1649413821
1649413821 1649413842
1649413842 1649413922
1649413922 1649414013
1649414013 1649414048
1649414048 1649414057
1649414057 1649414091
1649414091 1649414136
1649414136 1649414239
1649414239 1649414301
1649414301 1649414312
1649414312 1649414318
1649414318 1649414367
1649414367 1649414379
1649414379 1649414460
1649413824 1649413842
1649413842 1649413846
1649413990 1649414013
1649414013 1649414017
1649414364 1649414328
1649414328 1649414322
1649414339 1649414367
1649414367 1649414371
1649414456 1649414397
1649414397 1649414389
1649414178 1649414239
1649414239 375907617
1649414315 1649414318
1649414318 375907606
1649414530 1649414526
1649414526 1649414521
1649413890 1649413919
1649413919 1649413932
1649413932 1649413948
1649413836 1649413827
1649413827 1649413807
1649414593 4612133265
4612133265 1649414511
1649414511 1649414384
1649414384 1649414333
1649414140 1649414145
1649414145 1649414158
1649414158 1649414188
27655073 6603256861
6603256861 1649414400
1649414400 1649414404
1649414404 27648029
1649414125 1649414119
1649414119 1649414136
1649414136 375907629
1649414007 1649414020
1649414020 1649414055
1649414055 1649414077
1649413894 1649413898
1649413898 1649413922
1649413922 1649413925
1649413558 1649413553
1649413553 1649413564
1649413883 1649413876
1649413876 1649413676
1649413676 1649413620
1649414081 1649414071
1649414071 1649413964
1649413964 1649413935
1649413935 1649413872
1649413872 1649413864
1649413864 1649413830
1649413830 4596831647
4596831647 2169893082
1649413777 1649413883
1649414246 1649414260
1649414260 1649414310
1649414310 1649414322
1649414322 1649414389
1649414389 1649414521
1649414521 1649414537
1649414537 1649104424
1649414198 1649414181
1649414181 6603256827
6603256827 6603256828
6603256828 1649414071
1649414071 1649414001
1649414001 1649413942
1649413942 1649413876
1649413876 1649413868
1649413836 1649413885
1649413885 1649413948
1649413948 1649413995
1649413995 1649414077
1649414077 1649414114
1649414114 1649414154
1649414154 1649414188
1649414188 1649414257
1649413711 2169893265
2169893265 2169893009
2169893009 2169893082
2169893082 2169893280
2169893280 2169893022
2169893022 2169893007
2169893007 2169893157
3844298422 3844298423
3844298423 1649357233
1649357213 5200836567
5200836567 4044840546
4044840546 5200836568
5200836568 4044840547
4044840547 5200836569
5200836569 4044840548
4044840548 4044840549
4044840549 5200836574
5200836574 4044840550
4044840550 5200836573
5200836573 4044840551
4044840551 5200836572
5200836572 4044840552
4044840552 5200836571
5200836571 5200836570
5200836570 4044840553
4044840553 4044840567
4044840567 4044840554
4044840554 4044840555
4044840555 4044840556
4044840556 4044840557
4044840557 4044840558
4044840558 4044840559
4044840559 4044840560
4044840560 4044840561
4044840561 4044840562
4044840562 4044840563
4044840563 4044840564
4044840564 4044840565
4044840565 4044840566
4044840566 4044840567
4044840568 4044840569
4044840569 4044840570
4044840570 4044840571
4044840571 4044840572
4044840572 4044840573
4044840573 4044840574
4044840574 4044840575
4044840575 4044840576
4044840576 4044840577
4044840577 4044840584
4044840584 4044840578
4044840578 4044840579
4044840579 4044840580
4044840580 4044840581
4044840580 4044840582
4044840582 4044840583
4044840584 4044840585
4297872649 6463215535
6463215535 4297872650
4297872650 6463215536
6463215536 6463215537
6463215537 4297872651
4297872651 4297872652
4297872652 4417574264
4417574264 4297872653
4297872653 4297872654
4297872654 4297872655
4297872655 1649104469
4417574249 4417574250
1649413832 1649413836
4417574260 6463215541
6463215541 4417574265
4417574265 6463215539
6463215539 4297872651
735011578 6606173310
6606173310 945921877
945921877 1649104437
1649413883 4596428416
4596428416 4596428417
4596428417 6606173304
4596428419 6606173306
6606173306 4596428420
1649413564 1649413549
1649413549 1649413513
1649413513 7072016313
1649413564 1649413644
1649413644 1649413868
1649413620 1649413578
1649413578 1649413608
1649413608 1649413626
1649413626 1649413684
1649413868 1649413883
1649413883 1649413955
1649413955 1649414005
1649414005 4596428419
4596428419 1649414010
1649414010 1649414081
1649414081 6603256829
6603256829 1649414193
1649414193 1649414233
4596831647 4596831648
1649414211 4598538307
4598538307 1649414190
4612133265 4612133266
4044840575 5764393993
5764393993 5764394011
6616948359 6616948358
6616948358 6616948357
6616948357 6616948356
6616948356 6616948355
6616948355 1649413777
1649414581 1649414577
1649414577 1649104436
1649414584 1649414572
1649414572 1649414566
1649414566 27648040
27648040 27648031
27648031 1649414470
26032615 7807469190
7807469190 7807469195
7807469195 7807469236
7807469236 8718253543
8718253543 1659641863
1659641863 8718253546
8718253546 8647185522
8647185522 1649104447
