289946161 53.70745603281338 497.190966861215 35.6693775 139.8057259 50
343051819 504.2181277697532 439.4288956401805 35.6688569 139.8107018 50
343051821 531.8142717339922 162.4572122193371 35.6663606 139.8110066 50
345200362 165.1332249792344 395.5581254503875 35.6684615 139.8069566 50
345200363 294.8477769991047 421.7319107001396 35.6686974 139.8083893 50
345200364 394.6031294225198 423.5182521271078 35.6687135 139.8094911 50
345200553 304.7798537500237 434.2917771274253 35.6688106 139.808499 50
345200971 274.2774229710477 296.5881532467658 35.6675695 139.8081621 50
345200972 293.5259144609606 294.5577154761038 35.6675512 139.8083747 50
345202026 259.7369350422476 145.2373246799704 35.6662054 139.8080015 50
345202075 130.9006067635361 85.1119570367556 35.6656635 139.8065785 50
345569208 354.3768605165072 711.3078417021809 35.6713073 139.8090468 50
345570932 170.8552600805919 371.6366837387411 35.6682459 139.8070198 50
345570933 226.5907791869833 369.9945810602231 35.6682311 139.8076354 50
345570934 241.6654444408851 300.0387879277965 35.6676006 139.8078019 50
345571032 133.852162844635 230.1606618143636 35.6669708 139.8066111 50
345571114 135.056325293924 301.8473199310151 35.6676169 139.8066244 50
345571119 249.8229660015593 228.307748657233 35.6669541 139.807892 50
345571278 274.7029540624096 20.77037981705269 35.6650836 139.8081668 50
348278555 312.6476520115106 359.2210560599055 35.668134 139.8085859 50
348278559 522.9143342266375 229.916565469964 35.6669686 139.8109083 50
348279143 342.2537513414006 114.6032335072134 35.6659293 139.8089129 50
348279144 540.6327245591311 138.990677330703 35.6661491 139.811104 50
348279395 422.22643494289 124.4225637090056 35.6660178 139.8097962 50
348279592 510.8998712875742 320.9866923583808 35.6677894 139.8107756 50
348280219 431.7510883080703 45.50177757877429 35.6653065 139.8099014 50
727432230 165.3776790097561 378.2605708913217 35.6683056 139.8069593 50
727432271 137.2835731316619 394.3376437298006 35.6684505 139.806649 50
727432317 392.5931740568686 369.9058187538103 35.6682303 139.8094689 50
727432329 360.6330729429665 495.1938149556341 35.6693595 139.8091159 50
727438560 294.6395383821333 498.400353292971 35.6693884 139.808387 50
1305545471 552.9821800614399 699.2805491154894 35.6711989 139.8112404 50
1305545476 709.7858602742751 408.2289447617479 35.6685757 139.8129723 50
1305545478 575.6982972519301 824.8015463728821 35.6723302 139.8114913 50
1305545480 584.4714808153145 869.6597972269874 35.6727345 139.8115882 50
1305545486 1025.303583689276 471.8160423734129 35.6691488 139.8164572 50
1305545488 722.6876008073089 646.1563084302854 35.6707201 139.8131148 50
1305545489 1035.371468230066 264.1677206484521 35.6672773 139.8165684 50
1305545491 529.22486977227 570.6528711167095 35.6700396 139.810978 50
1305545492 518.8038849603076 373.4341204538345 35.6682621 139.8108629 50
1305545493 1317.715874229064 373.8557414110597 35.6682659 139.8196869 50
1305545494 929.5500342938436 255.1028700554037 35.6671956 139.8153996 50
1305545497 508.382900150649 403.5467330727109 35.6685335 139.8107478 50
1305545498 745.1230485583344 349.6902033550136 35.6680481 139.8133626 50
1305545501 1031.125211169258 361.5510666155932 35.668155 139.8165215 50
1305545503 524.7613202393753 322.6731761893994 35.6678046 139.8109287 50
1305545505 332.0681667071485 471.3722308385257 35.6691448 139.8088004 50
1305545508 892.3658599993503 465.2920128153704 35.66909 139.8149889 50
1305545518 725.8836109189294 579.3293866162024 35.6701178 139.8131501 50
1305545523 851.0893441441503 252.2846668116225 35.6671702 139.814533 50
1305545530 783.1492311850438 81.86103754621229 35.6656342 139.8137826 50
1305545531 541.4294636226815 636.6809321681368 35.6706347 139.8111128 50
1305545536 717.4454199164869 755.8554244810182 35.6717088 139.8130569 50
1305545538 716.7573270889799 346.00656761912 35.6680149 139.8130493 50
1305545542 714.9737180459235 807.5039918138161 35.6721743 139.8130296 50
1305545543 1321.355523137669 247.9353137726922 35.667131 139.8197271 50
1305545548 534.802043224034 600.8209601762118 35.6703115 139.8110396 50
1305545552 318.3968486689993 449.5810844927852 35.6689484 139.8086494 50
1305545554 624.8878806349787 428.9993245780948 35.6687629 139.8120346 50
1305545558 719.726990875702 708.0125410577255 35.6712776 139.8130821 50
1305545559 550.8183091933835 52.99109722417307 35.665374 139.8112165 50
1305545561 669.9941763124364 67.25963806013937 35.6655026 139.8125328 50
1305545562 535.4720283459177 231.4588105532382 35.6669825 139.811047 50
1305545565 626.6081127083536 446.8960247086232 35.6689242 139.8120536 50
1305545566 543.3941497265781 163.9661714368243 35.6663742 139.8111345 50
1305545568 563.5842419319388 758.673627726211 35.6717342 139.8113575 50
1305545572 516.621906386628 437.4206484464744 35.6688388 139.8108388 50
1305545578 729.3150212082601 507.5650614812633 35.669471 139.813188 50
1305545581 286.8803863566898 356.6802350241937 35.6681111 139.8083013 50
1305545582 304.644045950938 203.121444072499 35.6667271 139.8084975 50
1305545587 1314.429325587023 482.4564239141112 35.6692447 139.8196506 50
1305545590 315.5448849734358 111.47436218887 35.6659011 139.8086179 50
1351794282 636.5582971602885 1276.734831999016 35.6764034 139.8121635 50
1672793206 724.3263482030752 611.8718673874217 35.6704111 139.8131329 50
1760454249 789.0432894898225 76.53529913180057 35.6655862 139.8138477 50
1760454252 497.3371994831648 388.2463304185201 35.6683956 139.8106258 50
1760454254 499.9266014448868 385.1396496771328 35.6683676 139.8106544 50
1760454277 504.3267740034928 370.8267276879602 35.6682386 139.810703 50
1798899516 126.0930108168878 79.95264794775005 35.665617 139.8065254 50
1798899517 128.0305353600457 80.42974534701278 35.6656213 139.8065468 50
1798899518 129.560636517465 81.43941658828118 35.6656304 139.8065637 50
1798899520 20.66089256078089 82.26046792718739 35.6656378 139.8053609 50
1798899521 130.5746680531022 83.10370984375538 35.6656454 139.8065749 50
1798899522 132.1590923319987 147.2344765848455 35.6662234 139.8065924 50
1798899525 24.51783394147353 304.4436174087643 35.6676403 139.8054035 50
1798899528 233.6618383826162 363.0600258337862 35.6681686 139.8077135 50
1798899530 232.9737455551092 367.2762354116857 35.6682066 139.8077059 50
1798899531 232.358083552399 368.6631464576789 35.6682191 139.8076991 50
1798899532 231.1358133974867 369.5174836609604 35.6682268 139.8076856 50
1798899533 229.2254504104599 369.850342311773 35.6682298 139.8076645 50
1798899534 167.6139807049131 373.0457853609846 35.6682586 139.806984 50
1798899535 165.9842871619583 375.2204618800969 35.6682782 139.806966 50
1798899539 493.4078272776754 388.8232854137323 35.6684008 139.8105824 50
1798899540 152.5212077430843 394.0713568098564 35.6684481 139.8068173 50
1798899541 175.6900175856752 398.7424732107683 35.6684902 139.8070732 50
1798899543 221.502513796263 412.5561072237221 35.6686147 139.8075792 50
1798899544 259.4653194509872 415.1634999881849 35.6686382 139.8079985 50
1798899546 282.91479873765 419.6459964881459 35.6686786 139.8082575 50
1798899547 368.7543790900905 420.6112865755022 35.6686873 139.8092056 50
1798899548 352.575143765524 420.8886687849832 35.6686898 139.8090269 50
1798899549 382.55245107221 421.5876719509836 35.6686961 139.809358 50
1798899551 168.6370660933619 423.8733013541706 35.6687167 139.8069953 50
1798899552 406.9254233640897 425.2602124001638 35.6687292 139.8096272 50
1798899554 438.6772858587168 429.7538041868385 35.6687697 139.8099779 50
1798899555 362.7154591357181 437.3873625813932 35.6688385 139.8091389 50
1798899557 371.5791812272189 454.1190574333721 35.6689893 139.8092368 50
1798899558 322.914721318764 456.3048292413152 35.669009 139.8086993 50
1798899559 435.8524837192847 457.6584544215214 35.6690212 139.8099467 50
1798899561 325.4407463085009 460.9981362191832 35.6690513 139.8087272 50
1798899563 327.7675865294705 465.236536373333 35.6690895 139.8087529 50
1798899571 370.8096037221035 484.4979569736042 35.6692631 139.8092283 50
1798899572 343.92871414611 484.8197203355858 35.669266 139.8089314 50
1798899573 404.0734596662228 484.9084826427044 35.6692668 139.8095957 50
1798899574 330.7372503161927 485.0527213904488 35.6692681 139.8087857 50
1798899575 435.6714066584444 485.3079130236794 35.6692704 139.8099447 50
1798899576 303.4036680904023 486.2177266689984 35.6692786 139.8084838 50
1798899577 513.7337272775144 486.2842983991609 35.6692792 139.8108069 50
1798899579 293.4353759305405 486.4618230133981 35.6692808 139.8083737 50
1798899580 213.4083692098777 489.5019320253286 35.6693082 139.8074898 50
1798899582 180.2622133546134 491.5878462380281 35.669327 139.8071237 50
1798899583 626.3274432619779 492.5642316135095 35.6693358 139.8120505 50
1798899596 515.7346287949613 497.6347783953964 35.6693815 139.810829 50
1798899597 729.785821565984 497.6902548367279 35.669382 139.8131932 50
1798899602 890.4011738954537 505.0686215994637 35.6694485 139.8149672 50
1798899613 1023.547136204655 511.8367475004944 35.6695095 139.8164378 50
1798899636 1313.813663584313 526.5934810245542 35.6696425 139.8196438 50
1847701599 1050.446133486271 0 35.6648964 139.8167349 50
1847701610 1037.725470014078 139.0350584846151 35.6661495 139.8165944 50
1947552220 21.72019336277999 149.6199635832762 35.6662449 139.8053726 50
1947552221 0 149.4868201229512 35.6662437 139.8051327 50
1947552222 23.03300204811247 232.3131477572256 35.6669902 139.8053871 50
1947552223 2.77047902025862 232.6016252541258 35.6669928 139.8051633 50
1947771249 535.9609364069611 48.06478919073635 35.6653296 139.8110524 50
1947771316 575.7707280767269 391.475059332813 35.6684247 139.8114921 50
1947771319 36.49608146929015 397.1336563980373 35.6684757 139.8055358 50
1947791305 523.9283657645783 541.9826459851578 35.6697812 139.8109195 50
1947791309 321.1311122780113 592.8323525552998 35.6702395 139.8086796 50
2367334283 173.281692687097 491.8874190230536 35.6693297 139.8070466 50
2367334285 69.3615678804824 496.2922485033154 35.6693694 139.8058988 50
2367334377 643.4935485637467 1184.876939636775 35.6755755 139.8122401 50
2378694431 1185.176520072065 236.0189740700754 35.6670236 139.818223 50
2378694438 1181.328632544184 237.1174076184625 35.6670335 139.8181805 50
2378694440 1035.724568496631 225.9555475245893 35.6669329 139.8165723 50
2669656052 721.4653306523965 671.6421858021623 35.6709498 139.8131013 50
2669859288 182.3083841315111 400.7396251163491 35.6685082 139.8071463 50
2669859292 237.2381103215405 334.8668981022029 35.6679145 139.807753 50
2669859315 135.9073874743443 337.0082887555282 35.6679338 139.8066338 50
2669859321 288.1931950420222 420.56690542159 35.6686869 139.8083158 50
2669865810 289.6146499633981 420.8110017666955 35.6686891 139.8083315 50
4038586573 643.1132867364429 1192.754594375024 35.6756465 139.8122359 50
5713397547 761.8274073551909 264.700294490458 35.6672821 139.8135471 50
5838482771 572.4570178762513 417.4602246794969 35.6686589 139.8114555 50
5884379124 642.4614093201825 1200.887440745797 35.6757198 139.8122287 50
6184115144 297.3375865775951 508.0199683035698 35.6694751 139.8084168 50
6184115155 85.3778338498319 495.4268160112029 35.6693616 139.8060757 50
6269628997 389.0169021179443 399.5302386845931 35.6684973 139.8094294 50
6269640531 441.9547806433385 403.2249697093177 35.6685306 139.8100141 50
6950216640 636.9838282516504 1271.231568971074 35.6763538 139.8121682 50
6950216643 642.2260091424723 1203.849882738734 35.6757465 139.8122261 50
6950234127 1313.940417525979 517.3178199521872 35.6695589 139.8196452 50
6950234130 1310.57238420633 482.312185165661 35.6692434 139.819608 50
6950234132 1314.35689476453 487.8931152118919 35.6692937 139.8196498 50
6950234133 1318.865713561483 482.6450438157678 35.6692464 139.8196996 50
6950234134 1314.655671914225 476.3873011797868 35.66919 139.8196531 50
6950234136 1311.360069421676 373.5894544911156 35.6682635 139.8196167 50
6950234139 1030.518603019359 373.0014042070724 35.6682582 139.8165148 50
6950234140 1041.27458038996 361.9837828623552 35.6681589 139.8166336 50
6950234142 1035.634029968515 235.9413070517876 35.6670229 139.8165713 50
6950234143 1044.280459590232 226.6101695380891 35.6669388 139.8166668 50
6950234144 1031.577903821358 351.2213531494571 35.6680619 139.8165265 50
6950234145 1024.054151973625 500.2865523144771 35.6694054 139.8164434 50
6950234151 1033.777990100661 472.1267104472693 35.6691516 139.8165508 50
6950234152 1015.688391795979 471.3389449741503 35.6691445 139.816351 50
6950259542 1009.450287075143 511.115553756832 35.669503 139.8162821 50
6951318369 626.3727125283398 484.9417685077857 35.6692671 139.812051 50
6951318373 890.7542741643225 497.9121606048773 35.669384 139.8149711 50
6951332194 625.4130041095725 426.336455370889 35.6687389 139.8120404 50
6951332249 286.2375627909373 420.2229514826523 35.6686838 139.8082942 50
6951332257 735.6255567561965 456.2826386643591 35.6690088 139.8132577 50
6951332261 740.3154526116861 456.537830296884 35.6690111 139.8133095 50
6952152241 642.2622245560226 1178.197576042157 35.6755153 139.8122265 50
6960068431 1160.097347247055 367.0876155093233 35.6682049 139.817946 50
6964069480 1372.355877122209 485.4521517728354 35.6692717 139.8202904 50
6964069481 1378.177504604495 484.0985265926292 35.6692595 139.8203547 50
6964069482 1524.795600187685 492.3423258460659 35.6693338 139.8219741 50
6964069483 1519.381396091138 492.0427530603346 35.6693311 139.8219143 50
6965500101 1176.674952097637 236.7623583906937 35.6670303 139.8181291 50
6970693260 1134.529266356394 233.5336294771067 35.6670012 139.8176636 50
6986269512 1317.46236634573 382.4545898929709 35.6683434 139.8196841 50
6986269513 1319.988391335467 295.278909220472 35.6675577 139.819712 50
6986383186 935.072884626434 87.63058749551129 35.6656862 139.8154606 50
6986383192 761.782138088829 266.2425395723207 35.667296 139.8135466 50
6986383193 762.1714537689444 251.4636154720106 35.6671628 139.8135509 50
6986383194 762.4249616522777 249.4331777020542 35.6671445 139.8135537 50
6986383208 742.941069982351 429.7538041868385 35.6687697 139.8133385 50
6987887341 1048.599147473534 20.14904366792825 35.665078 139.8167145 50
6989089420 666.6351968479025 90.33783785592345 35.6657106 139.8124957 50
6989089421 730.7817453959979 254.2707234283724 35.6671881 139.8132042 50
6989089422 391.8054888438262 376.4520388881032 35.6682893 139.8094602 50
6989089424 669.8040453987844 402.6036335616049 35.668525 139.8125307 50
6989089426 732.7735930583294 203.5763508948056 35.6667312 139.8132262 50
6989089430 565.2954201478947 70.0223648632948 35.6655275 139.8113764 50
6989089433 721.8184309189616 301.048459169065 35.6676097 139.8131052 50
6989089434 726.997234840102 254.9808218839096 35.6671945 139.8131624 50
6989089435 756.3498262866589 256.9114020586221 35.6672119 139.8134866 50
6989089436 762.0175382688428 257.4994523426653 35.6672172 139.8135492 50
6989089437 738.6133282462382 163.3448352884056 35.6663686 139.8132907 50
6989089438 628.9892760461931 397.7771831234119 35.6684815 139.8120799 50
6989089439 636.5220817490418 336.2538091467845 35.667927 139.8121631 50
6989089440 641.9000704320384 292.3497530926161 35.6675313 139.8122225 50
6989089441 647.6673747997578 245.2391587004051 35.6671067 139.8122862 50
6989089442 658.8941525257786 153.5366003754445 35.6662802 139.8124102 50
6989089443 695.9334651752857 251.1640426862793 35.6671601 139.8128193 50
6989089445 762.3887462410312 166.2739914169674 35.666395 139.8135533 50
6989089446 617.2916979647522 148.4216724389396 35.6662341 139.8119507 50
6989089447 583.6113647820825 329.8185418965664 35.667869 139.8115787 50
6989089448 595.2002966297838 238.7927961613559 35.6670486 139.8117067 50
6989089449 429.8407253210436 61.30146820918389 35.6654489 139.8098803 50
6989089450 320.0808653288238 297.7864443903967 35.6675803 139.808668 50
6989089451 331.1446737019314 206.3723635623365 35.6667564 139.8087902 50
6989089452 400.1259797551099 307.5170122850703 35.667668 139.8095521 50
6989089453 411.1445188664629 216.1916937648345 35.6668449 139.8096738 50
6989089454 525.4856284804326 137.1266688854472 35.6661323 139.8109367 50
6989089455 532.9097879472379 74.0055733856255 35.6655634 139.8110187 50
6989089456 444.3812132498435 382.9094967159832 35.6683475 139.8100409 50
6989089457 394.9652835418965 350.2560630621008 35.6680532 139.8094951 50
6989089458 447.5319540951023 356.4694245462869 35.6681092 139.8100757 50
6989089459 452.611165633011 313.8968030946627 35.6677255 139.8101318 50
6989089463 343.6027754379797 114.7696628326196 35.6659308 139.8089278 50
6989089464 602.1898711478082 89.70540641937976 35.6657049 139.8117839 50
6989089465 555.0102431350178 140.7548281807152 35.666165 139.8112628 50
6989089466 563.2583032215049 84.9899088652615 35.6656624 139.8113539 50
6989089468 592.2215789879464 88.49601998832958 35.665694 139.8116738 50
6989089469 580.4244085232737 143.8836994997642 35.6661932 139.8115435 50
6989089470 587.7489756045435 87.96344614632375 35.6656892 139.8116244 50
6989089473 686.0466576930324 342.2785507286083 35.6679813 139.8127101 50
6989089474 692.1942238857519 297.819730255478 35.6675806 139.812778 50
6989089475 581.085339790042 237.0619311771309 35.667033 139.8115508 50
6989089476 594.2405882110164 145.5812786189081 35.6662085 139.8116961 50
6989089477 359.7639030546193 302.6128948285897 35.6676238 139.8091063 50
6989089478 369.7321952144811 211.1100516941166 35.6667991 139.8092164 50
6989089480 375.6986843463603 211.8423407259042 35.6668057 139.8092823 50
6989089483 340.2347421206343 300.2385031189899 35.6676024 139.8088906 50
6989111586 450.6464795314181 313.663802039094 35.6677234 139.8101101 50
6989111589 470.7007639399968 130.3918288494978 35.6660716 139.8103316 50
6989111590 479.7184015362066 224.6130176325083 35.6669208 139.8104312 50
6989111594 515.0918052292088 384.2964077612706 35.66836 139.8108219 50
6989111595 505.3226978335068 363.3152174656053 35.6681709 139.810714 50
6989111611 764.8604481115946 166.5735642026985 35.6663977 139.8135806 50
6989111620 761.0125605814098 272.9219031676444 35.6673562 139.8135381 50
6989111633 739.0207516319769 412.3342014562785 35.6686127 139.8132952 50
6990525445 533.3353190362961 323.716133295749 35.667814 139.8110234 50
6990525448 544.4715582342005 232.5683393890447 35.6669925 139.8111464 50
6990525454 496.9207222469182 362.3166415131677 35.6681619 139.8106212 50
6990525457 502.5250572571168 319.9659258296929 35.6677802 139.8106831 50
6990525464 553.7698652721785 140.599494143434 35.6661636 139.8112491 50
6990525475 528.2289459422561 137.4595275369655 35.6661353 139.810967 50
6990531690 331.9685743262204 199.5820470843497 35.6666952 139.8087993 50
6990531695 594.3492344447561 245.5054456210551 35.6671091 139.8116973 50
6990531724 399.1753251891543 350.7553510376138 35.6680577 139.8095416 50
6990531738 716.3136882919946 349.9453949875386 35.6680504 139.8130444 50
6990531744 452.1494191327062 317.7579634447936 35.6677603 139.8101267 50
6990531764 583.0681335995619 334.1124184927535 35.6679077 139.8115727 50
6990531768 717.273396710762 341.4020229476648 35.6679734 139.813055 50
6990531771 584.1183805487493 325.846428661655 35.6678332 139.8115843 50
6990531776 711.88635417265 345.4185173350769 35.6680096 139.8129955 50
6990531778 726.4358959542618 259.9515110705527 35.6672393 139.8131562 50
6990531780 721.800323215642 254.3372951578291 35.6671887 139.813105 50
6990531783 708.744667180203 159.6722948406372 35.6663355 139.8129608 50
6990531786 737.9342892715429 168.0381422662737 35.6664109 139.8132832 50
6990531819 624.5981573380951 397.2557045702371 35.6684768 139.8120314 50
6990531838 645.9199811679481 292.7824693386724 35.6675352 139.8122669 50
6990531847 632.8824328404361 398.2320899457185 35.6684856 139.8121229 50
6990531848 630.9086928837278 335.5659012682033 35.6679208 139.8121011 50
6990531849 642.0268243760089 336.9195264484096 35.667933 139.8122239 50
6990531850 635.9335813047667 341.0580690080213 35.6679703 139.8121566 50
6990531851 637.1196360461288 331.3829775546794 35.6678831 139.8121697 50
6990531852 646.5628047337005 254.2374375632911 35.6671878 139.812274 50
6990531853 649.1793682492502 232.9011980398571 35.6669955 139.8123029 50
6990531854 641.29346228214 244.4513932265802 35.6670996 139.8122158 50
6990531856 654.0412873150721 246.0158288861048 35.6671137 139.8123566 50
6990531858 648.6995140410183 236.8289301208564 35.6670309 139.8122976 50
6990531861 665.3404958681933 154.3354611373945 35.6662874 139.8124814 50
6990531862 652.556455421711 152.7599301897448 35.6662732 139.8123402 50
6990531864 658.1426827262864 159.6501042636811 35.6663353 139.8124019 50
6990531865 659.6275146196475 147.5340493705768 35.6662261 139.8124183 50
6990531867 524.8428049192875 385.450317751695 35.6683704 139.8109296 50
6990531870 399.3473483971828 313.9966606899064 35.6677264 139.8095435 50
6990531871 394.5216447449113 306.8401996953202 35.6676619 139.8094902 50
6990531872 405.7755840339743 308.2049201636514 35.6676742 139.8096145 50
6990531874 399.4469407804146 313.1423234859191 35.6677187 139.8095446 50
6990531877 400.8321802928477 301.6808906063147 35.6676154 139.8095599 50
6990531878 405.2142451481341 215.4594047330469 35.6668383 139.8096083 50
6990531879 417.0295233184299 216.9128875077911 35.6668514 139.8097388 50
6990531882 410.1576488892607 224.3467307118583 35.6669184 139.8096629 50
6990531887 412.1676042549118 207.7148934551232 35.6667685 139.8096851 50
6990531888 341.6924124532567 119.2077781779627 35.6659708 139.8089067 50
6990531892 388.3378631409453 369.339959047429 35.6682252 139.8094219 50
6990531893 396.0064766382723 376.973517441278 35.668294 139.8095066 50
6990531896 330.329826930454 213.1293941759478 35.6668173 139.8087812 50
6990531900 421.55644982331 129.9591126027358 35.6660677 139.8097888 50
6990531901 423.358166569686 115.0803309071817 35.6659336 139.8098087 50
6990531905 416.7579077294732 123.7457511185495 35.6660117 139.8097358 50
6990531909 427.6678006024791 125.0882810106306 35.6660238 139.8098563 50
6990531911 422.8149353894689 119.540636829481 35.6659738 139.8098027 50
6990531913 512.6019956507184 308.0939672802826 35.6676732 139.8107944 50
6990531914 526.2733136911713 309.7582605350509 35.6676882 139.8109454 50
6990531916 509.0709929804597 228.21898635082 35.6669533 139.8107554 50
6990531917 554.3493118636421 233.7777258208006 35.6670034 139.8112555 50
6990531921 514.5666817546149 228.8957989412761 35.6669594 139.8108161 50
6990531926 521.6920640694213 239.192226542331 35.6670522 139.8108948 50
6990531927 534.376512132672 240.7566622018556 35.6670663 139.8110349 50
6990531930 524.100388972607 220.9182866070779 35.6668875 139.8109214 50
6990531931 536.5313291456131 222.4494364015212 35.6669013 139.8110587 50
6990531935 530.6372708408344 171.3556334869794 35.6664408 139.8109936 50
6990531936 542.3620104830139 172.7980209743041 35.6664538 139.8111231 50
6990531949 563.9282883433885 80.06360083182477 35.665618 139.8113613 50
6990531950 532.6472262087892 76.22463105794418 35.6655834 139.8110158 50
6990531960 555.8250899041916 140.8546857759589 35.6661659 139.8112718 50
6990597522 541.1397403281015 183.1832108831834 35.6665474 139.8111096 50
6990597525 511.7509334702982 438.2084139202993 35.6688459 139.810785 50
6990597529 625.6393504344709 425.1825453818761 35.6687285 139.8120429 50
6992387509 1034.275952019124 289.2763582156043 35.6675036 139.8165563 50
7006338163 1022.551212372337 263.0692871007709 35.6672674 139.8164268 50
7006338169 523.0048727547539 536.9675756446024 35.669736 139.8109093 50
7006338177 548.6997075870814 676.0692058586744 35.6709897 139.8111931 50
7006338181 721.0126380049032 681.2396102358051 35.6710363 139.8130963 50
7126331935 603.6113260714877 971.825212479115 35.6736553 139.8117996 50
7126331938 597.9164525308689 941.4352176507575 35.6733814 139.8117367 50
7126331939 595.1188119498717 926.500959513872 35.6732468 139.8117058 50
7126331959 604.9060270511969 978.7486724174266 35.6737177 139.8118139 50
8256366820 187.5958342886949 267.0635909119326 35.6673034 139.8072047 50
8256366823 134.4678248473451 266.5864935119641 35.6672991 139.8066179 50
8728995515 47.21584342634045 396.834083612306 35.668473 139.8056542 50
8728995516 33.62601006579978 304.2217116413207 35.6676383 139.8055041 50
8729004319 129.8322521087254 302.0026539682962 35.6676183 139.8065667 50
