1798899544 1798899543
1798899543 2669859288
2669859288 1798899541
1798899541 345200362
345200362 1798899540
1798899540 727432271
727432271 8728995515
8728995515 1947771319
1798899541 1798899551
345200363 345200553
345200553 1305545552
1305545552 1798899558
1798899558 1798899561
1798899561 1798899563
1798899563 1305545505
1305545505 1798899572
1798899572 727432329
1798899525 8728995516
8728995516 8729004319
8729004319 345571114
345571114 345570934
345570934 345200971
6989111595 1760454254
1760454254 1760454252
1760454252 1798899539
1798899539 6989089456
6989089456 6990531893
6990531893 6989089422
1947552221 1947552220
1947552220 1798899522
1798899522 345202026
1798899522 345202075
345202075 1798899521
1798899521 1798899518
1798899518 1798899517
1798899517 1798899516
1798899516 1798899520
345569208 1947791309
1947791309 6184115144
6184115144 727438560
727438560 1798899579
345200362 727432230
727432230 1798899535
1798899535 1798899534
1798899534 345570932
345570932 345570933
345570933 1798899533
1798899533 1798899532
1798899532 1798899531
1798899531 1798899530
1798899530 1798899528
1798899528 2669859292
2669859292 345570934
345570934 345571119
345571119 345202026
345202026 345571278
727432271 2669859315
2669859315 345571114
345571114 8256366823
8256366823 345571032
727432317 6990531892
6990531892 348278555
1305545582 6989089451
6989089451 6989089478
6989089478 6989089480
6989089480 6990531878
6990531878 6989089453
6989089453 6990531879
6990531879 6989111590
6989111590 6990531916
6990531916 6990531921
6990531921 348278559
348278559 1305545562
1305545562 6990525448
6990525448 6990531917
6990531917 6989089475
6989089475 6989089448
6989089448 6990531854
6990531854 6989089441
6989089441 6990531856
6990531856 6989089443
6989089443 6990531780
6990531780 6989089434
6989089434 6989089421
6989089421 6989089435
6989089435 6989089436
348280219 6989089449
6989089449 6990531901
6990531901 6990531911
6990531911 348279395
348278555 6989089450
6989089450 6990531896
6990531896 6989089451
6989089451 6990531690
6990531690 6990531888
6990531888 348279143
1305545543 6986269513
6986269513 1305545493
1305545493 6986269512
6986269512 6950234134
6950234134 1305545587
1305545587 6950234132
6950234132 6950234127
6950234127 1798899636
6989111633 1305545476
1305545476 6990531738
6990531738 1305545538
1305545538 6990531768
6990531768 6989089433
6989089433 6990531778
6990531778 6989089434
6989089434 6989089426
6989089426 6990531786
6990531786 6989089437
1305545501 6950234140
6950234140 6960068431
6960068431 6950234136
6950234136 1305545493
1305545561 6989089420
6989089420 6990531865
6990531865 6989089442
6989089442 6990531864
6990531864 6990531853
6990531853 6990531858
6990531858 6989089441
6989089441 6990531852
6990531852 6989089440
6989089440 6990531851
6990531851 6989089439
6989089439 6990531850
6990531850 6989089438
6989089438 6990597529
6990597529 6951332194
6951332194 1305545554
1798899597 1305545578
1305545578 1305545518
1305545518 1672793206
1672793206 1305545488
1305545488 2669656052
2669656052 7006338181
7006338181 1305545558
1305545558 1305545536
1305545536 1305545542
6989089457 6990531724
6990531724 6989089458
6989089458 6990525454
6990525454 6989111595
6989089464 6989089468
6989089468 6989089470
6989089470 6989089466
6989089459 6990531744
6990531744 6989089458
6989089458 6989089456
6989089456 6269640531
1798899576 1798899579
1798899579 1798899580
1798899580 1798899582
1798899582 2367334283
2367334283 6184115155
6184115155 2367334285
2367334285 289946161
1798899574 1798899576
1305545508 6951318373
6951318373 1798899602
1798899555 1798899557
348278555 1305545581
1305545538 1305545498
1798899583 6951318369
6951318369 1305545565
1798899546 1798899544
1798899573 1798899552
1798899546 6951332249
6951332249 2669859321
2669859321 2669865810
2669865810 345200363
345200363 1798899548
1798899548 1798899547
1798899547 1798899549
1798899549 345200364
345200364 1798899552
1798899552 1798899554
1798899554 343051819
727432317 6989089422
6989089422 6269628997
1798899563 1798899555
1798899555 1798899549
1798899575 1798899559
1798899559 1798899554
348279395 6990531900
6990531900 6990531887
6990531887 6989089453
6989089453 6990531882
6990531882 6990531877
6990531877 6989089452
6989089452 6990531874
6990531874 6990531870
6990531870 6989089457
6989089457 727432317
1847701610 6987887341
6987887341 1847701599
345200971 345200972
345200972 6989089450
6989089450 6989089483
6989089483 6989089477
6989089477 6990531871
6990531871 6989089452
6989089452 6990531872
6990531872 6989111586
6989111586 6989089459
6989089459 6990525457
6990525457 348279592
348279592 1305545503
1305545503 6990525445
6990525445 6989089447
6989089447 6990531848
6990531848 6989089439
6989089439 6990531849
6990531849 6989089473
6989089473 6990531776
6990531776 1305545538
348279144 1305545559
5838482771 1947771316
6989089433 6989089474
6989089474 6990531838
6990531838 6989089440
1947771316 6990531764
6990531764 6989089447
6989089447 6990531771
6990531771 6990531695
6990531695 6989089448
6989089454 6990531950
6990531950 6989089455
6989089455 1947771249
1305545476 6989089424
6989089424 6990531847
6990531847 6989089438
6989089438 6990531819
6990531819 1947771316
1947771316 6990531867
6990531867 6989111594
348279144 343051821
343051821 6990531935
6990531935 6990531930
6990531930 348278559
348278559 6990531926
6990531926 6990531913
6990531913 348279592
348279592 6989111595
6989111595 1760454277
1760454277 1305545497
1351794282 6950216640
6950216640 6950216643
6950216643 5884379124
5884379124 4038586573
4038586573 2367334377
2367334377 6952152241
6952152241 7126331959
7126331959 7126331935
7126331935 7126331938
7126331938 7126331939
7126331939 1305545480
1305545480 1305545478
1305545478 1305545568
1305545568 1305545471
1305545471 7006338177
7006338177 1305545531
1305545531 1305545548
1305545548 1305545491
1305545491 1947791305
1947791305 7006338169
7006338169 1798899596
1798899596 1798899577
1798899577 343051819
343051819 1305545497
1305545489 7006338163
7006338163 1305545494
1305545494 1305545523
6986383186 1760454249
1760454249 1305545530
1305545530 6986383194
6986383194 6986383193
6986383193 6989089436
6989089436 5713397547
5713397547 6986383192
6986383192 6989111620
6989111620 6986383208
2378694431 2378694438
2378694438 6965500101
6965500101 6970693260
6970693260 6950234143
6950234143 2378694440
1798899613 6950234145
6950234145 1305545486
1305545486 6950234139
6950234139 1305545501
1305545501 6950234144
6950234144 6992387509
6992387509 1305545489
1305545489 6950234142
6950234142 2378694440
2378694440 1847701610
1798899613 6950259542
6950259542 1798899602
1798899602 1798899597
1798899597 1798899583
1798899583 1798899577
1798899577 1798899575
1798899575 1798899573
1798899573 1798899571
1798899571 1798899572
1798899572 1798899574
6989111611 6989089445
6989089445 6989089437
6989089437 6990531783
6990531783 6990531861
6990531861 6989089442
6989089442 6990531862
6990531862 6989089446
6989089446 6989089476
6989089476 6989089469
6989089469 6990531960
6990531960 6989089465
6989089465 6990525464
6990525464 348279144
348279144 6990525475
6990525475 6989089454
6989089454 6989111589
6989111589 6990531909
6990531909 348279395
348279395 6990531905
6990531905 6989089463
6989089463 348279143
348279143 1305545590
1305545497 6989111594
6989111594 1305545492
1305545492 1305545503
1305545503 6990531914
6990531914 6990531927
6990531927 1305545562
1305545562 6990531931
6990531931 6990597522
6990597522 6990531936
6990531936 1305545566
1305545566 348279144
6989089430 6990531949
6990531949 6989089466
6989089466 6990531960
1305545486 6950234152
6950234152 1305545508
1305545508 6951332261
6951332261 6951332257
6951332257 1305545565
1305545565 1305545572
1305545572 6990597525
6990597525 343051819
1305545486 6950234151
6950234151 6950234130
6950234130 1305545587
1305545587 6950234133
6950234133 6964069480
6964069480 6964069481
6964069481 6964069483
6964069483 6964069482
1947552223 1947552222
1947552222 345571032
345571032 345571119
8256366823 8256366820
