1663949398 538.1003536382176 910.7669006742705 22.5864354 88.4241583 50
1663949402 547.0570385489789 916.5363645352971 22.5864875 88.4242454 50
1663949442 1061.403153215881 1243.125670081342 22.5894367 88.42924720000001 50
1663949448 1069.681145583484 1248.607214440867 22.5894862 88.4293277 50
1664472100 737.8313421846452 152.4423023242978 22.5795875 88.4261006 50
1664472105 742.7055886241893 164.8339147251645 22.5796994 88.426148 50
1664545446 0 592.1728982136653 22.5835584 88.4189255 50
1673636057 801.6695740186851 1088.368937916513 22.5880392 88.42672140000001 50
1684336108 641.6215327414166 638.7383407004548 22.5839789 88.42516500000001 50
1684336109 858.7620133133622 294.419838144946 22.5808696 88.4272766 50
1684336113 727.9491674440876 211.7315720211633 22.5801229 88.4260045 50
1684340120 728.9363565971786 212.3738539867849 22.5801287 88.4260141 50
1684349393 844.3346551847268 224.3335871345174 22.5802367 88.4271363 50
1684349395 728.2062479521463 409.2664978434298 22.5819067 88.426007 50
1684352312 685.5514500075259 382.1356217212654 22.5816617 88.4255922 50
1684354462 773.4832670844604 241.021844405829 22.5803874 88.42644730000001 50
1684354465 556.4250522734191 582.7490714460545 22.5834733 88.4243365 50
1684357886 510.675005008056 553.8463830061119 22.5832123 88.4238916 50
1684395063 646.1050168061996 441.7238847467361 22.5821998 88.4252086 50
1684395897 598.14407716813 609.7913569521011 22.5837175 88.4247422 50
1684396350 567.4589476914927 657.0765981935273 22.5841445 88.42444380000001 50
1684396708 483.3113556985726 586.3480652174771 22.5835058 88.4236255 50
1684396709 662.1159908649475 709.2121756552543 22.5846153 88.4253643 50
1684396711 485.3988494246898 595.7165228492217 22.5835904 88.4236458 50
1684398069 657.8587376465759 716.1111698694941 22.5846776 88.4253229 50
1684398070 482.4784148511018 601.707463250543 22.5836445 88.4236174 50
1684398072 470.6218618056703 603.3574634715994 22.5836594 88.42350209999999 50
1684399955 666.4143769663879 411.4812632410927 22.5819267 88.4254061 50
1684399956 621.2607564793548 381.1721987731851 22.581653 88.424967 50
1684401260 751.6622735336423 465.4218745026109 22.5824138 88.4262351 50
1684401263 800.0653916457297 497.524898941798 22.5827037 88.42670579999999 50
1684425925 634.7317751178547 652.1598190106097 22.5841001 88.42509800000001 50
1684452041 606.1444225861393 504.4571146369939 22.5827663 88.42482 50
1684452047 648.7375212126981 531.55476927785 22.583011 88.42523420000001 50
1684489318 589.2902244598073 953.478651369091 22.5868211 88.42465610000001 50
1684489320 989.5440095209894 325.1497080381807 22.5811471 88.4285484 50
1684496358 832.2313048513497 665.592371147163 22.5842214 88.4270186 50
1684496360 660.121046121156 937.1004612531353 22.5866732 88.4253449 50
1684496361 789.3194263973622 640.0450522848471 22.5839907 88.4266013 50
1684505358 1005.390452055313 395.0919992980342 22.5817787 88.4287025 50
1684505579 1119.205134712748 465.2003979623162 22.5824118 88.4298093 50
1684505580 962.0980944506018 368.2047473696656 22.5815359 88.4282815 50
1684506443 972.6075456311369 692.2138512275303 22.5844618 88.4283837 50
1684506446 980.5976078316495 711.404793399064 22.5846351 88.4284614 50
1684506448 977.8417047811781 695.5027778435971 22.5844915 88.4284346 50
1684506455 980.3302441021694 698.2490869369104 22.5845163 88.4284588 50
1684506456 980.5976078316495 707.2964035865489 22.584598 88.4284614 50
1684506458 980.5976078316495 702.6343224241775 22.5845559 88.4284614 50
1684506459 929.9835973481637 790.3279583466435 22.5853478 88.42796920000001 50
1684510248 1131.987177587976 473.1071104323429 22.5824832 88.4299336 50
1684511417 902.8050460033313 647.8078050035944 22.5840608 88.42770489999999 50
1684511418 1046.95522864702 421.0047544515721 22.5820127 88.42910670000001 50
1684512136 959.6301215685282 746.5309726070209 22.5849523 88.4282575 50
1684512138 1259.087780916644 933.0031452670185 22.5866362 88.4311696 50
1684522612 845.784589252062 740.152448261681 22.5848947 88.4271504 50
1684522617 1003.570322057367 1170.104854919319 22.5887773 88.4286848 50
1684522621 936.6574073441191 1126.961224971364 22.5883877 88.4280341 50
1684522630 945.3467285267084 674.8057952019343 22.5843046 88.4281186 50
1684522648 1175.783412989999 899.2168991251144 22.5863311 88.43035949999999 50
1684522651 1222.551499070101 910.2685784595761 22.5864309 88.43081429999999 50
1684522653 1017.771449339591 1226.968956505329 22.5892908 88.4288229 50
1684522654 1045.885773731716 1023.476311763402 22.5874532 88.4290963 50
1684522656 967.640750209267 1145.875321468146 22.5885585 88.42833539999999 50
1684522662 920.5950171821892 806.3407121720818 22.5854924 88.4278779 50
1684522664 757.5134259048561 1062.998800285376 22.5878101 88.426292 50
1684522666 979.805799865939 981.1078497055976 22.5870706 88.42845370000001 50
1684522668 1137.139070974497 635.0396824858117 22.5839455 88.42998369999999 50
1684522673 1012.290492898988 1002.181342464528 22.5872609 88.4287696 50
1684522678 1046.811263561513 799.641046843931 22.5854319 88.4291053 50
1684522690 843.254917048002 1117.648136474076 22.5883036 88.4271258 50
1684522692 941.1717410705493 957.2437525452943 22.5868551 88.428078 50
1684522694 1080.663624899684 1046.50987189945 22.5876612 88.4294345 50
1684522695 1124.655241489088 627.1218961893866 22.583874 88.4298623 50
1684522697 744.0218408261303 990.4430858567384 22.5871549 88.42616080000001 50
1684522698 1118.721823358278 1070.230009309178 22.5878754 88.4298046 50
1684522699 701.9531864397268 964.1427467591819 22.5869174 88.42575170000001 50
1684522700 903.3500566837126 1105.334040862929 22.5881924 88.42771020000001 50
1684522702 879.0816566936635 780.5386952888673 22.5852594 88.42747420000001 50
1684522712 1247.693972786765 479.4081179886679 22.5825401 88.4310588 50
1684522717 904.0287492229468 933.8336822912742 22.5866437 88.4277168 50
1684553736 616.407076481345 911.3095181966714 22.5864403 88.4249198 50
1684553737 863.8213577175572 1081.00484296924 22.5879727 88.42732580000001 50
1684553738 786.2241770766198 1016.876310878472 22.5873936 88.4265712 50
1684553739 1040.158020004475 1193.991099733123 22.588993 88.42904059999999 50
1684560503 451.6081874071969 223.5584192454234 22.5802297 88.4233172 50
1684560505 647.2464542622943 166.2845860601319 22.5797125 88.4252197 50
1684560507 507.4769234835667 388.4034077969862 22.5817183 88.4238605 50
1684560508 262.1295695319373 262.0067465493464 22.5805769 88.4214746 50
1684560509 413.8482023410384 375.0040771406848 22.5815973 88.42295 50
1684560510 491.7950124736685 256.4476854015116 22.5805267 88.423708 50
1684560512 540.7637077050551 482.6416754695729 22.5825693 88.4241842 50
1684560518 416.7172208140613 21.00704979737088 22.5784006 88.42297790000001 50
1684564211 617.8261608883411 210.5909678415517 22.5801126 88.4249336 50
1684564212 535.3444505877462 94.9026972920617 22.5790679 88.4241315 50
1684564213 561.9779912535056 300.8426577983448 22.5809276 88.4243905 50
1684564216 588.9714446310704 253.2694970557684 22.580498 88.42465300000001 50
1684564217 521.6472011015268 210.7681490737874 22.5801142 88.42399829999999 50
1684564220 406.3723011592596 202.6842553718772 22.5800412 88.4228773 50
1684564224 544.5787824481006 164.2580757214552 22.5796942 88.4242213 50
1684566952 448.0090602917581 348.9695098907773 22.5813622 88.4232822 50
1684566954 717.7790625338238 205.1204973098347 22.5800632 88.42590559999999 50
1686638125 1301.39294937088 1186.106534917654 22.5889218 88.43158099999999 50
1686638127 1364.100026968938 941.4967705668008 22.5867129 88.4321908 50
1686638130 1583.009221438264 741.5920457695456 22.5849077 88.43431959999999 50
1686638132 1167.968165536641 1178.587406391998 22.5888539 88.4302835 50
1686638135 1163.669779436509 1255.43976569249 22.5895479 88.4302417 50
1686638139 1275.43810124828 1009.301813218006 22.5873252 88.4313286 50
1686638145 1337.28138833722 984.2749642242381 22.5870992 88.43192999999999 50
1686638148 1234.85023058955 1143.350488914774 22.5885357 88.4309339 50
1686638149 1475.436453524187 609.2487394297 22.5837126 88.4332735 50
1686638153 1202.838565689551 1123.805184279474 22.5883592 88.43062260000001 50
1686638156 1467.970835561213 851.0014564165641 22.5858957 88.4332009 50
1686638157 1200.2369109447 1199.771637421605 22.5890452 88.4305973 50
1686638162 1202.447803317406 1345.946153670533 22.5903652 88.4306188 50
1686638163 1484.136057928198 680.6749235061815 22.5843576 88.43335810000001 50
1686638167 1123.040775897328 1249.626006524109 22.5894954 88.4298466 50
1686638170 1505.010995205069 868.4981030586302 22.5860537 88.43356110000001 50
1686638171 1440.730584897011 1052.434369338506 22.5877147 88.432936 50
1686638175 1600.809475835927 713.9517736062885 22.5846581 88.43449270000001 50
1686638179 1329.116511392169 920.8330094064463 22.5865263 88.4318506 50
1686638180 1186.950990273467 1289.857219973265 22.5898587 88.4304681 50
1686638183 1221.101565001457 1311.008229521563 22.5900497 88.43080019999999 50
1686638184 1103.029629128267 1282.958225759729 22.5897964 88.429652 50
1686638189 1473.431225560282 770.1071502654695 22.5851652 88.43325400000001 50
1686638191 1307.819962080198 1030.043091167376 22.5875125 88.43164350000001 50
1706092171 318.7489806909489 334.894675787898 22.5812351 88.42202519999999 50
1706092182 207.3817044753609 265.8715121687703 22.5806118 88.4209422 50
1706092183 200.0806180368119 274.8080905484375 22.5806925 88.42087119999999 50
1742495420 751.8165218392625 173.3496876788003 22.5797763 88.4262366 50
1742495427 994.3462734171259 318.7047407309285 22.5810889 88.4285951 50
1742499796 733.8620191359796 159.4631086356115 22.5796509 88.426062 50
1742499801 649.8995251090189 284.4755415091397 22.5807798 88.4252455 50
1762174520 715.3008064329455 182.8953265431329 22.5798625 88.4258815 50
1762174526 731.5071616790742 180.591970529352 22.5798417 88.4260391 50
1762174528 725.296096597363 190.8574081479692 22.5799344 88.4259787 50
1768893455 322.5229225548504 796.3188987472604 22.5854019 88.4220619 50
1768893459 337.4952913612505 801.313194719193 22.585447 88.4222075 50
1768893473 315.6228817098673 806.7504437706583 22.5854961 88.42199479999999 50
1768893489 330.2867539063353 812.7303103441723 22.5855501 88.4221374 50
2024730342 349.0330645766369 289.2040656334232 22.5808225 88.4223197 50
2024730347 454.0761602892704 167.0154586418714 22.5797191 88.4233412 50
2024730348 464.2771148598732 111.3473303702818 22.5792164 88.4234404 50
2024730349 391.5747470973975 65.3688007139524 22.5788012 88.4227334 50
2024730351 347.038119831537 132.8416285552443 22.5794105 88.4223003 50
2024730352 534.0076319455792 342.9010527007932 22.5813074 88.42411850000001 50
2024730354 318.9237954381034 114.3594113115967 22.5792436 88.42202690000001 50
2024730356 299.725023074979 102.5768593953954 22.5791372 88.42184020000001 50
2024730357 304.3936051057213 197.4574090328992 22.579994 88.4218856 50
2024730358 560.2195605762383 426.4862988103919 22.5820622 88.42437339999999 50
2024730359 485.5222480699709 312.6473573683994 22.5810342 88.423647 50
2024730360 274.8087802047266 242.2953345096173 22.5803989 88.42159789999999 50
2024730362 303.4783984973462 259.9913100377725 22.5805587 88.4218767 50
2024730365 435.9776925004804 341.2732001335902 22.5812927 88.4231652 50
2024730368 362.4012510113899 109.5755180521514 22.5792004 88.4224497 50
2024730377 331.9732020415031 155.6758598052028 22.5796167 88.4221538 50
2024730378 354.7813847427958 231.7419773894977 22.5803036 88.4223756 50
2024730380 448.2352911381695 229.1728495284199 22.5802804 88.4232844 50
2024730383 533.3186561836155 93.6402810153761 22.5790565 88.42411180000001 50
2024730384 403.5135659063497 391.3047504676255 22.5817445 88.4228495 50
2024730386 562.5744180331437 46.26644915818429 22.5786287 88.4243963 50
2024730389 428.738305385226 0 22.5782109 88.4230948 50
2024735877 384.0165801534062 419.8752240983588 22.5820025 88.4226599 50
2024735878 412.4291179340423 535.0651724335067 22.5830427 88.4229362 50
2024735882 311.7049747630751 526.3722182469311 22.5829642 88.4219567 50
2024735885 388.7365782860219 676.8433793677137 22.584323 88.4227058 50
2024735886 332.1583000074623 662.8571358809522 22.5841967 88.4221556 50
2024735887 387.1015462527275 575.3739026720303 22.5834067 88.42268989999999 50
2024735888 398.947816078046 398.3477044327926 22.5818081 88.42280510000001 50
2024735890 285.6678608795705 388.3701863160301 22.581718 88.42170350000001 50
2024735891 341.5777298337759 647.8742479655066 22.5840614 88.4222472 50
2024735893 240.8638698816134 360.3644778619033 22.5814651 88.4212678 50
2024735897 213.0683253195333 343.3107842997219 22.5813111 88.4209975 50
2024735898 208.0398305756772 460.7376456860339 22.5823715 88.4209486 50
2024735899 326.3688469595431 774.7360099468846 22.585207 88.4220993 50
2024735902 375.7283045630744 432.08965526699 22.5821128 88.4225793 50
2024735903 237.007662258116 418.7789152261018 22.5819926 88.4212303 50
2024735904 486.0672587477357 518.6094655281838 22.5828941 88.4236523 50
2024735908 273.5130944443199 754.061174958723 22.5850203 88.4215853 50
2024735910 413.2620587828215 638.5611594682191 22.5839773 88.4229443 50
2024735912 321.3609186585296 777.9917150809385 22.5852364 88.42205060000001 50
2024735913 158.4027260225529 431.8349572460913 22.5821105 88.4204659 50
2024735914 271.2096530892878 412.4668338430263 22.5819356 88.4215629 50
2024735915 189.612299736729 633.865856825244 22.5839349 88.4207694 50
2024735917 330.7803484835349 724.5494260344669 22.5847538 88.4221422 50
2024735918 304.301056124704 706.2443900223507 22.5845885 88.42188470000001 50
2024735919 224.8734622643997 323.6104460870955 22.5811332 88.4211123 50
2024735920 10.84879745211447 588.8175286356865 22.5835281 88.419031 50
2024735921 186.6712987229149 387.3513942334926 22.5817088 88.4207408 50
2024735922 223.4852275177427 581.4091383800017 22.5834612 88.4210988 50
2024735923 198.0136907496125 705.1480811504458 22.5845786 88.42085109999999 50
2024735924 306.470815614342 774.4259427908244 22.5852042 88.4219058 50
2024735925 275.3023747793097 755.2239267925401 22.5850308 88.42160269999999 50
2024735926 221.2846183664574 530.4030912707833 22.5830006 88.4210774 50
2024735927 290.7889046044438 379.8322657078367 22.5816409 88.42175330000001 50
2024735929 272.7932690194006 501.0795974051615 22.5827358 88.42157829999999 50
2024735930 247.2086168287187 544.1014152560424 22.5831243 88.4213295 50
2024735932 230.683481752545 474.8457012698694 22.5824989 88.4211688 50
2024735933 316.7129030680134 778.0249365618947 22.5852367 88.4220054 50
2024735934 102.7602207978276 516.6272504975659 22.5828762 88.4199248 50
2024735935 438.0754694480189 597.045382088524 22.5836024 88.4231856 50
2024735939 369.4761065996028 441.2920054943062 22.5821959 88.4225185 50
2024735942 350.9765932198634 736.9078169536731 22.5848654 88.4223386 50
2024735944 131.0390767156861 473.483620549611 22.5824866 88.42019980000001 50
2024735945 194.2500321097488 574.2775937997733 22.5833968 88.42081450000001 50
2024735946 441.386666396368 490.0832872058614 22.5826365 88.4232178 50
2024735947 310.4504218831206 346.2674961055228 22.5813378 88.4219445 50
2024735949 176.8816729646828 403.6963628677877 22.5818564 88.4206456 50
2024735950 347.8813438978126 741.8245961365908 22.5849098 88.4223085 50
2024735951 105.9480191008956 511.6993974875456 22.5828317 88.4199558 50
2024735952 211.6286744749277 647.4977378482384 22.584058 88.42098350000001 50
2024735954 108.3131597766059 400.7507248890897 22.5818298 88.4199788 50
2024735955 73.46332606523072 561.9413505347727 22.5832854 88.41963990000001 50
2024735956 244.7303607278404 607.7316251324681 22.5836989 88.42130539999999 50
2024735957 365.7330143973487 609.4037730077301 22.583714 88.4224821 50
2024735958 316.239874932348 686.9205619273447 22.584414 88.42200080000001 50
2024735960 3.948756607131259 590.7333007043919 22.5835454 88.41896389999999 50
2024735961 359.162036603832 619.8574656846292 22.5838084 88.4224182 50
2024735962 43.11754286017282 607.4658532844669 22.5836965 88.4193448 50
2024735963 159.2973661933185 680.7302926406387 22.5843581 88.42047460000001 50
2024740602 1359.369745614901 602.3829666964165 22.5836506 88.4321448 50
2024740608 1295.572646661313 563.3034312539744 22.5832977 88.4315244 50
2024740612 1206.756472637651 452.8309332163595 22.5823001 88.4306607 50
2024740613 1177.387595364263 747.494395554749 22.584961 88.43037510000001 50
2024740614 1223.178775510078 517.6571164072063 22.5828855 88.4308204 50
2024740615 1149.900547410807 864.9544784223694 22.5860217 88.4301078 50
2024740618 1327.687143766368 583.5574608161046 22.5834806 88.43183670000001 50
2024740620 860.1502480587109 621.8396807152471 22.5838263 88.42729009999999 50
2024740621 1424.483096769122 592.4054485800061 22.5835605 88.432778 50
2024740622 1117.405571155029 844.7336703415476 22.5858391 88.4297918 50
2024740624 1183.578094003132 886.6370316659659 22.5862175 88.4304353 50
2024740627 1161.109257573418 425.3346208036775 22.5820518 88.4302168 50
2024740628 1143.679199107674 725.7675470030936 22.5847648 88.4300473 50
2024740629 1082.113558968327 822.7631975960965 22.5856407 88.4294486 50
2024740631 1005.215637310775 773.4403721885385 22.5851953 88.4287008 50
2024740632 1398.487115764761 628.1849835803353 22.5838836 88.4325252 50
2024740634 888.521652960203 765.622250335334 22.5851247 88.427566 50
2024740635 1262.522376507658 542.4624888613844 22.5831095 88.431203 50
2024740636 801.4639096124997 714.1289548381719 22.5846597 88.4267194 50
2024783017 580.0764590409873 443.9054286634429 22.5822195 88.4245665 50
2024783018 689.5619059366435 468.445029270324 22.5824411 88.4256312 50
2024783022 654.5475406995351 324.0644729937309 22.5811373 88.42529070000001 50
2024783023 868.3048417849569 279.3594334404853 22.5807336 88.4273694 50
2024783024 709.706734572407 237.9433205036586 22.5803596 88.42582710000001 50
2024783025 770.7376472527937 436.3087833494764 22.5821509 88.4264206 50
2024783026 837.043851967599 280.8211786032598 22.5807468 88.4270654 50
2024783027 732.4018018498397 494.7896636755872 22.582679 88.42604780000001 50
2024783033 692.0812949179739 558.7299407080733 22.5832564 88.42565569999999 50
2024786292 648.0382622293131 735.7782866008122 22.5848552 88.4252274 50
2024786324 535.7249297397778 636.3463940712605 22.5839573 88.42413519999999 50
2024786376 601.8768861502712 808.11252448986 22.5855084 88.4247785 50
2024786379 409.6423652245402 688.2051258578836 22.5844256 88.4229091 50
2024881641 1375.514401537735 848.1001137459249 22.5858695 88.4323018 50
2024881642 1506.543195033308 644.7625025823801 22.5840333 88.433576 50
2024881643 1370.280242387694 1005.437047599287 22.5872903 88.4322509 50
2024881644 1343.687834605003 973.6883856228102 22.5870036 88.4319923 50
2024881645 1303.860922251645 964.1095252778736 22.5869171 88.431605 50
2024881649 1358.22830815619 775.6994328942604 22.5852157 88.43213369999999 50
2024881650 1145.756409616295 640.3883409215114 22.5839938 88.43006750000001 50
2024881651 1320.982484106149 750.572919457976 22.5849888 88.4317715 50
2024881652 1326.813070037137 963.1571761568961 22.5869085 88.4318282 50
2024881653 1105.106839635579 613.9108205920713 22.5837547 88.4296722 50
2024881654 1249.781466515498 706.3108329846152 22.5845891 88.43107910000001 50
2024881655 1183.608943664779 664.1859951202546 22.5842087 88.4304356 50
2024881656 1506.543195033308 791.0588309276786 22.5853544 88.433576 50
2024881657 1311.203141570646 952.4598592858491 22.5868119 88.4316764 50
2024881658 1606.228732953236 707.4403633371239 22.5845993 88.4345454 50
2024881660 1284.42563581938 726.6423793354082 22.5847727 88.431416 50
2024881661 1233.955590421401 1221.919291398587 22.5892452 88.4309252 50
2024881662 1154.322332154912 1268.828022521689 22.5896688 88.43015080000001 50
2024881663 1269.299018709976 1165.896800663583 22.5887393 88.43126890000001 50
2024881664 1539.840262476218 811.8333303580043 22.585542 88.43389980000001 50
2024881665 1403.145414575391 804.3142018330528 22.5854741 88.4325705 50
2024881666 1437.923265745974 825.8306476718685 22.5856684 88.4329087 50
2024881667 1216.576948056222 685.7135147854686 22.5844031 88.4307562 50
2024881668 1265.597059386866 939.824622691891 22.5866978 88.4312329 50
2024881669 1517.42284214707 701.0839866459896 22.5845419 88.4336818 50
2024881670 1223.014243984345 1091.115247009474 22.588064 88.4308188 50
2024881671 1401.284151695685 1027.263560593811 22.5874874 88.43255240000001 50
2024881673 1549.96923450603 721.62593570927 22.5847274 88.4339983 50
2024881674 1470.788437933671 846.8819927772983 22.5858585 88.4332283 50
2024881675 1316.097954449108 944.6749589132485 22.5867416 88.431724 50
2024887914 1155.84424876173 1094.359878317482 22.5880933 88.4301656 50
2175686641 1467.179027595503 603.8336380320882 22.5836637 88.43319320000001 50
2176570095 529.2567841500079 474.8346274424144 22.5824988 88.42407230000001 50
2176570098 741.3584867592926 609.049410543611 22.5837108 88.42613489999999 50
2176570111 459.4440013020894 610.1235717616624 22.5837205 88.42339339999999 50
2176570119 537.4936436371581 487.7688573656823 22.5826156 88.4241524 50
2176570122 483.7021180707172 572.0960498830665 22.5833771 88.4236293 50
2176570124 945.0793647985365 288.2960118201524 22.5808143 88.428116 50
2176570163 936.1740959870323 282.6594338829503 22.5807634 88.4280294 50
2176570170 525.3697268648631 479.3527488538584 22.5825396 88.4240345 50
2194877565 1460.052755904108 615.0624985987856 22.5837651 88.4331239 50
2194877570 1468.176499968707 620.6990765356354 22.583816 88.4332029 50
2428799831 623.3893830885406 324.1530636094966 22.5811381 88.4249877 50
2428801191 709.8506996566058 174.8335804954281 22.5797897 88.42582849999999 50
2964532317 664.2240510352156 710.4192227967782 22.5846262 88.4253848 50
2964532318 659.7508501879291 717.4289552809893 22.5846895 88.4253413 50
3048891433 1091.892901506446 448.5453621719607 22.5822614 88.4295437 50
3048904845 705.4597645741483 198.1882816146388 22.5800006 88.4257858 50
3871279493 571.4282707401583 650.9638456954842 22.5840893 88.4244824 50
4415603951 816.8167575709315 268.1527205279934 22.5806324 88.4268687 50
6469487703 285.3182313865698 330.0000442591861 22.5811909 88.4217001 50
6469487704 292.7941325683485 318.8044051741492 22.5810898 88.4217728 50
6469611156 278.3153583391481 566.4594719458644 22.5833262 88.421632 50
6469857579 613.7745720748466 392.5450190904576 22.5817557 88.4248942 50
6469857580 602.5247290304745 385.0037429113006 22.5816876 88.4247848 50
6470057624 744.0321240462433 711.0947262433559 22.5846323 88.4261609 50
6470057625 696.8629923738843 679.4568025368504 22.5843466 88.4257022 50
6509345833 752.9888089583128 571.3098081665175 22.58337 88.426248 50
6509345834 761.5341650540869 577.2896747407358 22.583424 88.4263311 50
6509345835 714.8586279589275 652.303778761537 22.5841014 88.4258772 50
6509366579 618.4945702087705 332.1151452139807 22.58121 88.4249401 50
6509366580 612.1498232629734 328.0842721904805 22.5811736 88.4248784 50
6509366581 551.4891065118885 420.1852912537146 22.5820053 88.4242885 50
6509366582 601.6403720811302 344.1856166320365 22.581319 88.4247762 50
6509366583 647.1539052799687 273.7007078494298 22.5806825 88.4252188 50
6509366584 677.2117583153206 224.6104328096216 22.5802392 88.42551109999999 50
6509368285 695.8243871215363 192.9060661404993 22.5799529 88.42569210000001 50
6510668134 1366.763381034468 781.4356752746831 22.5852675 88.4322167 50
6510763589 1139.833274702982 954.8850273967039 22.5868338 88.4300099 50
6510763590 1000.320824431004 868.9964252733246 22.5860582 88.4286532 50
6510838837 601.5375398773834 679.3349904404809 22.5843455 88.4247752 50
6510838838 606.0518736038138 672.4581438804466 22.5842834 88.42481909999999 50
