1663949402 6470057625
6470057625 6509345835
6509345835 2176570098
2176570098 6509345834
6509345834 2176570124
2176570163 1684401263
1684401263 6509345833
6509345833 2964532317
2964532317 2964532318
2964532318 2024786292
2024786292 2024786376
2024786376 1663949398
1684336108 2024783033
2024783033 2024783027
2024783027 1684401260
1684401260 2024783025
2024783025 1684336109
1684336109 2024783023
1684349393 4415603951
4415603951 1684349395
2024783025 1684349395
1684349395 1684352312
1684354465 1684452041
1684452041 1684395063
1684395063 1684399955
1684399955 1684352312
1684352312 1684354462
1684396711 1684357886
1684357886 2024783017
2024783017 6469857579
6469857579 1684399956
1684399956 2024783022
2024783022 2024783024
2024783024 1684336113
1684336113 1742495420
1684395063 2024783018
2024783018 2024783027
1684395897 1684452047
1684452047 2024783018
1684396350 3871279493
3871279493 1684395897
2964532317 1684396709
1684396709 6510838838
6510838838 3871279493
3871279493 1684396711
1684396711 1684396708
1684396708 2176570122
2176570111 1684398072
1684398072 1684398070
1684398070 2024786324
2024786324 1684396350
1684396350 6510838837
6510838837 1684398069
1684398069 2964532318
1684399956 1684399955
1684401260 1684401263
1684425925 1684336108
1684489318 1684553736
1684553736 6470057624
6470057624 1684496361
1684496361 1684505580
1684505580 1684489320
1684489320 1742495427
2176570098 1684496361
1684496361 1684496358
1684496358 2024740636
2024740636 1684496360
1684496358 2024740620
2024740620 1684505358
1684505580 1684505358
1684505358 1684511418
1684511418 3048891433
3048891433 1684505579
1684505579 1684510248
2024740636 1684522612
1684522612 2024740634
2024740634 1684506459
1684506459 1684512136
1684512136 1684506446
1684506446 1684506456
1684506456 1684506458
1684506458 1684506455
1684506455 1684506448
1684506448 1684506443
1684506443 1684522630
1684522630 1684511417
1684511417 2024740620
1684506446 1684510248
1684510248 2024740627
1684511417 1684511418
1684512136 2024740631
2024740631 1684522678
1684522678 2024740629
2024740629 2024740622
2024740622 2024740615
2024740615 2024740624
2024740624 1684522651
1684522651 1684512138
1673636057 1684522717
1684522717 2024740631
2024740631 2024881653
2024881653 2024740612
1684522717 1684522692
1684522692 1684522666
1684522666 1684522673
1684522673 1684522654
1684522654 1684522694
1684522694 1684522698
1684522698 2024887914
1684522697 1684522702
1684522702 2024740634
1684522700 1684522666
1684522617 1684522694
1684522694 6510763589
6510763589 1684522648
1684522648 2024740624
1684522699 1684522612
2024740622 2024740613
2024740613 2024881667
2024881667 2024740608
1684522678 2024881650
2024881650 2024740614
2024740614 1684522712
1684522621 1684522673
2024740624 2024881660
2024881660 2024740602
1684522656 1684522654
1684522690 1684553737
1684553737 1684522692
1684522692 6510763590
6510763590 1684522678
2024740614 2024740635
2024740635 2024740608
2024740608 2024740618
2024740618 2024740602
2024740602 2024740632
2024881653 1684522695
1684522695 1684522668
1684522668 2024881650
2024881650 2024881655
2024881655 2024881667
2024881667 2024881654
2024881654 2024881660
2024881660 2024881651
2024881651 2024881649
2024881649 6510668134
3048891433 1684522630
1684522651 2024881651
2024881651 2024740632
2024740632 2024740621
1684522653 1684553739
1684553739 1684522698
1684522698 1684522651
1684522664 1684553738
1684553738 1684522662
1684522662 1684506459
2024740615 2024881654
2024881654 2024740618
2024740629 2024740628
2024740628 2024881655
2024881655 2024740635
1684553739 1684522617
1684522617 1684522656
1684522656 1684522621
1684522621 1684522700
1684522700 1684553737
1684553736 1684496360
1684496360 1684522699
1684522699 1684522697
1684522697 1684553738
1684560507 2024730352
2024730352 1684564213
1684564213 1684564216
1684564216 1684564211
1684564211 1684560505
1684560508 2024730360
2024730360 2024730357
2024730357 2024730377
2024730377 2024730351
2024730351 2024730368
2024730368 2024730349
2024730349 1684560518
1684560518 2024730389
2024730384 1684560509
1684560509 2024730365
2024730365 1684560510
1684560512 2176570095
2176570095 2024730384
2024730384 1706092171
1706092171 6469487704
6469487704 1706092182
2024730380 1684560503
1684560503 2024730383
2024730383 2024730386
1684560510 1684564213
1684564224 1684564211
1684564217 1684564216
1684560518 2024730383
2024730383 1684564212
1684564212 1684560505
2024730365 1684566952
1684566952 1684560507
1684560507 6509366581
6509366581 2024730358
1684560505 6509368285
6509368285 3048904845
3048904845 1684566954
1686638145 2024881643
2024881643 2024881671
2024881671 1686638171
2024881674 1686638156
1686638156 2024881643
2024881643 2024881663
2024881663 2024881661
2024881661 1686638180
2024881662 1686638135
1686638135 1686638157
1686638139 1686638191
2024881656 2024881673
1686638132 1686638157
1686638157 2024881661
1686638167 2024881662
2024881662 1686638180
1686638180 1686638183
2024881658 1686638175
1686638175 1686638130
1686638130 2024881664
2024881664 1686638170
1686638170 2024881671
2024881671 1686638125
1686638125 1686638183
1686638183 1686638162
1686638153 1686638148
1686638148 2024881663
2024881663 1686638125
2024881669 1686638189
1686638189 2024881666
2024881666 1686638127
1686638127 2024881644
2024881644 1686638145
1686638145 1686638191
1686638191 1686638148
1686638189 2024881656
2024881656 2024881664
2024881665 2024881666
2024881666 2024881674
2024881674 1686638170
1686638179 1686638127
1706092183 6469487703
6469487703 2024735947
2024735947 2024735888
2024735888 2176570170
2176570170 2176570119
1706092171 2024730342
2024730342 1684564220
1664472100 1742499796
1742499796 1762174520
1762174520 3048904845
3048904845 1742499801
1742499801 2428799831
2428799831 6509366579
6509366579 2024730358
2024730358 2176570095
2176570095 2176570170
2176570170 1768893455
1768893455 1768893473
2024730356 2024730354
2024730354 2024730351
2024730347 2024730368
2024730378 2024730357
2024730359 2024730352
2024730348 2024730349
2024730360 2024730362
2024730362 2024730342
2024735897 2024735893
2024735893 2024735890
2024735888 2024735877
2024735877 2024735902
2024735902 2024735939
2024735939 2024735882
2024735947 2024735927
2024735927 2024735890
2024735890 2024735914
2024735914 2024735932
2024735942 2024735917
2024735917 2024735918
2024735918 2024735952
2024735952 2024735915
2024735915 2024735955
2024735954 2024735913
2024735913 2024735898
2024735898 2024735932
2024735932 2024735929
2024735929 2024735882
2024735882 2024735887
2024735929 2024735930
2024735930 2024735922
2024735922 2024735915
2024735915 2024735963
2024735926 2024735944
2024735946 2024735878
2024735878 2024735887
2024735887 2024735957
2024735957 2024735961
2024735961 2024735891
2024735891 2024735886
2024735886 2024735958
2024735958 2024735918
2024735918 2024735908
2024735945 2024735934
2024735919 2024735897
2024735897 2024735921
2024735921 2024735949
2024735949 2024735913
2024735913 2024735944
2024735944 2024735951
2024735951 2024735934
2024735934 2024735955
2024735955 2024735962
2024735910 2024735885
2024735885 2024735942
2024735942 2024735950
2024735950 2024735899
2024735899 2024735912
2024735912 2024735933
2024735933 2024735924
2024735924 2024735925
2024735925 2024735908
2024735908 2024735923
2024735923 2024735963
2024735963 2024735962
2024735962 2024735920
2024735920 2024735960
2024735960 1664545446
2024735956 2024735886
2024735930 6469611156
6469611156 2024735961
2024735903 2024735921
2024735939 2024735946
2024735946 2024735904
2024735904 2024735935
2024740628 2024740613
1684336109 2024783026
2024783026 4415603951
4415603951 1684354462
1684354462 1684340120
1684340120 1684336113
1684336113 1684566954
1684357886 1684354465
1684354465 1684395897
1684395897 1684336108
2024881668 2024881645
2024881657 2024881652
2024881652 2024881644
2024881642 1686638163
1686638163 2024881665
2024881665 2024881641
2024881641 1686638179
1686638179 2024881675
2024881675 2024881657
2024881657 2024881645
2024881645 1686638139
1686638139 2024881670
2024881670 1686638153
1686638153 1686638132
1686638132 1686638167
1686638167 1686638184
2175686641 2194877565
2194877565 2024881649
2024881649 1684512138
1684512138 2024887914
2024887914 1663949442
1663949448 2024881668
2024881668 6510668134
6510668134 2194877570
2194877570 1686638149
1768893489 1768893459
1768893459 2024786379
2024786379 2176570111
2176570111 2176570122
2176570122 2176570119
2176570119 1684560512
1684560512 6469857580
6469857580 1684566954
1684566954 1762174528
1762174528 1762174526
1762174526 1664472105
1684564220 2024730380
2024730380 1684560510
1684564220 2024730377
6469857580 6469857579
6470057625 6470057624
6509366580 6509366579
2428801191 6509368285
6509368285 6509366584
6509366584 6509366583
6509366583 6509366580
6509366580 6509366582
6509366582 6509366581
6510763590 6510763589
