5189366037 2147644105
2147644105 2147644109
2147644105 172358834
2147644105 5189367106
2147644109 801862641
2147644109 172358834
2147644109 801862629
801862641 172572143
172572143 172358834
172572143 5933126027
172358834 2147644071
2147644071 2147643984
2147643984 172358830
2147643976 172505074
172772119 172772129
172772129 172772136
172391983 172562562
172562562 172562572
172562572 172562584
172562584 172562595
172562595 172562603
172562603 172436769
172436769 172436771
172436769 172562614
172436771 172436776
172436776 172436784
172562614 172562617
172562617 172209913
172209913 172393818
172209913 172209928
172209913 172562631
172393818 172393841
172393818 172393826
172209928 172209945
172209945 172209956
172562631 172562641
172562641 172562658
172562658 172562660
172505074 172358830
172358830 172276746
172276746 172561099
5933126027 5933126029
5933126029 5802617651
5802617651 172572152
172572152 5538125376
801862629 801862627
801862627 2147644181
2147644181 2147644192
2147644192 801862617
801862617 801862667
801862667 801862666
801862666 172474891
172474891 172474895
172474895 172474898
172474898 172474904
172474904 172474907
172474907 5616812353
172474907 172618481
172474907 172474915
5616812353 5616812331
5616812353 172618481
5616812353 5616812362
5616812331 172618474
172618474 172618470
172618474 172618481
172618470 172618468
172618468 172618465
172618468 172817345
172618465 172618451
172618451 172618438
4059852172 172284714
172284714 172284705
172284705 172284703
172284703 172558017
172284703 172558040
172558017 172558005
172558040 172558046
172558040 172817356
172558040 172817345
172558046 172487190
172487190 172558070
172487190 172487196
172487190 172487163
172487163 172817356
172618481 5616812361
5616812361 5616812325
5616812362 5616812356
5616812356 5616812321
172358849 4370141962
4370141962 5933125890
5933125890 172358846
172358846 172358843
172358843 172358840
172358840 5189367106
172474915 172474921
172474921 172428240
172428240 172428251
172428251 172428260
172428260 172500066
172428260 172428267
172500066 172500077
172500077 172166297
172166297 172166285
172166297 172166231
172166285 172166269
172166269 172166265
172166265 172166254
172166254 172166231
172166231 172166308
172166308 172166320
172166320 172428283
172166320 172166324
172428283 172428267
2562250643 2562250663
2562250643 2562250645
2562250643 2562250641
2562250663 2562250670
2562250663 2562250658
2562250670 2562250668
2562250670 2562250672
2562250672 2562250679
2562250672 2562250666
2562250679 2562250682
2562250679 2562250671
2562250671 2562250669
2562250669 2562250665
2562250669 2562250666
2562250665 2562250664
2562250665 2562250660
2562250664 2562250654
2562250664 2562250666
2562250654 2562250649
2562250654 2562250660
2562250649 2562250652
2562250649 2562250645
2562250652 2562250660
2562250658 172272678
172272678 2562250653
172272678 172272672
172272678 172272681
2562250653 4614237069
4614237069 2562250648
4614237069 4614237067
2562250648 4591497750
4591497750 4591497751
4591497750 2562250644
4591497751 4591497753
4591497753 4591497754
4591497754 4591497755
4591497755 4591497757
4614237067 4614237065
4614237065 4614237063
4614237065 4614237061
4614237063 4614237061
172272672 2562250681
172272672 172272669
172272681 2562250641
2562250641 172272683
172204345 172204354
172204345 172782662
172204345 172161891
172204354 172204357
172204357 5898879934
172161891 172782638
172161891 172161888
172782638 172782632
172782632 172782622
172782622 172782610
172782610 172782591
172782591 172556735
172556735 172556727
172556735 172556739
172556727 172556707
172556707 172556701
172556701 172556696
172556701 172624185
172161888 172161882
172161882 172161876
172161876 172161874
172161874 172161872
172161872 172161870
172161870 5837388904
5837388904 172161866
172161866 172161864
172161864 172161863
172292772 172292762
172292772 172292789
172292762 172292760
172609277 172609283
172609277 172609341
172609283 172609295
172609283 172609487
172609295 172609306
172609306 172609337
172609337 172609341
172609399 172609409
172609409 172609412
