5189366037 1700.56030460365 2267.004860325684 35.3143072 -80.74124070000001 50
2147644105 1772.709471076364 2359.710333174325 35.3151456 -80.7404464 50
2147644109 1761.991100632647 2374.416711859092 35.3152786 -80.7405644 50
172358834 1755.850746038314 2367.627451323238 35.3152172 -80.74063200000001 50
5189367106 1803.456660867498 2396.022925354564 35.315474 -80.7401079 50
801862641 1722.987132254281 2406.638055833223 35.31557 -80.7409938 50
801862629 1881.292013694747 2514.293170773135 35.3165436 -80.739251 50
172572143 1710.806340080706 2410.021628673806 35.3156006 -80.7411279 50
5933126027 1671.093869247149 2437.853173898603 35.3158523 -80.7415651 50
2147644071 1676.979889627241 2285.514994097862 35.3144746 -80.7415003 50
2147643984 1593.658184472168 2196.270496081918 35.3136675 -80.7424176 50
172358830 1544.662514830987 2238.797362563434 35.3140521 -80.742957 50
2147643976 1585.165238398717 2186.562074665207 35.3135797 -80.7425111 50
172505074 1537.468489922498 2230.150454194307 35.3139739 -80.74303620000001 50
172772119 988.2700884051551 2164.977976024423 35.3133845 -80.74908240000001 50
172772129 947.176946125343 2199.145427254101 35.3136935 -80.74953480000001 50
172772136 902.84104261946 2223.825605616772 35.3139167 -80.7500229 50
172391983 729.2488582493243 2308.005801800593 35.314678 -80.75193400000001 50
172562562 773.3940110953931 2334.654202273499 35.314919 -80.751448 50
172562572 803.732449470825 2375.677258602395 35.31529 -80.751114 50
172562584 799.644935318433 2449.319726300377 35.315956 -80.751159 50
172562595 808.183298215979 2496.756090627675 35.316385 -80.751065 50
172562603 876.944369623438 2556.908496674815 35.316929 -80.750308 50
172436769 886.3002353500769 2562.437210466662 35.316979 -80.75020499999999 50
172436771 862.320152323709 2607.993812104591 35.317391 -80.750469 50
172562614 931.6262256180003 2573.605212323802 35.31708 -80.749706 50
172436776 853.1459538922959 2650.675482571744 35.317777 -80.75057 50
172436784 857.9601372267462 2683.626616766794 35.318075 -80.750517 50
172562617 972.7738680853399 2560.999744880923 35.316966 -80.749253 50
172209913 1027.819058671508 2497.087813455748 35.316388 -80.74864700000001 50
172393818 1012.468172187411 2474.088364084617 35.31618 -80.74881600000001 50
172209928 1064.152517803243 2554.144139779594 35.316904 -80.74824700000001 50
172562631 1064.152517803243 2441.026655613309 35.315881 -80.74824700000001 50
172393841 976.9522158859231 2472.09802711899 35.316162 -80.749207 50
172393826 1007.744822501152 2442.795844027122 35.315897 -80.748868 50
172209945 1100.304309640909 2530.702393305538 35.316692 -80.747849 50
172209956 1137.818606195653 2500.957913109338 35.316423 -80.74743599999999 50
172562641 1095.035958066663 2383.085735082908 35.315357 -80.747907 50
172562658 1141.8152866987 2377.335872740653 35.315305 -80.747392 50
172562660 1167.248708092647 2400.335322111784 35.315513 -80.747112 50
172276746 1544.008512566789 2287.626962766391 35.3144937 -80.7429642 50
172561099 1511.244815793223 2292.016761516428 35.3145334 -80.7433249 50
5933126029 1627.757135867894 2438.671423538277 35.3158597 -80.7420422 50
5802617651 1544.390013887571 2489.834140960872 35.3163224 -80.74296 50
172572152 1511.417399725015 2519.755539998805 35.316593 -80.743323 50
5538125376 1480.960877606473 2547.454396091951 35.3168435 -80.74365830000001 50
801862627 1946.483322742881 2588.997151517998 35.3172192 -80.7385333 50
2147644181 1976.385759607693 2623.828048401713 35.3175342 -80.7382041 50
2147644192 2019.958660473167 2671.695652405296 35.3179671 -80.7377244 50
801862617 2064.230980426934 2722.559819283961 35.3184271 -80.73723699999999 50
801862667 2133.101052212915 2802.438676137205 35.3191495 -80.7364788 50
801862666 2339.911101594103 3050.257743109153 35.3213907 -80.734202 50
172474891 2257.452316093373 3112.66586438241 35.3219551 -80.7351098 50
172474895 2224.116367339212 3143.527144764324 35.3222342 -80.7354768 50
172474898 2181.288302386126 3191.151485361403 35.3226649 -80.7359483 50
172474904 2155.27354564815 3238.444103130408 35.3230926 -80.7362347 50
172474907 2149.614609388534 3252.431749021601 35.3232191 -80.73629699999999 50
5616812353 2163.166989644932 3254.466315696607 35.3232375 -80.7361478 50
172618481 2158.098472096242 3263.500234031234 35.3233192 -80.7362036 50
172474915 2130.930128029021 3308.139069180575 35.3237229 -80.7365027 50
5616812331 2202.534292613748 3275.586002378369 35.3234285 -80.73571440000001 50
5616812362 2193.514511384952 3200.329150255025 35.3227479 -80.73581369999999 50
172618474 2206.176721892087 3283.934360202863 35.323504 -80.7356743 50
172618470 2266.880848737871 3337.78403252786 35.323991 -80.735006 50
172618468 2275.873379872903 3342.759874939819 35.324036 -80.73490700000001 50
172618465 2325.196050646184 3359.898887692436 35.324191 -80.734364 50
172817345 2269.515024524994 3355.144193832291 35.324148 -80.734977 50
172618451 2367.252029590806 3338.336903907045 35.323996 -80.733901 50
172618438 2416.029698477255 3335.461972736269 35.32397 -80.73336399999999 50
4059852172 2490.44970614433 3412.841850956189 35.3246698 -80.73254470000001 50
172284714 2149.160441148738 3430.002978563494 35.324825 -80.73630199999999 50
172284705 2200.481452172963 3391.744279129116 35.324479 -80.735737 50
172284703 2207.566476704085 3382.013742856308 35.324391 -80.735659 50
172558017 2212.380660038535 3324.625693705092 35.323872 -80.735606 50
172558040 2255.254141815716 3401.695963953034 35.324569 -80.735134 50
172558005 2247.169947157966 3343.976191974448 35.324047 -80.735223 50
172558046 2293.676774847742 3428.454938701496 35.324811 -80.734711 50
172817356 2252.619966028593 3408.883291881732 35.324634 -80.735163 50
172487190 2346.814458828844 3437.522029319563 35.324893 -80.734126 50
172558070 2355.2619880782 3442.829594558892 35.324941 -80.734033 50
172487196 2418.573040617344 3355.807639487031 35.324154 -80.73333599999999 50
172487163 2238.359083319314 3452.338982279181 35.325027 -80.73532 50
5616812361 2130.167125387457 3356.161477169794 35.3241572 -80.7365111 50
5616812325 2109.220886197015 3445.45020489582 35.3249647 -80.7367417 50
5616812356 2236.397076525565 3151.200999506029 35.3223036 -80.7353416 50
5616812321 2352.891229869905 3063.548771062869 35.3215109 -80.7340591 50
172358849 2289.516593777491 2963.600683147399 35.320607 -80.7347568 50
4370141962 2206.085888245052 2866.494354120672 35.3197288 -80.7356753 50
5933125890 2172.023270307678 2826.853476238683 35.3193703 -80.7360503 50
172358846 2079.627283733971 2720.248816918308 35.3184062 -80.73706749999999 50
172358843 2048.743843470551 2683.737191042349 35.318076 -80.7374075 50
172358840 1958.664114916456 2579.310844956679 35.3171316 -80.7383992 50
172474921 2103.898034434086 3416.269653506853 35.3247008 -80.7368003 50
172428240 2014.817476006619 3422.373353531871 35.324756 -80.737781 50
172428251 1968.401481963877 3426.24345318546 35.324791 -80.738292 50
172428260 1944.058064344748 3417.286936844356 35.32471 -80.73856000000001 50
172500066 1939.153047363263 3348.620311559037 35.324089 -80.738614 50
172428267 1919.896314021999 3401.253666849405 35.324565 -80.738826 50
172500077 1946.783073780061 3296.982124750075 35.323622 -80.73853 50
172166297 1968.583149259102 3268.011664484875 35.32336 -80.73829000000001 50
172166285 2011.365797388093 3289.905371097636 35.323558 -80.737819 50
172166231 1958.409780703372 3262.372376418175 35.323309 -80.73840199999999 50
172166269 2055.420116587127 3253.526434351923 35.323229 -80.737334 50
172166265 2016.543315314148 3228.647222292127 35.323004 -80.737762 50
172166254 1973.033998004256 3213.60912077999 35.322868 -80.738241 50
172166308 1915.808799869607 3253.415860076367 35.323228 -80.738871 50
172166320 1857.856932554056 3328.606367635644 35.323908 -80.739509 50
172428283 1911.902953014751 3355.365342384809 35.32415 -80.73891399999999 50
172166324 1836.23852437024 3367.749661275171 35.324262 -80.73974699999999 50
2562250643 1254.013008501658 3163.165136150265 35.3224118 -80.74615679999999 50
2562250663 1315.788972390774 3281.103658742169 35.3234784 -80.7454767 50
2562250645 1239.143540351122 3170.805818609937 35.3224809 -80.7463205 50
2562250641 1325.998674406011 3123.480028558194 35.3220529 -80.74536430000001 50
2562250670 1358.19920256357 3361.314238422783 35.3242038 -80.74500980000001 50
2562250658 1355.401526210397 3253.327400655501 35.3232272 -80.7450406 50
2562250668 1388.973642448468 3346.386711186905 35.3240688 -80.744671 50
2562250672 1291.391054584117 3396.388398713705 35.324521 -80.7457453 50
2562250679 1248.662906643809 3420.482533415157 35.3247389 -80.74621569999999 50
2562250666 1256.774351395323 3329.535191552281 35.3239164 -80.74612639999999 50
2562250682 1269.899813505688 3451.940914886337 35.3250234 -80.7459819 50
2562250671 1216.625879053456 3381.75942202246 35.3243887 -80.7465684 50
2562250669 1204.42692014955 3357.256162500116 35.3241671 -80.7467027 50
2562250665 1190.029786967986 3328.573195352204 35.3239077 -80.7468612 50
2562250664 1242.313634660488 3301.61518690732 35.3236639 -80.74628559999999 50
2562250660 1156.257836705514 3263.79878457657 35.3233219 -80.74723299999999 50
2562250654 1207.951265685935 3235.2485065582 35.3230637 -80.7466639 50
2562250649 1188.42203140241 3197.542678503006 35.3227227 -80.7468789 50
2562250652 1152.361073211779 3224.998271190351 35.322971 -80.74727590000001 50
172272678 1390.87206568779 3234.938898586222 35.3230609 -80.7446501 50
2562250653 1433.08246183503 3225.031443472385 35.3229713 -80.74418540000001 50
172272672 1433.218712307315 3388.615027123788 35.3244507 -80.7441839 50
172272681 1360.606294230217 3176.323474973736 35.3225308 -80.7449833 50
4614237069 1449.414351716579 3220.431553599284 35.3229297 -80.74400559999999 50
2562250648 1531.727803380435 3197.266242813765 35.3227202 -80.74309940000001 50
4614237067 1416.468987646632 3161.196914041436 35.322394 -80.7443683 50
4591497750 1549.313197600542 3192.378859822672 35.322676 -80.7429058 50
4591497751 1535.079564986183 3149.089030838908 35.3222845 -80.74306249999999 50
2562250644 1604.231221079012 3165.111243405107 35.3224294 -80.7423012 50
4591497753 1538.13157555244 3091.369258858915 35.3217625 -80.7430289 50
4591497754 1547.878025964449 2975.697508922583 35.3207164 -80.7429216 50
4591497755 1551.774789455872 2905.648705189653 35.3200829 -80.74287870000001 50
4591497757 1605.739059632965 2901.767548107312 35.3200478 -80.7422846 50
4614237065 1380.898531155305 3075.170127451686 35.321616 -80.74475990000001 50
4614237063 1350.505592592346 3036.634992327363 35.3212675 -80.74509449999999 50
4614237061 1391.798568896559 3069.663528515231 35.3215662 -80.7446399 50
2562250681 1453.256615018164 3448.745318315536 35.3249945 -80.7439633 50
172272669 1438.459813786642 3422.848822918237 35.3247603 -80.7441262 50
172272683 1281.317603038854 3061.33728554613 35.3214909 -80.74585620000001 50
172204345 417.5077788938352 3384.446376924862 35.324413 -80.755366 50
172204354 461.4712644435231 3389.311645061266 35.324457 -80.75488199999999 50
172782662 416.2361078226349 3425.58000753072 35.324785 -80.75538 50
172161891 382.7184917732479 3192.047136995302 35.322673 -80.75574899999999 50
172204357 524.6369831457932 3438.694116643406 35.3249036 -80.7541866 50
5898879934 555.175255545626 3454.616812361394 35.3250476 -80.7538504 50
172782638 375.8151345373522 3116.746055161173 35.321992 -80.755825 50
172161888 427.1361455615779 3187.403017410713 35.322631 -80.75526000000001 50
172782632 378.2676430292499 2973.220645143947 35.320694 -80.755798 50
172782622 364.642595853838 2921.803606886801 35.320229 -80.755948 50
172782610 309.688238917016 2874.920113938688 35.319805 -80.756553 50
172782591 167.2610791171469 2869.944271526728 35.31976 -80.758121 50
172556735 99.04500959652023 2825.051115542133 35.319354 -80.758872 50
172556727 133.3801284761539 2784.912653419089 35.318991 -80.758494 50
172556739 35.09812152351014 2886.751561451271 35.319912 -80.759576 50
172556707 139.1934819372323 2739.2454775049 35.318578 -80.75843 50
172556701 131.654289168624 2717.351770892139 35.31838 -80.75851299999999 50
172556696 105.766699536035 2682.963171112054 35.318069 -80.758798 50
172624185 223.032938885372 2657.199364845702 35.317836 -80.757507 50
172161882 491.62803552373 3187.734740238083 35.322634 -80.75454999999999 50
172161876 566.1116267440761 3200.008484853593 35.322745 -80.75373 50
172161874 607.4409365077981 3213.498546505138 35.322867 -80.753275 50
172161872 652.1310912418539 3232.075024842087 35.323035 -80.75278299999999 50
172161870 697.5479151556569 3256.511939799661 35.323256 -80.75228300000001 50
5837388904 744.6542449221042 3286.875635939817 35.3235306 -80.7517644 50
172161866 789.7440677061181 3323.40937667187 35.323861 -80.751268 50
172161864 819.719171488789 3356.028788038846 35.324156 -80.750938 50
172161863 844.425923699524 3397.162418644704 35.324528 -80.750666 50
172292772 1775.37998032415 3412.97454008784 35.324671 -80.74041699999999 50
172292762 1733.233167729026 3435.421118079083 35.324874 -80.740881 50
172292789 1787.642522780172 3455.766784829846 35.325058 -80.74028199999999 50
172292760 1732.778999489229 3445.372802903001 35.324964 -80.740886 50
172609277 1668.832111416219 3418.060956775355 35.324717 -80.74159 50
172609283 1675.099633117094 3421.599333600871 35.324749 -80.74152100000001 50
172609341 1659.203744746165 3403.354578090588 35.324584 -80.741696 50
172609295 1687.634676518843 3379.470534512903 35.324368 -80.741383 50
172609487 1676.007969595532 3458.752290277584 35.325085 -80.741511 50
172609306 1695.718871175437 3332.808190116604 35.323946 -80.741294 50
172609337 1658.749576506369 3357.797976451956 35.324172 -80.74170100000001 50
172609399 1908.451274396225 3441.281554697597 35.324927 -80.738952 50
172609409 1857.947766201091 3446.367971385112 35.324973 -80.739508 50
172609412 1849.59107060108 3454.108170692994 35.325043 -80.7396 50
