323132728 508.4269586600538 419.344173281774 23.0171639 72.5301913 50
429411943 866.4621291320041 222.2969310275013 23.0153846 72.53368399999999 50
429411953 1322.004401320153 356.8179702933325 23.0165993 72.53812790000001 50
429411957 1764.979000386297 421.7805467596484 23.0171859 72.54244919999999 50
429411959 1873.208602982556 435.6235778853761 23.0173109 72.543505 50
429417602 508.9702593740351 654.6978512663558 23.0192891 72.5301966 50
429417715 1539.796230901444 823.7046496722248 23.0208152 72.54025249999999 50
429417719 1538.248336415278 868.2570610467214 23.0212175 72.5402374 50
429417721 1532.999846500311 977.9381652613458 23.0222079 72.54018619999999 50
429417761 1789.478787297383 0 23.0133773 72.5426882 50
429417763 1795.086060702788 163.4252882565759 23.014853 72.54274289999999 50
429417765 1797.341271213186 229.1852233154971 23.0154468 72.54276489999999 50
429417766 1800.129531482224 294.7790420009589 23.0160391 72.5427921 50
429417767 1788.269174388362 352.0670420113364 23.0165564 72.5426764 50
429417768 1746.783551949507 464.3395616522798 23.0175702 72.5422717 50
429417770 1711.58176607035 549.2028796643178 23.0183365 72.5419283 50
429417772 1685.185552139305 610.444449364086 23.0188895 72.54167080000001 50
429417774 1637.416093142055 710.2028688673295 23.0197903 72.5412048 50
429417779 1626.744847043921 735.4636320655727 23.0200184 72.5411007 50
429417781 1619.200142789364 766.1619378896793 23.0202956 72.54102709999999 50
429417783 1616.565646875235 802.9068797087654 23.0206274 72.5410014 50
429417787 1611.019879209706 979.2117241246522 23.0222194 72.5409473 50
429417808 1327.088875924869 678.6850556005884 23.0195057 72.5381775 50
429417811 1553.214733440727 698.8072856448432 23.0196874 72.5403834 50
429417812 1721.648205713321 716.5485143352405 23.0198476 72.54202650000001 50
429417813 1768.536082419443 720.3913397755409 23.0198823 72.54248389999999 50
429417816 864.9142346445333 246.8600054565106 23.0156064 72.5336689 50
429417819 859.9322696088864 444.8707226768479 23.0173944 72.5336203 50
429417821 871.054557809882 638.4516699374454 23.0191424 72.53372880000001 50
429417823 861.2238901749878 650.0244439580537 23.0192469 72.5336329 50
429417825 824.0436696200941 651.4973424702158 23.0192602 72.5332702 50
429417827 718.5305705937418 650.8439514010406 23.0192543 72.53224090000001 50
429417828 309.9376808555039 653.0699108061012 23.0192744 72.528255 50
429417829 152.2164585089319 646.8017863122365 23.0192178 72.5267164 50
429417833 70.05503922452158 653.3910691280054 23.0192773 72.5259149 50
429417834 20.74793669644669 655.0079351632452 23.0192919 72.5254339 50
755760416 1493.605419262908 864.1595238339005 23.0211805 72.5398019 50
755760420 1617.806012656801 875.311469708529 23.0212812 72.54101350000001 50
755760424 1505.70154836615 915.5559297966865 23.0216446 72.5399199 50
755760426 1614.56671028751 923.961418296551 23.0217205 72.54098190000001 50
755760432 1418.814437966158 866.3522599639172 23.0212003 72.5390723 50
755760436 1438.957568207443 986.2329095114155 23.0222828 72.5392688 50
755760441 1461.714692450869 870.7266577996401 23.0212398 72.5394908 50
755760443 1480.607205956549 982.3457863714084 23.0222477 72.5396751 50
755760447 888.2044086465984 1094.507561763614 23.0232605 72.53389610000001 50
755760450 1064.162083257849 1053.831199104109 23.0228932 72.53561259999999 50
755760453 1231.28343305105 1014.649883806092 23.0225394 72.5372429 50
755760456 1273.763398306749 1004.849017769169 23.0224509 72.53765730000001 50
755760458 1394.540172106504 990.8841679700404 23.0223248 72.5388355 50
755760516 1691.571898266769 594.0543005113935 23.0187415 72.5417331 50
755760520 1456.404696794722 558.0070474597803 23.018416 72.539439 50
755760527 1452.130047782002 427.8604060296721 23.0172408 72.5393973 50
755760544 1453.534428871211 470.4637186223623 23.0176255 72.539411 50
755760547 1729.377427190117 506.2894831750904 23.017949 72.54210190000001 50
755760557 1455.031068575451 516.1567957610455 23.0180381 72.5394256 50
755760570 1455.892148950679 542.436406050427 23.0182754 72.539434 50
755760598 1616.565646875235 828.0790475079477 23.0208547 72.5410014 50
755760641 1459.633748207367 690.2356807718716 23.01961 72.53947049999999 50
755760682 1463.90839722139 818.2338837713176 23.0207658 72.5395122 50
761303034 857.3900323071803 507.3969256652895 23.017959 72.5335955 50
761303172 719.9349516842547 503.3215373017935 23.0179222 72.5322546 50
761303182 719.8221911585391 436.2548201048741 23.0173166 72.5322535 50
761303189 725.3269549974833 298.4557510681523 23.0160723 72.53230720000001 50
761303223 639.536696980796 425.3132883027073 23.0172178 72.5314703 50
761303233 557.53929300794 420.4405413466062 23.0171738 72.53067040000001 50
1088205869 1004.962807355004 844.1148147640442 23.0209995 72.5350351 50
1088205871 1075.345877198722 688.8403032341079 23.0195974 72.5357217 50
1088205872 1117.139028343481 566.3571638352757 23.0184914 72.53612939999999 50
1088205873 1134.73992128306 491.9924006283388 23.0178199 72.5363011 50
1088205875 1131.5723756129 468.0827172685047 23.017604 72.5362702 50
1088205876 1088.549109643219 404.5155183399523 23.01703 72.5358505 50
1088205878 924.851579444157 234.3680541684877 23.0154936 72.5342536 50
1088205883 995.92146339751 866.6955671358508 23.0212034 72.53494689999999 50
1088205886 637.6197680462402 859.4307444015817 23.0211378 72.5314516 50
1088205887 620.0291260646118 850.6819487297837 23.0210588 72.53128 50
1088205888 621.9870588257521 673.070322176251 23.019455 72.5312991 50
1467956817 898.7833961323086 1037.795431848717 23.0227484 72.5339993 50
1467956818 888.0506442929943 1077.486170691423 23.0231068 72.5338946 50
1782753347 1875.146033830404 732.9497376129475 23.0199957 72.5435239 50
1782753358 1826.556498284511 727.0802924160901 23.0199427 72.5430499 50
1782753369 1450.110609278377 376.2092882940136 23.0167744 72.53937759999999 50
1795593250 498.5450362406249 654.7310745410477 23.0192894 72.53009489999999 50
1795621352 528.1703015856193 1042.834295177926 23.0227939 72.5303839 50
1795660574 869.0043664363184 215.0542571425572 23.0153192 72.5337088 50
1812398414 953.195475179696 940.2075996254612 23.0218672 72.5345301 50
1812398430 1316.858420972952 999.8544521393146 23.0224058 72.5380777 50
1812398473 964.1537480691372 1076.688812098818 23.0230996 72.534637 50
1877234617 141.955250685772 647.5326983554579 23.0192244 72.5266163 50
1877261447 621.9665569124599 650.1905603315131 23.0192484 72.5312989 50
1877261454 152.144701811105 642.0065603298293 23.0191745 72.5267157 50
1877261455 479.5192602959372 654.1995021456253 23.0192846 72.5299093 50
1877261456 859.5119803772667 296.0636752896322 23.0160507 72.5336162 50
1877261466 6.847639186972117 648.3522057980925 23.0192318 72.5252983 50
1877261469 857.3182756080491 373.7064682671077 23.0167518 72.5335948 50
1877261470 862.8127884890432 221.4552747351895 23.015377 72.5336484 50
1877261471 718.5613234649843 646.0487254186334 23.019211 72.5322412 50
1877261474 0 652.084286989655 23.0192655 72.5252315 50
1877261476 310.0504413799152 648.2746848236941 23.0192311 72.52825609999999 50
1877261478 529.9027132940244 649.570392537382 23.0192428 72.5304008 50
1877261479 20.58392138880481 650.2127091815424 23.0192486 72.52543230000001 50
1877261482 823.9616619643168 646.7021164881608 23.0192169 72.53326939999999 50
1877261483 479.6012679517144 649.4042761639225 23.0192413 72.5299101 50
1877261485 867.9177650083558 645.2735156757053 23.019204 72.5336982 50
1877261486 69.77826338855579 648.6069175706128 23.0192341 72.52591219999999 50
1877261489 498.4425266715555 649.5482436873526 23.0192426 72.5300939 50
1877261490 863.325336331782 600.7764764255778 23.0188022 72.53365340000001 50
1877261492 508.816495020431 648.9945224426053 23.0192376 72.5301951 50
1877261495 529.3389106667507 644.7640921306646 23.0191994 72.5303953 50
1877261496 854.9605555285816 645.5614507236221 23.0192066 72.5335718 50
1877261497 141.5964671953332 642.7485467987699 23.0191812 72.5266128 50
1877261498 621.9973097823982 645.3953343498104 23.0192051 72.53129920000001 50
1877261501 853.207641904276 507.2751069911844 23.0179579 72.5335547 50
1877261503 865.1397556972684 637.3220785979215 23.0191322 72.53367110000001 50
1877261505 0.2050191368347214 644.0442545121056 23.0191929 72.5252335 50
1877261508 865.3037710062144 214.2347496999226 23.0153118 72.5336727 50
1877261511 866.1135965995155 629.0494831968244 23.0190575 72.5336806 50
1877261514 860.3423078838599 642.9921841462756 23.0191834 72.5336243 50
1877261515 9.318119789546984 654.9082653391696 23.019291 72.52532239999999 50
1877263814 698.602710445938 813.0289040682976 23.0207188 72.53204650000001 50
1877263815 756.4796129127437 574.6186848110058 23.018566 72.5326111 50
1877263816 806.1352479746113 802.2645630649571 23.0206216 72.5330955 50
1877263817 667.8805927163348 733.6806496565213 23.0200023 72.53174679999999 50
1877263818 613.1609849630433 531.9932233689907 23.0181811 72.53121299999999 50
1877263819 612.59718233577 494.8053045535431 23.0178453 72.53120749999999 50
1877263820 799.2568559177009 629.7582463903688 23.0190639 72.53302840000001 50
1877263821 524.1006717084305 533.5547172802137 23.0181952 72.5303442 50
1877263822 715.947329462843 789.6950908032402 23.0205081 72.53221569999999 50
1877263823 803.9312922474437 694.5547064832253 23.019649 72.533074 50
1877263824 799.5746355802512 749.3398864656401 23.0201437 72.53303150000001 50
1877263825 611.5413337790498 454.5608444646812 23.0174819 72.53119719999999 50
1877263826 790.7895655441268 505.4256780327491 23.0179412 72.53294579999999 50
1877263827 755.8133007164009 793.5157673938636 23.0205426 72.5326046 50
1877263828 803.4289953613509 646.5802978144079 23.0192158 72.53306910000001 50
1877263829 792.1119389801668 559.5020948216196 23.0184295 72.53295869999999 50
1877263830 771.4870137660816 814.0256023094064 23.0207278 72.5327575 50
1877263831 697.0138121318827 860.1616564448032 23.0211444 72.532031 50
1877263832 756.9716588421904 737.8889311184325 23.0200403 72.5326159 50
1877263833 794.8591954213157 577.5423329849483 23.0185924 72.5329855 50
1877263834 719.2583885312656 574.9176942828805 23.0185687 72.532248 50
1877263835 667.0502652110459 780.2375319382502 23.0204227 72.53173870000001 50
1877263837 719.8836969010241 475.402912127495 23.0176701 72.5322541 50
1877263838 800.0871834216859 776.8376834939588 23.020392 72.53303649999999 50
1877263839 526.5096465724329 492.2471124015636 23.0178222 72.5303677 50
1877263840 804.6488592270173 651.6413099936458 23.0192615 72.533081 50
1877263841 824.053920575436 861.7342247803364 23.0211586 72.5332703 50
1877263842 795.997051633813 597.8860515270317 23.0187761 72.5329966 50
1877263843 654.4005844371758 650.4120488300459 23.0192504 72.5316153 50
1877263844 716.8494136672632 736.4714047313439 23.0200275 72.5322245 50
1877263845 799.8104075870243 710.1364223182979 23.0197897 72.5330338 50
1877263846 812.7368641968601 824.9560596858539 23.0208265 72.5331599 50
1877263847 537.5499271163471 533.3221543570182 23.0181931 72.5304754 50
1877263848 806.1352479746113 682.527881041241 23.0195404 72.5330955 50
1877263849 621.3514995006517 731.0227876801139 23.0199783 72.5312929 50
1877263850 654.4005844371758 645.6168228476389 23.0192071 72.5316153 50
1877263851 573.0079869181778 532.7019865625349 23.0181875 72.5308213 50
1877263852 611.4695770799187 579.1813478698652 23.0186072 72.53119649999999 50
1877263853 505.7104550888431 532.2811584165552 23.0181837 72.53016479999999 50
1877263854 799.2568559177009 724.355983890651 23.0199181 72.53302840000001 50
1877263855 527.0529472864141 455.8897754534132 23.0174939 72.530373 50
1877263856 755.0547299089388 504.3625332422566 23.0179316 72.5325972 50
1877263858 651.6123241681381 477.7617646313232 23.0176914 72.53158809999999 50
1877263859 799.4413731399393 738.9520759092773 23.0200499 72.5330302 50
1877263860 729.6938626213218 737.2023167749177 23.0200341 72.53234980000001 50
1891785859 1535.470327105495 917.8594101761457 23.0216654 72.5402103 50
3298278196 1811.272321595208 561.3847470547468 23.0184465 72.5429008 50
3298278197 1911.916216111629 573.6773586942661 23.0185575 72.5438826 50
3298278198 1774.584146971064 692.2844493781058 23.0196285 72.5425429 50
3298278199 1798.08959106661 723.8022626451991 23.0199131 72.5427722 50
3298278200 1796.705711888086 735.0317294942261 23.0200145 72.54275869999999 50
3298278201 1796.705711888086 749.7717890373391 23.0201476 72.54275869999999 50
3298278202 1798.766154218295 765.4088769960763 23.0202888 72.54277879999999 50
3298278203 1807.428212770754 788.7648391111629 23.0204997 72.54286329999999 50
3298278204 1815.628978265008 808.9424412797869 23.0206819 72.5429433 50
3298278205 1819.965133017604 823.2173749768613 23.0208108 72.54298559999999 50
3298278206 1820.416175121771 828.4334291045438 23.0208579 72.54299 50
3298278207 1763.195333892053 846.7948255897766 23.0210237 72.5424318 50
3298278208 1667.89218790563 873.9936131455161 23.0212693 72.5415021 50
3298278209 1633.694995799963 881.7014128757944 23.0213389 72.5411685 50
3298278210 1622.521452815737 883.7501814827331 23.0213574 72.5410595 50
3298278211 1617.231959071577 883.9827444055763 23.0213595 72.5410079 50
3298295247 1794.101968843895 83.6229824237758 23.0141324 72.54273329999999 50
3355586303 332.7870637100489 648.429726772491 23.0192325 72.5284779 50
3355586416 245.8794513967648 645.7275670967292 23.0192081 72.5276301 50
3355587084 144.9690320049365 642.5159838755744 23.0191791 72.5266457 50
3355591449 1248.515291544848 442.799805220232 23.0173757 72.53741100000001 50
3355591450 1253.005210652352 447.2627984557203 23.017416 72.53745480000001 50
3355591451 1214.564122402599 451.7368661155188 23.0174564 72.5370798 50
3355591452 1256.285516848228 472.0695102325874 23.01764 72.5374868 50
3355591453 1304.126732543305 490.375534593099 23.0178053 72.5379535 50
3355591454 1256.685304167859 531.4173532738616 23.0181759 72.53749070000001 50
3355591455 1219.904870929989 533.7983546277193 23.0181974 72.53713190000001 50
3355595894 1123.361359161999 540.0775535465988 23.0182541 72.5361901 50
3355596002 1305.818140427734 528.2168444777217 23.018147 72.53797 50
3355596003 1311.087132257296 562.757975742481 23.0184589 72.53802140000001 50
3355596700 1176.471566687943 536.6223329775862 23.0182229 72.53670820000001 50
3355596701 1098.144005270036 622.0282978100612 23.0189941 72.53594409999999 50
3355596702 1262.415589054322 625.3727741296311 23.0190243 72.5375466 50
3355596703 1125.821588809232 626.5909608685683 23.0190353 72.5362141 50
3355596704 1156.90249002797 628.2189013295275 23.01905 72.5365173 50
3355596705 1226.075946962668 628.5954317758005 23.0190534 72.5371921 50
3355596706 1180.992238665386 628.9830366474407 23.0190569 72.5367523 50
3355596707 1208.434050196505 629.8468417894298 23.0190647 72.53702 50
3355596708 1227.572586665604 651.6523844186605 23.0192616 72.5372067 50
3421268335 1793.374150907675 46.66762653081918 23.0137987 72.5427262 50
3421268344 934.8155095180589 244.9552043737063 23.0155892 72.5343508 50
3421268345 939.9409879506637 250.6142354977502 23.0156403 72.5344008 50
3421268349 983.4973036763752 295.321688821396 23.016044 72.5348257 50
3421268350 863.4175949429011 306.2632206228584 23.0161428 72.53365429999999 50
3421268351 982.9847558323322 315.3221001915458 23.0162246 72.5348207 50
3421268363 979.2636584915444 462.6230257929643 23.0175547 72.53478440000001 50
3421268364 981.1293326415655 466.9642003536431 23.0175939 72.53480260000001 50
3421268365 993.6047471472351 467.2742842501803 23.0175967 72.5349243 50
3421268367 1863.654711183628 480.6964872302804 23.0177179 72.5434118 50
3421268368 1780.468196212436 514.9386090224605 23.0180271 72.5426003 50
3421268370 1859.39031312625 525.0606333816405 23.0181185 72.5433702 50
3421268371 1921.38810025478 533.0120704601288 23.0181903 72.543975 50
3421268373 986.1215486351625 559.380276148219 23.0184284 72.5348513 50
3421268374 885.3751445509763 563.1012829144145 23.018462 72.5338685 50
3421268375 863.2740815485514 563.8211205333257 23.0184685 72.53365290000001 50
3421268376 1852.99371604214 566.4789825093809 23.0184925 72.54330779999999 50
3421268377 1101.209041373735 574.2643032140576 23.0185628 72.535974 50
3421268378 1113.571695353689 576.8114209410223 23.0185858 72.5360946 50
3421268382 1001.09819661465 594.7409148552607 23.0187477 72.53499739999999 50
3421268383 1023.865571816026 601.5627605938727 23.0188093 72.5352195 50
3421268384 1102.480160025241 609.3259324488722 23.0188794 72.5359864 50
3421268385 980.5040242705029 638.7728282593497 23.0191453 72.5347965 50
3421268386 1090.373779966656 644.7973154057088 23.0191997 72.5358683 50
3421268389 955.5531952591637 662.6492883448441 23.0193609 72.5345531 50
3421274390 1593.736765933982 397.8265656997555 23.0169696 72.5407787 50
3421274394 1079.917803962003 675.4402491047417 23.0194764 72.53576630000001 50
3421274404 853.7714445315495 741.2777051380614 23.0200709 72.5335602 50
3421274406 834.5406494513311 739.5611692783937 23.0200554 72.53337260000001 50
3421274408 825.1815258312872 765.6192910695945 23.0202907 72.5332813 50
3421274413 1031.051492580144 785.3428418168423 23.0204688 72.5352896 50
3421274414 845.7654472187879 789.8058350523306 23.0205091 72.5334821 50
3421274415 836.7241032625984 792.5965901268011 23.0205343 72.53339389999999 50
3421274418 900.2185300940639 800.3819108318301 23.0206046 72.5340133 50
3421274422 984.5634031910456 816.7831341091849 23.0207527 72.53483610000001 50
3421274423 1014.198919491382 823.7489473719315 23.0208156 72.5351252 50
3421274427 851.0959447908357 862.5094345236166 23.0211656 72.5335341 50
3421274428 881.0082369258337 863.3732396656058 23.0211734 72.5338259 50
3421274429 892.5508143584489 869.1983871631089 23.021226 72.5339385 50
3421274430 849.5172974334265 923.7620786480475 23.0217187 72.5335187 50
3421274431 892.5508143584489 929.0445793254659 23.0217664 72.5339385 50
3421274432 849.3532821231763 929.9859054422056 23.0217749 72.5335171 50
3421274433 959.0180186785822 931.6913668768586 23.0217903 72.53458689999999 50
3421274435 848.2666806952136 972.4673993600863 23.0221585 72.5335065 50
3421274436 754.3781667559497 972.7774832576802 23.0221613 72.53259060000001 50
3421274437 716.01908616067 974.3279027435362 23.0221753 72.5322164 50
3421274438 930.7663815554664 975.1474101861709 23.0221827 72.5343113 50
3421276395 1587.114647798441 444.5717132049732 23.0173917 72.5407141 50
3421276400 1578.667859340767 486.720974375935 23.0177723 72.54063170000001 50
3421276405 1572.486532350138 531.2844601754464 23.0181747 72.5405714 50
3421276409 1569.944295047128 575.416043403611 23.0185732 72.5405466 50
3421282494 706.2601752249069 221.1784141122875 23.0153745 72.53212120000001 50
3421282495 649.6031366237673 234.0136725722439 23.0154904 72.53156850000001 50
3421282497 566.775405143014 271.8106847571601 23.0158317 72.5307605 50
3421282498 529.2056482290471 275.8639242713311 23.0158683 72.530394 50
3421282515 108.4551236463857 650.257006881249 23.019249 72.5262895 50
3421282550 700.1301030188125 980.2527200654674 23.0222288 72.5320614 50
3421282557 775.1978601515275 1175.683096283796 23.0239935 72.5327937 50
3421351597 1349.087429359529 743.4815156930927 23.0200908 72.5383921 50
3421351598 1296.930560825148 748.2435184008079 23.0201338 72.5378833 50
3421351599 1428.993638133541 820.0833127297528 23.0207825 72.5391716 50
3421351600 1358.733579770881 834.0149392541891 23.0209083 72.53848619999999 50
3421351601 1230.893896690673 847.2045793110939 23.0210274 72.53723909999999 50
3426667599 912.8374579966915 1007.274316822381 23.0224728 72.53413639999999 50
3428425915 892.5815672283873 863.7054724128767 23.0211764 72.5339388 50
3516753013 869.0043664363184 642.9146631722294 23.0191827 72.5337088 50
3516753014 875.308704908005 649.4817971383211 23.019242 72.5337703 50
3516753015 293.9154352733345 652.4386685869554 23.0192687 72.5280987 50
3516753016 877.8509422123194 666.0048390897811 23.0193912 72.53379510000001 50
3516753017 878.3122352705234 679.3162978200864 23.0195114 72.53379959999999 50
3516753018 945.015211600038 682.2953181180457 23.0195383 72.5344503 50
3516753019 873.6993046793533 684.8202869960378 23.0195611 72.53375459999999 50
4262087386 861.0291219934951 401.4479026425798 23.0170023 72.533631 50
4262087387 918.9880321160781 400.9827767965412 23.0169981 72.5341964 50
4262087388 933.4316303408382 400.5287253755173 23.016994 72.5343373 50
4262088789 933.482885126677 370.8160433671526 23.0167257 72.5343378 50
4262088790 932.0067473370332 367.0728877512799 23.0166919 72.53432340000001 50
4262088791 930.5306095473892 363.5955183325901 23.0166605 72.53430899999999 50
4262088792 927.1682956944319 359.852362716013 23.0166267 72.53427619999999 50
4262088793 925.2923705890689 357.9918593325631 23.0166099 72.5342579 50
4262088794 862.1157234201536 358.1247524316829 23.0166111 72.5336416 50
4262088795 902.8325240949009 400.9384790968346 23.0169977 72.5340388 50
4262088796 902.8222731382549 358.0361570322697 23.0166103 72.5340387 50
4463480426 573.7870596402363 253.7261488948293 23.0156684 72.5308289 50
5174115726 837.7491989493801 972.5006226347782 23.0221588 72.5334039 50
5174115727 824.8329932987988 972.5449203344847 23.0221592 72.5332779 50
5174115728 811.0762091836737 972.5892180341914 23.0221596 72.5331437 50
5174115729 797.0631511471793 972.6335157338979 23.02216 72.533007 50
5174115730 787.9808033631011 972.6667390085897 23.0221603 72.5329184 50
5174115731 765.9925008850877 972.7442599829883 23.022161 72.5327039 50
5174115732 742.5895663586111 973.2536835283813 23.0221656 72.5324756 50
5174115733 728.8737860713748 973.8074047731286 23.0221706 72.5323418 50
5174115734 707.9208302367892 976.4984900238755 23.0221949 72.5321374 50
5174115735 678.9823790027342 987.8276266973303 23.0222972 72.5318551 50
5174115736 670.0332936589679 991.0945820432064 23.0223267 72.5317678 50
5174115737 659.9566030593505 994.7712911096953 23.0223599 72.53166950000001 50
5174115738 651.2432897223574 997.9496510565102 23.0223886 72.53158449999999 50
5174115739 641.9354208881523 1001.349499500449 23.0224193 72.5314937 50
5174115740 629.8495427428599 1005.757120610864 23.0224591 72.53137580000001 50
5174115741 618.0096875609865 1010.07614632257 23.0224981 72.5312603 50
5174115742 607.768981652423 1013.80822751378 23.0225318 72.5311604 50
5174115743 599.1274250145609 1016.953364185551 23.0225602 72.53107610000001 50
5174115744 585.7191734319246 1021.84825999133 23.0226044 72.5309453 50
5174115745 573.4590290197358 1026.322327651128 23.0226448 72.53082569999999 50
5174115746 552.4138145740311 1033.996904107419 23.0227141 72.5306204 50
5174115747 540.1536701605381 1038.459897342203 23.0227544 72.5305008 50
5174119152 850.5731459901466 882.9417484651132 23.0213501 72.533529 50
5174119153 850.1221038885885 900.3950421082982 23.0215077 72.53352460000001 50
5174119154 849.6608108290802 918.1916429230645 23.0216684 72.5335201 50
5174119155 849.0252515039799 942.754717352426 23.0218902 72.5335139 50
5174119156 848.6459660989447 957.7827119420467 23.0220259 72.53351019999999 50
5174119157 877.8714441243073 973.430874326503 23.0221672 72.53379529999999 50
5174119158 902.3712310366968 974.2282329198129 23.0221744 72.5340343 50
5174119159 919.6748462257133 974.7819541645601 23.0221794 72.5342031 50
5683942063 1301.594746198245 449.5884276848566 23.017437 72.5379288 50
5683942064 1297.750637373791 411.3152152288872 23.0170914 72.5378913 50
5683942065 1307.642810748562 381.2370771989117 23.0168198 72.5379878 50
5707397075 1856.981338263552 566.9662572043922 23.0184969 72.5433467 50
5707397076 1816.397800029117 725.9064033761549 23.0199321 72.5429508 50
5707716294 683.7900777740929 1202.029153122209 23.0242314 72.531902 50
5707716295 639.8852295145887 1098.970554998398 23.0233008 72.53147370000001 50
5708237616 744.9985412226135 973.1540137043055 23.0221647 72.5324991 50
5708237617 744.7422673012441 907.1725901472037 23.0215689 72.5324966 50
5708237618 749.5499660726027 906.9068039496685 23.0215665 72.5325435 50
5708237619 748.4736155999822 860.8039730893158 23.0211502 72.532533 50
5708239922 719.955453598851 1031.815242402065 23.0226944 72.5322548 50
5708239923 626.4154721920756 1066.821499512158 23.0230105 72.53134230000001 50
6380063708 924.636309349372 1086.024552289703 23.0231839 72.5342515 50
6380063709 770.5131728625304 1165.02949953025 23.0238973 72.532748 50
6380063710 745.480336195414 1023.476200452289 23.0226191 72.5325038 50
6952826339 793.3113009338449 1144.342473815881 23.0237105 72.5329704 50
6952826341 697.0138121318827 860.1616564448032 23.0211444 72.532031 50
6970747151 1365.386450778968 899.1768553690088 23.0214967 72.53855110000001 50
6970747152 1302.271309351234 909.3764007022351 23.0215888 72.53793539999999 50
6970747153 1298.293938087772 876.895112469077 23.0212955 72.5378966 50
6970747154 1313.393597552229 1000.253131435617 23.0224094 72.53804390000001 50
7070831510 1120.398832627369 287.4699215666311 23.0159731 72.5361612 50
7070831511 1118.481903694118 379.8749229361923 23.0168075 72.5361425 50
7070831512 1115.222099408926 442.8219540706136 23.0173759 72.53611069999999 50
7070907289 1368.820521327144 863.3621652409431 23.0211733 72.53858459999999 50
7070907290 1378.312907386196 895.2122112546032 23.0214609 72.5386772 50
7070907291 1391.003591987955 991.2939216910054 23.0223285 72.53880100000001 50
7070907292 1362.2189051062 877.1608986669643 23.0212979 72.53852019999999 50
7070907293 1372.674881110852 920.2182626799738 23.0216867 72.53862220000001 50
7070907294 1376.488237064063 992.9661598509665 23.0223436 72.5386594 50
7081823294 1163.483604336926 273.4386252177669 23.0158464 72.5365815 50
7081823295 1162.191983772129 281.5894019447587 23.01592 72.53656890000001 50
7081823296 1162.191983772129 286.0966928788969 23.0159607 72.53656890000001 50
7081823297 1162.468759606791 290.7479513371696 23.0160027 72.5365716 50
7081823298 1162.468759606791 293.6162273863908 23.0160286 72.5365716 50
7081823299 1164.262677058985 304.148005466888 23.0161237 72.5365891 50
7081823300 1162.745535442757 314.3918484994686 23.0162162 72.5365743 50
7081823301 1160.275054837573 325.610240923833 23.0163175 72.53655019999999 50
7081823302 1156.697470892439 332.2991935636775 23.0163779 72.5365153 50
7081823303 1153.673438615325 341.1919567585533 23.0164582 72.53648579999999 50
7081823304 1151.746258725427 353.2187822005376 23.0165668 72.536467 50
7081823305 1149.552553954905 366.618836330256 23.0166878 72.53644559999999 50
7081823306 1148.44545061365 382.7431989854134 23.0168334 72.53643479999999 50
7081823307 1148.035412339981 392.3115020991416 23.0169198 72.53643080000001 50
7081823308 1146.251745844433 401.0602977709397 23.0169988 72.5364134 50
7081823309 1142.120610228671 417.0517673273295 23.0171432 72.53637310000001 50
7081823310 1141.023757842759 423.0651800483217 23.0171975 72.5363624 50
7081823311 1138.830053072237 431.1384358005628 23.0172704 72.53634099999999 50
7081823312 1139.096577951557 435.235973013736 23.0173074 72.5363436 50
7081823313 1139.650129623488 439.0677240290218 23.017342 72.536349 50
7081823314 1141.577309513386 443.1652612425472 23.017379 72.53636779999999 50
7081823315 1144.191303514223 445.7566766688663 23.0174024 72.5363933 50
7081823316 1147.902149899669 450.1310745052937 23.0174419 72.5364295 50
7081823317 1148.588964010608 452.8664574550428 23.0174666 72.5364362 50
7081823318 1146.528521679094 457.2408552907658 23.0175061 72.5364161 50
7081823319 1140.060167898462 462.1689743715882 23.0175506 72.53635300000001 50
7081823320 1133.735327510875 478.8470582718452 23.0177012 72.5362913 50
7085572050 575.8270000571538 291.9550636514443 23.0160136 72.5308488 50
7085572053 601.7106661441557 289.1310853019297 23.0159881 72.5311013 50
7085572054 599.6399728572998 353.9053965447569 23.016573 72.53108109999999 50
7085572055 652.1556248847278 356.4968119714283 23.0165964 72.53159340000001 50
7085572056 649.5518818379284 283.915031173895 23.015941 72.53156799999999 50
7085572057 526.0073496863401 297.3926062776598 23.0160627 72.53036280000001 50
7085690661 1793.128127942952 58.49511232429995 23.0139055 72.5427238 50
7085690668 1792.964112632702 66.7123356006756 23.0139797 72.5427222 50
7187680413 1798.622640823946 259.2744357697828 23.0157185 72.54277740000001 50
7192214080 894.57025286077 1053.377147683085 23.0228891 72.5339582 50
