429417715 429417719
429417719 1891785859
1891785859 429417721
429417808 755760641
755760641 429417811
429417811 429417774
429417774 429417812
429417812 429417813
429417813 3298278199
3298278199 5707397076
5707397076 1782753358
1782753358 1782753347
755760416 429417719
429417719 755760420
755760424 1891785859
1891785859 755760426
755760432 755760436
755760441 755760443
755760447 6380063708
6380063708 1812398473
1812398473 755760450
755760450 755760453
755760453 755760456
755760456 6970747154
6970747154 1812398430
1812398430 7070907294
7070907294 7070907291
7070907291 755760458
755760458 755760436
755760436 755760443
755760443 429417721
755760516 3421276409
3421276409 755760520
755760527 3421276395
3421276395 429417768
755760544 3421276400
3421276400 755760547
755760557 3421276405
3421276405 429417770
1782753369 755760527
755760527 755760544
755760544 755760557
755760557 755760570
755760570 755760520
755760520 755760641
755760598 429417715
429417715 755760682
755760682 755760641
761303034 1877261501
1877261501 1877263826
1877263826 1877263856
1877263856 761303172
761303172 1877263837
1877263837 761303182
761303182 761303189
761303182 761303223
761303223 761303233
761303233 323132728
761303172 1877263834
1877263834 1877261471
1877261471 429417827
1088205883 3428425915
3428425915 3421274428
3421274428 3421274427
3421274427 1877263841
1877263841 5708237619
5708237619 1877263831
1877263831 6952826339
429417761 3421268335
3421268335 7085690661
7085690661 7085690668
7085690668 3298295247
3298295247 429417763
429417763 429417765
429417765 7187680413
7187680413 429417766
429417766 429417767
429417767 429411957
429411957 429417768
429417768 755760547
755760547 429417770
429417770 755760516
755760516 429417772
429417772 429417774
429417774 429417779
429417779 429417781
429417781 429417783
429417783 755760598
755760598 755760420
755760420 3298278211
3298278211 755760426
755760426 429417787
755760447 1467956818
1467956818 7192214080
7192214080 1467956817
1467956817 3426667599
3426667599 3421274438
3421274438 1812398414
1812398414 3421274433
3421274433 1088205883
1088205883 1088205869
1088205869 3421274423
3421274423 3421274413
3421274413 1088205871
1088205871 3421274394
3421274394 3421268386
3421268386 3355596701
3355596701 3421268384
3421268384 3421268378
3421268378 1088205872
1088205872 3355595894
3355595894 1088205873
1088205873 7081823320
7081823320 1088205875
1088205875 7070831512
7070831512 1088205876
1088205876 3421268349
3421268349 3421268345
3421268345 3421268344
3421268344 1088205878
1877261474 1877261515
1877261515 429417834
429417834 429417833
429417833 3421282515
3421282515 1877234617
1877234617 429417829
429417829 3516753015
3516753015 429417828
429417828 1877261455
1877261455 1795593250
1795593250 429417602
429417602 1877261478
1877261478 1877261447
1877261447 1877263843
1877263843 429417827
429417827 1877263840
1877263840 429417825
429417825 429417823
1877261508 1877261470
1877261470 1877261456
1877261456 1877261469
1877261469 1877261501
1877261501 1877261490
1877261490 1877261511
1877261511 1877261503
1877261503 1877261514
1877261514 1877261496
1877261496 1877261482
1877261482 1877263828
1877263828 1877261471
1877261471 1877263850
1877263850 1877261498
1877261498 1877261495
1877261495 1877261492
1877261492 1877261489
1877261489 1877261483
1877261483 3355586303
3355586303 1877261476
1877261476 3355586416
3355586416 1877261454
1877261454 3355587084
3355587084 1877261497
1877261497 1877261486
1877261486 1877261479
1877261479 1877261466
1877261466 1877261505
1877263856 1877263815
1877263815 1877263834
1877263830 1877263814
1877263814 6952826341
1877263835 1877263817
1877263853 1877263821
1877263821 1877263847
1877263847 1877263851
1877263851 1877263818
1877263822 1877263844
1877263827 1877263832
1877263826 1877263829
1877263829 1877263833
1877263833 1877263842
1877263842 1877263820
1877263820 1877263828
1877263828 1877263840
1877263840 1877263848
1877263848 1877263823
1877263823 1877263845
1877263845 1877263854
1877263854 1877263859
1877263859 1877263824
1877263824 1877263838
1877263838 1877263816
1877263816 1877263846
1877263846 1877263841
1877263852 1877263818
1877263818 1877263819
1877263819 1877263825
1877263825 1877263855
1877263839 1877263819
1877263849 1877263817
1877263817 1877263844
1877263844 1877263860
1877263860 1877263832
1877263832 1877263859
1877263837 1877263858
1877263858 1877263850
1877263850 1877263843
3298278199 3298278200
3298278200 3298278201
3298278201 3298278202
3298278202 3298278203
3298278203 3298278204
3298278204 3298278205
3298278205 3298278206
3298278206 3298278207
3298278207 3298278208
3298278208 3298278209
3298278209 3298278210
3298278210 3298278211
3298278197 5707397075
5707397075 3421268376
3421268376 3298278196
3298278196 429417770
3298278196 3298278198
3298278198 429417813
3355591453 3355596002
3355596002 3355596003
3355596708 3355596705
3355596705 3355591455
3355591455 3355591451
3355591451 3355591449
3355591449 3355591450
3355591450 3355591452
3355591452 3355591454
3355596702 3355591454
3355596700 3355596706
3355596701 3355596703
3355596703 3355596704
3355596704 3355596706
3355596706 3355596707
3355596707 3355596705
3355596705 3355596702
429417823 1877261485
1877261485 3516753013
3516753013 429417821
429417821 3421268375
3421268375 761303034
761303034 429417819
429417819 4262087386
4262087386 4262088794
4262088794 3421268350
3421268350 429417816
429417816 429411943
429411943 1795660574
3421274418 3421274428
3421274394 3421268389
3421268351 3421268350
3421274431 3421274432
3421268386 3421268385
3421268384 3421268383
3421268383 3421268382
3421268368 3421268370
3421268370 3421268371
3428425915 3421274429
3421274429 3421274431
3421274431 3421274433
3421268376 3421268370
3421268370 3421268367
3421268367 429411959
3421274435 5174115726
5174115726 5174115727
5174115727 5174115728
5174115728 5174115729
5174115729 5174115730
5174115730 5174115731
5174115731 3421274436
3421274436 5708237616
5708237616 5174115732
5174115732 5174115733
5174115733 3421274437
3421274437 5174115734
5174115734 3421282550
3421282550 5174115735
5174115735 5174115736
5174115736 5174115737
5174115737 5174115738
5174115738 5174115739
5174115739 5174115740
5174115740 5174115741
5174115741 5174115742
5174115742 5174115743
5174115743 5174115744
5174115744 5174115745
5174115745 5174115746
5174115746 5174115747
5174115747 1795621352
3421274427 5174119152
5174119152 5174119153
5174119153 5174119154
5174119154 3421274430
3421274430 3421274432
3421274432 5174119155
5174119155 5174119156
5174119156 3421274435
3421274435 5174119157
5174119157 5174119158
5174119158 5174119159
5174119159 3421274438
3421268375 3421268374
3421268374 3421268373
3421268373 3421268377
3421268377 3421268378
1088205873 3421268365
3421268365 3421268364
3421268364 3421268363
3421268363 3421268351
3421268351 3421268349
3421274413 3421274404
3421274404 3421274406
3421274406 3421274408
3421274408 3421274415
3421274415 3421274414
3421274414 3421274418
3421274418 3421274422
3421274422 3421274423
3421276409 3421276405
3421276405 3421276400
3421276400 3421276395
3421276395 3421274390
3421282550 5708239922
5708239922 6380063709
6380063709 3421282557
3421282494 3421282495
3421282495 4463480426
4463480426 3421282497
3421282497 3421282498
3421351600 3421351599
3421351599 755760682
3421351598 3421351597
3421351597 3421351600
3421351600 3421351601
3516753019 1877263823
3516753019 3516753018
3516753013 3516753014
3516753014 3516753016
3516753016 3516753017
3516753017 3516753019
4262087386 4262088795
4262088795 4262087387
4262087387 4262087388
4262087388 4262088789
4262088789 4262088790
4262088790 4262088791
4262088791 4262088792
4262088792 4262088793
4262088793 4262088796
4262088796 4262088794
4262088795 4262088796
429411953 5683942065
5683942065 5683942064
5683942064 5683942063
5683942063 3355591453
5707716294 5707716295
5708237616 5708237617
5708237617 5708237618
5708237618 5708237619
5708239922 5708239923
6380063710 5708239922
1877261447 1088205888
1088205888 1877263849
1877263849 1088205887
1088205887 1088205886
1088205886 6952826341
6970747152 6970747151
6970747154 6970747152
6970747152 6970747153
7070831512 7070831511
7070831511 7070831510
7070907291 7070907290
7070907290 7070907289
7070907294 7070907293
7070907293 7070907292
7070907292 3421351600
1088205875 7081823319
7081823319 7081823318
7081823318 7081823317
7081823317 7081823316
7081823316 7081823315
7081823315 7081823314
7081823314 7081823313
7081823313 7081823312
7081823312 7081823311
7081823311 7081823310
7081823310 7081823309
7081823309 7081823308
7081823308 7081823307
7081823307 7081823306
7081823306 7081823305
7081823305 7081823304
7081823304 7081823303
7081823303 7081823302
7081823302 7081823301
7081823301 7081823300
7081823300 7081823299
7081823299 7081823298
7081823298 7081823297
7081823297 7081823296
7081823296 7081823295
7081823295 7081823294
7085572057 7085572050
7085572050 7085572053
7085572053 7085572056
7085572056 7085572055
7085572055 7085572054
7085572054 7085572053
