35525379 16.49893111775242 407.0782585372561 14.417399 120.9760314 50
35525381 45.22648177090424 408.3395903889049 14.4174104 120.9762978 50
35525383 62.15675749202013 408.8706774840396 14.4174152 120.9764548 50
35525386 69.03670393528591 425.4671492119268 14.4175652 120.9765186 50
35525388 82.88286573535621 476.2080954405689 14.4180238 120.976647 50
35525390 90.12945508997184 488.3788413741417 14.4181338 120.9767142 50
35525392 100.6866142808212 495.8251250227387 14.4182011 120.9768121 50
35527478 223.9864694498383 531.6735039545387 14.4185251 120.9779555 50
35527482 232.5486598470448 533.0344146361734 14.4185374 120.9780349 50
35527484 245.790939202955 533.133993466863 14.4185383 120.9781577 50
35527487 257.0813842247355 557.055041383459 14.4187545 120.9782624 50
35527491 279.629923418174 580.4228735764254 14.4189657 120.9784715 50
35527500 297.9944199510297 609.8760787356505 14.4192319 120.9786418 50
35527503 307.0526566408694 627.9662329189561 14.4193954 120.9787258 50
35527504 361.2079717258177 632.701759518531 14.4194382 120.979228 50
35527505 369.5437062023483 606.6231702772465 14.4192025 120.9793053 50
35527506 382.4840443361785 583.0672447382037 14.4189896 120.9794253 50
35527507 391.4883629543706 559.6330266586973 14.4187778 120.9795088 50
35527508 398.7026014616075 537.1614039394744 14.4185747 120.9795757 50
35527509 413.4222360860269 486.4979079119716 14.4181168 120.9797122 50
35527510 430.6113185724534 489.728687741529 14.418146 120.9798716 50
35527511 433.1131172790955 455.0309975160889 14.4178324 120.9798948 50
35527512 458.8212557004715 456.082107392111 14.4178419 120.9801332 50
35527514 461.4308905586405 491.0453411654704 14.4181579 120.9801574 50
35527516 441.5135534503837 490.0384885471416 14.4181488 120.9799727 50
35527553 466.4237043543026 523.3973967197936 14.4184503 120.9802037 50
35527611 436.2511492772764 556.7231119489998 14.4187515 120.9799239 50
35527612 420.2159136075224 546.2562704461202 14.4186569 120.9797752 50
35527613 460.6005521938046 589.9603126624675 14.4190519 120.9801497 50
35527614 427.160561740058 579.2943134989123 14.4189555 120.9798396 50
35527615 408.6990126705538 596.2005860320601 14.4191083 120.9796684 50
35527616 391.5530646436403 615.1426924307123 14.4192795 120.9795094 50
35527617 421.7687541829235 662.3983795968288 14.4197066 120.9797896 50
35527618 442.732101956326 653.7128927257816 14.4196281 120.979984 50
35527619 457.214497050679 616.7802109745136 14.4192943 120.9801183 50
35527620 321.1684088211287 531.0428380290662 14.4185194 120.9788567 50
35527621 442.1282195094221 675.9742934700814 14.4198293 120.9799784 50
35527622 450.2159308437519 699.5412833233715 14.4200423 120.9800534 50
35527623 454.8421017253203 720.0877153223792 14.420228 120.9800963 50
35527624 464.6336242460912 743.4334188857952 14.420439 120.9801871 50
35527625 472.3331254338269 768.2506762761348 14.4206633 120.9802585 50
35527626 332.10299454095 630.2676103320277 14.4194162 120.9789581 50
35527627 298.8031910833651 677.3794614094094 14.419842 120.9786493 50
35527628 323.3035646109333 671.2830241281997 14.4197869 120.9788765 50
35527629 348.0411776740556 675.1112769401357 14.4198215 120.9791059 50
35527630 312.6170020388005 712.929103850196 14.4201633 120.9787774 50
35527631 332.0275092368019 702.7499345240824 14.4200713 120.9789574 50
35527632 355.1907144920226 693.9648688226973 14.4199919 120.9791722 50
35527633 317.9441079039214 730.1783701324025 14.4203192 120.9788268 50
35527634 330.4746686614008 757.2416833635211 14.4205638 120.978943 50
35527635 338.3035732304199 775.8850532708082 14.4207323 120.9790156 50
35527636 345.528595355279 800.6912463465485 14.4209565 120.9790826 50
35527637 353.3143654647849 815.3957202973144 14.4210894 120.9791548 50
35527638 360.5070367422652 824.5127154331585 14.4211718 120.9792215 50
35527639 385.6220763343594 847.1834958130569 14.4213767 120.9794544 50
35527640 408.1166974534064 829.0490843717062 14.4212128 120.979663 50
35527641 402.1749255292472 801.6317130776335 14.420965 120.9796079 50
35527642 442.9801251040146 781.5057250291757 14.4207831 120.9799863 50
35527643 474.7163043740639 783.3534655482517 14.4207998 120.9802806 50
35527644 474.0692874676467 778.197494998127 14.4207532 120.9802746 50
35527645 240.916745173698 514.6455239618545 14.4183712 120.9781125 50
35527646 258.1813129642727 503.6144024200423 14.4182715 120.9782726 50
35527647 319.173440024742 503.9795247982993 14.4182748 120.9788382 50
35527648 271.7363171543974 572.3680526308508 14.4188929 120.9783983 50
583671103 344.6551225309299 3.739738295845598 14.4137536 120.9790745 50
583671104 488.0556362638788 30.08387108504951 14.4139917 120.9804043 50
763018191 146.9159722573579 2.201798582733886 14.4137397 120.9772408 50
763018192 40.49247473780902 177.3277682533837 14.4153225 120.9762539 50
763018193 40.35228774164729 204.9221685792853 14.4155719 120.9762526 50
763018194 117.7139425413294 0 14.4137198 120.97697 50
763018196 336.7938671172759 37.50802610444788 14.4140588 120.9790016 50
763018197 47.30771948906117 262.7442760786193 14.4160945 120.9763171 50
763018199 96.47022077285966 5.167034864371999 14.4137665 120.976773 50
763018201 50.88787970274004 306.2712892631377 14.4164879 120.9763503 50
763018202 78.64490499763809 17.65864591815671 14.4138794 120.9766077 50
763018203 47.57730986376249 141.1917171448179 14.4149959 120.9763196 50
763018204 196.0784735439002 10.54429170437078 14.4138151 120.9776967 50
1081856763 286.0246071781971 202.3884405620922 14.415549 120.9785308 50
1081856765 387.832717431056 337.2513698215789 14.4167679 120.9794749 50
1081856803 186.0389278754408 253.4281232820995 14.4160103 120.9776036 50
1081856823 473.2605163353113 135.0842155493608 14.4149407 120.9802671 50
1081856896 272.5019538299635 491.5874925748525 14.4181628 120.9784054 50
1081856918 196.0892571615223 76.9965645017557 14.4144157 120.9776968 50
1081856938 313.1238319517998 269.7590514624193 14.4161579 120.9787821 50
1081856939 110.5967565679972 229.8279404853635 14.415797 120.976904 50
1081856942 414.7054862867266 56.52758270459117 14.4142307 120.9797241 50
1081856945 434.8169284655366 120.1695196229682 14.4148059 120.9799106 50
1081856951 211.3696397705886 248.2610884173756 14.4159636 120.9778385 50
1081856964 134.7089199544589 193.5923105464598 14.4154695 120.9771276 50
1081856966 339.8887646531998 343.1597137567124 14.4168213 120.9790303 50
1081856968 254.9138775875522 208.3189131260724 14.4156026 120.9782423 50
1081856970 268.1022388663271 413.2853389634029 14.4174551 120.9783646 50
1081856972 401.7112300785049 264.8907530887087 14.4161139 120.9796036 50
1081856978 225.8304676324411 500.1402076717642 14.4182401 120.9779726 50
1081856981 189.0799073369732 105.2658880118787 14.4146712 120.9776318 50
1081856985 459.4467053771321 329.3846422227842 14.4166968 120.980139 50
1081857005 296.4523629905069 255.0324488824549 14.4160248 120.9786275 50
1081857016 429.0908288416872 154.4688945270573 14.4151159 120.9798575 50
1081857040 425.2518618626977 263.5962282939659 14.4161022 120.9798219 50
1081857041 408.8715505113504 334.8504135785215 14.4167462 120.97967 50
1081857043 106.1646907569821 423.342800830684 14.417546 120.9768629 50
1081857059 457.5056546578807 309.2918471174203 14.4165152 120.980121 50
1081857060 139.7448682096342 227.6925277898733 14.4157777 120.9771743 50
1081857065 391.4775793367485 235.3600977276406 14.415847 120.9795087 50
1081857066 376.9628334005044 47.24462285116539 14.4141468 120.9793741 50
1081857067 293.2496293003123 338.5016373582765 14.4167792 120.9785978 50
1081857094 346.8981144750052 533.1008005234171 14.418538 120.9790953 50
1081857097 268.5120162399339 339.7961621533713 14.4167909 120.9783684 50
1081857099 241.2402536255347 415.6199093199204 14.4174762 120.9781155 50
1081857101 142.2574505311546 34.04489567076911 14.4140275 120.9771976 50
1081857117 110.7045927195241 454.1347880426972 14.4178243 120.976905 50
1081857119 211.5637448411418 417.3127494363662 14.4174915 120.9778403 50
1081857121 312.1748738205588 337.5722349417908 14.4167708 120.9787733 50
1081857128 325.870065009589 199.7661980291607 14.4155253 120.9789003 50
1081857143 215.0037180614028 497.1417784466801 14.418213 120.9778722 50
1081857151 405.7658693605482 144.3561110874835 14.4150245 120.9796412 50
1081857153 379.2166089567141 266.1078276819604 14.4161249 120.979395 50
1081857155 342.3150780529499 372.4801471421538 14.4170863 120.9790528 50
1081857179 311.3984535301144 486.7081298868945 14.4181187 120.9787661 50
1081857184 174.5759450156074 163.7961116381763 14.4152002 120.9774973 50
1081857187 275.1008050705103 96.7684944872596 14.4145944 120.9784295 50
1081857191 295.1583291749288 242.3195515391481 14.4159099 120.9786155 50
1081857197 246.4163888768717 341.300908923037 14.4168045 120.9781635 50
1081857217 223.1561310850024 341.8873175908162 14.4168098 120.9779478 50
1081857224 166.164725229441 193.4706030872754 14.4154684 120.9774193 50
1081857231 118.2854741408546 466.8808783294498 14.4179395 120.9769753 50
1081857235 235.5896393085772 177.7592765181807 14.4153264 120.9780631 50
1081857251 90.5931505379702 387.3616501251004 14.4172208 120.9767185 50
1081857253 168.1165595635706 225.7562727547068 14.4157602 120.9774374 50
1081857255 289.4645803957143 186.4005061311828 14.4154045 120.9785627 50
1081857262 470.2087532561568 153.1522411034678 14.415104 120.9802388 50
1081857274 402.3151125254089 198.0844222276661 14.4155101 120.9796092 50
1081857279 184.3459003038779 418.8728177786764 14.4175056 120.9775879 50
1081857282 360.992299422764 197.1218268673825 14.4155014 120.979226 50
1081857283 236.1935217527373 243.691526535382 14.4159223 120.9780687 50
1081857291 462.5955209901913 398.4702218680519 14.4173212 120.9801682 50
1081857293 365.4351488486575 339.8072264676186 14.416791 120.9792672 50
1081857300 287.2431556841395 61.28523793336467 14.4142737 120.9785421 50
1081857304 346.283448413223 432.8027897155868 14.4176315 120.9790896 50
1081857306 431.3769552480195 332.2724283032832 14.4167229 120.9798787 50
1081857307 203.2927120538809 46.71353575603058 14.414142 120.9777636 50
1081857323 74.43929510455487 199.3346897643637 14.4155214 120.9765687 50
1081857325 149.2560167380817 382.9469886453853 14.4171809 120.9772625 50
1081857331 448.5876049614588 293.7686138947538 14.4163749 120.9800383 50
1081857360 437.2648090977872 210.2772967900855 14.4156203 120.9799333 50
1081857361 374.9570809892394 433.5883560436896 14.4176386 120.9793555 50
1081857365 449.7306681632531 64.0181236108815 14.4142984 120.9800489 50
1081857366 189.3279304874055 490.0274242325423 14.4181487 120.9776341 50
1081857369 344.0728073165264 403.6261924181765 14.4173678 120.9790691 50
1081857371 103.706026512597 196.3473248531751 14.4154944 120.9768401 50
1081857395 131.6140224157912 474.0284254870336 14.4180041 120.9770989 50
1081857428 329.8060845224833 239.4649584017432 14.4158841 120.9789368 50
1081857430 57.64920637685686 389.2536479018698 14.4172379 120.976413 50
1081857436 257.922506198962 239.0334501369462 14.4158802 120.9782702 50
1081857441 249.6191225670662 180.879413203153 14.4153546 120.9781932 50
1081857461 181.8009671404664 134.6416429696126 14.4149367 120.9775643 50
1081857489 397.4948365677996 106.4940269193778 14.4146823 120.9795645 50
1081857495 313.317937022353 111.3401966638899 14.4147261 120.9787839 50
1081857506 82.62405897278936 149.8218824432207 14.4150739 120.9766446 50
1081857527 257.5666469024906 152.0679382839998 14.4150942 120.9782669 50
1081857529 267.4660055720444 377.6139890634317 14.4171327 120.9783587 50
1081857534 244.5939579240254 210.2109109031937 14.4156197 120.9781466 50
1081857545 80.53203763975414 231.7863241493766 14.4158147 120.9766252 50
1081857550 196.5960870690339 343.4805788769243 14.4168242 120.9777015 50
1081857567 448.0052897443115 262.7332117643719 14.4160944 120.9800329 50
1081857570 118.6736842847049 384.9053723093984 14.4171986 120.9769789 50
1081857580 362.2431987760851 236.3669503459694 14.4158561 120.9792376 50
1081857583 461.9916385432873 167.4030781602381 14.4152328 120.9801626 50
1081857604 357.6601623540298 267.2917093321181 14.4161356 120.9791951 50
1081857606 173.0554552848412 40.55071258792907 14.4140863 120.9774832 50
1081857608 334.0979633373367 268.5751698122616 14.4161472 120.9789766 50
1081857612 44.28830725454154 234.3200521662178 14.4158376 120.9762891 50
1081857616 267.1101462755729 123.3892351382783 14.414835 120.9783554 50
1081857623 331.0138494162911 343.5027075057709 14.4168244 120.978948 50
1081857641 430.0613542026848 234.3643094246149 14.415838 120.9798665 50
1081857643 376.876564481478 519.2704074168444 14.418413 120.9793733 50
1081857669 114.2847529359468 28.92211806409028 14.4139812 120.9769382 50
1081857698 483.9255116776875 72.0508159272577 14.414371 120.980366 50
1081857700 389.612013924389 199.3900113370082 14.4155219 120.9794914 50
1081857702 285.2158360458617 259.7126539097374 14.4160671 120.9785233 50
1081857704 465.1620213861032 362.5111997913148 14.4169962 120.980192 50
1081857730 378.6666445869455 136.1685183684769 14.4149505 120.9793899 50
1081857731 298.7816238536085 29.12127572476578 14.413983 120.9786491 50
1081857734 458.8967410073634 423.9734667565085 14.4175517 120.9801339 50
1081894946 350.5106255360628 126.2216996464846 14.4148606 120.9791288 50
4131351571 179.1158469781494 381.0881838120618 14.4171641 120.9775394 50
5207893786 294.036833205635 231.2884299973359 14.4158102 120.9786051 50
5661210924 548.0988051958509 356.1049617044926 14.4169383 120.9809611 50
5661210925 532.4841305173259 354.9542729977808 14.4169279 120.9808163 50
5661210926 487.2252979017867 356.1049617044926 14.4169383 120.9803966 50
5661210927 473.7673462428229 359.1255195587752 14.4169656 120.9802718 50
5661210928 304.9929861579568 375.4011261664505 14.4171127 120.9787067 50
5661210929 299.935470670281 341.157072835006 14.4168032 120.9786598 50
8298875027 298.9002436200136 338.2250294961099 14.4167767 120.9786502 50
8298875028 475.5897771984129 791.4968010092131 14.4208734 120.9802887 50
8298875029 445.4927074255349 649.0105590696523 14.4195856 120.9800096 50
8299358049 526.7041128190849 453.9688233254676 14.4178228 120.9807627 50
8299369534 507.3259564657184 236.2563072013843 14.4158551 120.980583 50
8299369535 520.4927505147367 355.2640738033933 14.4169307 120.9807051 50
8311112878 570.3777540145882 398.7910869882637 14.4173241 120.9811677 50
8311112879 555.4100962397363 394.8411267171434 14.4172884 120.9810289 50
8311112880 543.7637919214842 391.0239382194548 14.4172539 120.9809209 50
8311168337 503.1311301902573 523.9616767583743 14.4184554 120.9805441 50
8318111484 29.06184271986677 342.1639254529829 14.4168123 120.9761479 50
8318111485 7.667150340356967 231.0782080220611 14.4158083 120.9759495 50
8318111486 7.225022122115195 243.724719478828 14.4159226 120.9759454 50
8318111487 7.947524335424246 250.3411795409251 14.4159824 120.9759521 50
8318111488 9.252341763136794 255.939722670446 14.416033 120.9759642 50
8318111489 34.48600111889231 260.4650272947462 14.4160739 120.9761982 50
8318111490 46.96264380198026 259.5356248779085 14.4160655 120.9763139 50
8318111491 9.403312374176819 260.1109692310884 14.4160707 120.9759656 50
8318111492 7.947524335424246 264.1273153894525 14.416107 120.9759521 50
8318111493 5.6398307020792 269.5930867451897 14.4161564 120.9759307 50
8318111494 0 290.4271909206112 14.4163447 120.9758784 50
8318111495 0.2911576072017503 293.7354209513079 14.4163746 120.9758811 50
8318111496 2.027319641021601 297.0436509827083 14.4164045 120.9758972 50
8318111497 5.78001769824092 302.0668497586974 14.4164499 120.975932 50
8318111498 23.42201201778757 335.702365793868 14.4167539 120.9760956 50
8318111499 26.89433608268344 340.4378923934431 14.4167967 120.9761278 50
8318111500 31.08916236088837 342.4515976297488 14.4168149 120.9761667 50
8318111501 34.85264403572982 342.8831058945457 14.4168188 120.9762016 50
8318111502 53.82102301274561 342.2856329125192 14.4168134 120.9763775 50
8382973400 377.5774994622866 535.5017567664746 14.4185597 120.9793798 50
8382985595 260.3164687568211 261.8480666052275 14.4160864 120.9782924 50
8382988067 176.1827036681439 345.7598276604454 14.4168448 120.9775122 50
8383016823 233.7995592003658 501.9547552473944 14.4182565 120.9780465 50
8383016824 234.3926580323914 501.9215623039485 14.4182562 120.978052 50
8383016827 235.2553472391184 501.7224046432729 14.4182544 120.97806 50
8383016828 232.6888468432065 501.6892117001789 14.4182541 120.9780362 50
8383024025 236.8081878145195 500.9147096859715 14.4182471 120.9780744 50
8645070612 347.0706523158018 500.3725582762376 14.4182422 120.9790969 50
8645162279 277.2036100184238 234.6519816010289 14.4158406 120.978449 50
8655476163 504.9427775282253 212.5344169451119 14.4156407 120.9805609 50
8655584752 243.2352224191775 491.0674697939651 14.4181581 120.978134 50
