35525379 35525381
35525381 35525383
35525383 35525386
35525386 35525388
35525388 35525390
35525390 35525392
35525392 35527478
35527478 35527482
35527482 35527484
35527638 35527637
35527637 35527636
35527636 35527635
35527635 35527634
35527634 35527633
35527633 35527630
35527630 35527627
35527627 35527503
35527503 35527500
35527500 35527491
35527491 35527648
35527648 35527487
35527487 35527484
35527484 35527645
35527508 35527509
35527509 35527510
35527510 35527511
35527511 35527512
35527611 35527553
35527553 35527514
35527514 35527512
35527612 35527516
35527487 35527507
35527507 35527614
35527614 35527619
35527491 35527506
35527506 35527615
35527615 8298875029
35527500 35527505
35527505 35527616
35527616 35527617
35527503 35527626
35527626 35527504
35527631 35527628
35527628 35527626
35527632 35527629
35527629 35527504
35527504 35527505
35527505 35527506
35527506 35527507
35527507 35527508
35527630 35527631
35527631 35527632
35527632 35527617
35527617 35527618
35527633 35527621
35527634 35527622
35527635 35527623
35527636 35527624
35527641 35527640
35527640 35527639
35527639 35527638
35527625 35527644
35527644 35527643
35527643 8298875028
35525383 1081857430
1081857430 8318111502
8318111502 763018201
763018201 763018197
763018197 8318111490
8318111490 1081857612
1081857612 763018193
763018193 763018192
763018192 763018203
763018203 763018202
763018202 763018199
763018199 763018194
763018194 763018191
763018191 763018204
763018204 1081857731
1081857731 763018196
1081857251 1081857545
1081857365 1081856945
1081857066 1081894946
1081894946 1081857128
1081857128 1081857428
583671103 763018196
1081857043 1081857117
1081857117 1081857231
1081857231 1081857395
1081857395 1081857366
1081857366 1081857143
1081857143 1081856978
1081857253 1081857224
1081857224 1081857184
1081857184 1081857461
1081857461 1081856981
1081856981 1081856918
1081856918 1081857307
1081857197 1081857283
1081857461 1081857527
1081857616 1081856981
1081857495 1081894946
1081894946 1081857730
1081857730 1081857151
1081857151 1081857016
1081857016 1081857583
1081857119 1081857143
1081857529 1081856970
1081856970 1081856896
1081857608 1081856966
1081857291 1081857369
1081857570 1081856939
1081857279 1081857366
1081857184 1081857235
1081857235 1081857441
1081857361 1081857643
763018194 1081857669
1081857669 1081857506
1081857506 1081857323
1081857606 1081856964
1081856968 1081857441
1081857441 1081857527
1081857527 1081857616
1081857616 1081857187
1081857187 1081857300
1081857300 1081857731
1081857099 8655584752
1081857669 1081857101
1081857101 1081857606
1081857606 1081857307
1081857307 1081857300
1081857304 1081857369
1081857369 1081857155
1081857016 1081857274
1081857274 1081857700
1081857101 1081857371
1081856951 1081857217
1081857005 1081857702
1081856942 1081857489
1081857489 1081856945
1081856945 1081856823
1081857151 1081857700
1081857700 1081857065
1081857430 1081857251
1081857251 1081857570
1081857570 1081857325
1081857325 4131351571
4131351571 1081857529
1081857529 5661210928
5661210928 1081857155
1081857155 1081857704
35525386 1081857043
1081857043 1081857279
1081857279 1081857119
1081857119 1081857099
1081857099 1081856970
763018193 1081857323
1081857323 1081857371
1081857371 1081856964
1081856964 1081857224
5661210928 1081857179
1081857153 1081856765
1081857436 8382985595
8382985595 1081857097
1081857325 1081857060
1081856918 1081857187
1081857730 1081857282
1081857282 1081857580
1081856972 1081857041
1081857040 1081857306
1081857293 1081857604
1081857612 1081857545
1081857545 1081856939
1081856939 1081857060
1081857060 1081857253
1081857253 1081857534
1081857534 1081856968
1081856968 1081856763
35527625 35527642
35527642 35527641
35527641 35527638
1081857704 1081857291
1081857291 1081857734
1081856803 1081856951
1081856951 1081857283
1081857283 1081857436
1081857436 8645162279
1081857734 1081857361
1081857361 1081857304
1081857567 1081857331
1081857331 1081857059
1081857059 1081856985
1081856985 1081857306
1081857306 1081857041
1081857041 1081856765
1081856765 1081857293
1081857293 1081856966
1081856966 1081857623
1081857623 1081857121
1081857121 8298875027
8298875027 1081857067
1081857067 1081857097
1081857097 1081857197
1081857197 1081857217
1081857217 1081857550
1081856763 5207893786
5207893786 1081857191
1081857191 1081857005
1081857005 1081856938
1081856938 1081857608
1081857608 1081857604
1081857604 1081857153
1081857153 1081856972
1081856972 1081857040
1081857040 1081857567
1081857550 1081856803
583671104 1081857698
1081857698 1081856823
1081856823 1081857262
1081857262 1081857583
1081857583 1081857360
1081857360 1081857641
1081857641 1081857065
1081857065 1081857580
1081857580 1081857428
1081857428 1081857191
35527484 35527620
35527508 35527612
35527612 35527611
35527611 35527613
35527613 35527619
35527619 8298875029
8298875029 35527618
35527618 35527621
35527621 35527622
35527622 35527623
35527623 35527624
35527624 35527625
35527620 1081857094
1081857094 8382973400
8382973400 35527508
35527510 35527516
35527516 35527514
35527645 35527646
35527646 35527647
35527647 35527620
4131351571 8382988067
8382988067 1081857253
763018196 1081857066
1081857066 1081856942
1081856942 1081857365
1081857365 1081857698
763018196 1081857495
1081857495 1081857255
1081857255 1081856763
1081857704 5661210927
5661210927 5661210926
5661210926 8299369535
8299369535 5661210925
5661210925 5661210924
8298875027 5661210929
5661210929 5661210928
5661210924 8311112880
8311112880 8299358049
8299369535 8299369534
8299369534 8655476163
8311112880 8311112879
8311112879 8311112878
8311168337 8299358049
8318111490 8318111489
8318111502 8318111501
8318111501 8318111500
8318111500 8318111484
8318111484 8318111499
8318111499 8318111498
8318111498 8318111497
8318111497 8318111496
8318111496 8318111495
8318111495 8318111494
8318111494 8318111493
8318111493 8318111492
8318111492 8318111491
8318111491 8318111488
8318111488 8318111487
8318111487 8318111486
8318111486 8318111485
8382985595 1081857702
1081856978 8383016828
8383016828 8383016823
8383016823 8383016824
8383016824 8383016827
8383016827 8383024025
1081857702 1081857067
8645070612 1081857304
