118.5021003392583 52.68835620457343 74.11155914596897 55.67280931459918 0 5.561344132434201
74.11155914596897 55.67280931459918 74.17522105691484 85.1290286703922 1 11.45260176243308
74.17522105691484 85.1290286703922 74.32982855558737 87.63641306804857 1 11.95503106079282
74.32982855558737 87.63641306804857 74.17522105691484 85.1290286703922 0 12.26904937226765
74.17522105691484 85.1290286703922 64.56227247169323 85.10683942841597 1 14.19164421117234
64.56227247169323 85.10683942841597 54.27632654169096 75.52108668790127 1 17.00367080619035
54.27632654169096 75.52108668790127 15.78815396779651 74.11206979276936 0 21.81791522491902
15.78815396779651 74.11206979276936 10.85890313082907 84.75181154973883 1 24.16313690713794
10.85890313082907 84.75181154973883 0.40016058507174 84.7296223063511 1 26.25489012394873
0.40016058507174 84.7296223063511 10.85890313082907 84.75181154973883 0 27.56223588445547
10.85890313082907 84.75181154973883 15.78815396779651 74.11206979276936 0 29.0279994358423
15.78815396779651 74.11206979276936 54.27632654169096 75.52108668790127 1 36.73079050580817
54.27632654169096 75.52108668790127 74.11155914596897 55.67280931459918 1 42.34288661030727
74.11155914596897 55.67280931459918 70.25546624116801 48.25050771405184 1 44.01572866549292
70.25546624116801 48.25050771405184 60.01499310271501 33.19510670924274 1 47.65733484691883
60.01499310271501 33.19510670924274 43.07183017703771 31.28683185835373 1 51.06739222375331
43.07183017703771 31.28683185835373 34.15916261453462 30.27722132655717 1 52.86132596283744
34.15916261453462 30.27722132655717 6.348001998329959 43.39106361680717 1 59.01090648327583
6.348001998329959 43.39106361680717 5.602248181748111 54.94056431315146 1 61.3256169627078
5.602248181748111 54.94056431315146 1.7097770427821 54.92946969286908 1 62.10411435276848
1.7097770427821 54.92946969286908 5.602248181748111 54.94056431315146 0 62.59067522155642
5.602248181748111 54.94056431315146 5.37488421358846 58.44646462020478 1 63.29332823228116
5.37488421358846 58.44646462020478 7.148323167316407 64.47084394660834 1 64.54932555697575
7.148323167316407 64.47084394660834 15.78815396779651 74.11206979276936 1 67.13853325105985
15.78815396779651 74.11206979276936 7.148323167316407 64.47084394660834 0 68.75678805986242
7.148323167316407 64.47084394660834 5.37488421358846 58.44646462020478 0 69.54178638779652
5.37488421358846 58.44646462020478 5.602248181748111 54.94056431315146 0 69.98094451949949
5.602248181748111 54.94056431315146 6.348001998329959 43.39106361680717 0 71.42763856914446
6.348001998329959 43.39106361680717 0 18.8164775995293 1 76.50388681875319
0 18.8164775995293 2.337301596013491 18.77209911557683 1 76.97143139205353
2.337301596013491 18.77209911557683 2.428247183740162 12.181894106076 1 78.28959789393676
2.428247183740162 12.181894106076 2.45553085936395 10.01844296681439 1 78.72232252836045
2.45553085936395 10.01844296681439 2.582854681255661 0 1 80.72617293031099
2.582854681255661 0 2.45553085936395 10.01844296681439 0 81.97857943153008
2.45553085936395 10.01844296681439 4.620035839622371 9.918591375804127 1 82.41194081189482
4.620035839622371 9.918591375804127 31.48536234670931 11.08352660496303 1 87.79005513727142
31.48536234670931 11.08352660496303 31.74000999049275 19.40449252460281 1 89.45502744044396
31.74000999049275 19.40449252460281 43.07183017703771 31.28683185835373 1 92.7389283937773
43.07183017703771 31.28683185835373 60.01499310271501 33.19510670924274 0 94.87021425429884
60.01499310271501 33.19510670924274 70.25546624116801 48.25050771405184 0 97.14621811769004
70.25546624116801 48.25050771405184 74.11155914596897 55.67280931459918 0 98.19174440218107
74.11155914596897 55.67280931459918 118.5021003392583 52.68835620457343 1 107.0898950140758
118.5021003392583 52.68835620457343 157.2631096740187 51.12401461137345 1 114.8484077820478
157.2631096740187 51.12401461137345 178.7808356466121 50.8799329446947 1 119.1522298364159
178.7808356466121 50.8799329446947 181.1727045938731 50.84664908102461 1 119.6306499395241
181.1727045938731 50.84664908102461 178.7808356466121 50.8799329446947 0 119.9296625039667
178.7808356466121 50.8799329446947 178.8263084404754 75.21043729458808 1 124.7957718726314
178.8263084404754 75.21043729458808 178.7808356466121 50.8799329446947 0 127.8370902280469
178.7808356466121 50.8799329446947 178.7353628527487 35.61373413687694 1 130.8903435343731
178.7353628527487 35.61373413687694 187.6844086494168 27.21510586820312 0 132.4244473926271
187.6844086494168 27.21510586820312 200.0984813255125 26.50505011014311 0 133.9787427493872
200.0984813255125 26.50505011014311 205.9553771510441 26.50505011014311 0 134.7108547275786
205.9553771510441 26.50505011014311 214.4678841284754 27.03759192815881 0 135.7769983024897
214.4678841284754 27.03759192815881 205.9553771510441 26.50505011014311 1 137.4828280223475
205.9553771510441 26.50505011014311 200.0984813255125 26.50505011014311 1 138.6542071874538
200.0984813255125 26.50505011014311 187.6844086494168 27.21510586820312 1 141.14107975827
187.6844086494168 27.21510586820312 178.7353628527487 35.61373413687694 1 143.5956459314764
178.7353628527487 35.61373413687694 157.2631096740187 35.78015345452166 1 147.8902255475076
157.2631096740187 35.78015345452166 152.0792111955819 35.8245319398856 0 148.5382366016752
152.0792111955819 35.8245319398856 151.9064145786698 14.07907433597688 0 151.2565046195102
151.9064145786698 14.07907433597688 154.7530114634072 14.05688509329491 0 151.6123400402696
154.7530114634072 14.05688509329491 151.9064145786698 14.07907433597688 1 152.1816767134846
151.9064145786698 14.07907433597688 152.0792111955819 35.8245319398856 1 156.5309055420205
152.0792111955819 35.8245319398856 157.2631096740187 35.78015345452166 1 157.5677232286888
157.2631096740187 35.78015345452166 157.2631096740187 51.12401461137345 1 160.6364954600592
157.2631096740187 51.12401461137345 157.6541757005492 75.25481577924629 1 165.4632894172963
157.6541757005492 75.25481577924629 178.8263084404754 75.21043729458808 1 169.6977252673569
178.8263084404754 75.21043729458808 178.8899703514212 109.4262491573212 1 176.5408994848231
178.8899703514212 109.4262491573212 158.0361471685384 109.4595330202856 1 180.7116694336861
158.0361471685384 109.4595330202856 178.8899703514212 109.4262491573212 0 183.3184006517255
178.8899703514212 109.4262491573212 178.8990649088055 111.8004980995915 1 183.7932539238358
178.8990649088055 111.8004980995915 185.9928207248743 111.7228357512632 1 185.212090109142
185.9928207248743 111.7228357512632 178.8990649088055 111.8004980995915 0 186.0988627249584
178.8990649088055 111.8004980995915 178.9536322623671 142.3439903362151 1 192.207570920984
178.9536322623671 142.3439903362151 190.5310055341543 142.3550849572032 1 194.523046638541
190.5310055341543 142.3550849572032 190.5037218573734 140.790743364709 1 194.8359625388738
190.5037218573734 140.790743364709 190.5310055341543 142.3550849572032 0 195.0315349765817
190.5310055341543 142.3550849572032 178.9536322623671 142.3439903362151 0 196.4787073000549
178.9536322623671 142.3439903362151 158.6909553973936 142.3883688208733 1 200.5312523926318
158.6909553973936 142.3883688208733 152.2520078113369 142.3994634425672 0 201.336122035674
152.2520078113369 142.3994634425672 152.2429132527957 136.8410582075449 0 202.0309236200728
152.2429132527957 136.8410582075449 152.2338186930974 134.2782007042422 0 202.3512828250398
152.2338186930974 134.2782007042422 152.2429132527957 136.8410582075449 1 202.8638575529869
152.2429132527957 136.8410582075449 147.9320924116754 136.8521528292387 0 203.402711942741
147.9320924116754 136.8521528292387 152.2429132527957 136.8410582075449 1 204.2648789663476
152.2429132527957 136.8410582075449 152.2520078113369 142.3994634425672 1 205.3765615013857
152.2520078113369 142.3994634425672 142.5390190810044 150.5872939075266 1 207.917291457902
142.5390190810044 150.5872939075266 152.2520078113369 142.3994634425672 0 209.5052476807247
152.2520078113369 142.3994634425672 158.6909553973936 142.3883688208733 1 210.7930391095922
158.6909553973936 142.3883688208733 158.536347898721 153.1390567898412 0 212.1370140633485
158.536347898721 153.1390567898412 165.1935648943961 153.1390567898412 0 212.9691661878079
165.1935648943961 153.1390567898412 158.536347898721 153.1390567898412 1 214.300609586943
158.536347898721 153.1390567898412 158.6909553973936 142.3883688208733 1 216.4509695129531
158.6909553973936 142.3883688208733 158.0725254038605 112.4883646149695 1 222.4322493330918
158.0725254038605 112.4883646149695 153.5252460348822 112.5438377220273 1 223.3417728770453
153.5252460348822 112.5438377220273 158.0725254038605 112.4883646149695 0 223.9102250920162
158.0725254038605 112.4883646149695 158.0361471685384 109.4595330202856 1 224.5160351020016
158.0361471685384 109.4595330202856 157.6541757005492 75.25481577924629 1 231.3574050927031
157.6541757005492 75.25481577924629 153.379733094751 75.23262653727005 1 232.2123051325376
153.379733094751 75.23262653727005 149.796476951973 75.27700502122252 1 232.9290113215605
149.796476951973 75.27700502122252 147.2136222718744 75.31028888489261 1 233.4456251469306
147.2136222718744 75.31028888489261 149.796476951973 75.27700502122252 0 233.7685087877869
149.796476951973 75.27700502122252 149.8237606299108 77.48483464584808 0 234.0445085627657
149.8237606299108 77.48483464584808 149.796476951973 75.27700502122252 1 234.4861082027319
149.796476951973 75.27700502122252 153.379733094751 75.23262653727005 0 234.9340495708712
153.379733094751 75.23262653727005 118.5021003392583 52.68835620457343 1 243.2399351743713
