21672789 1242073092
21672789 1242073128
21672789 2770187496
21672789 5256314778
21672791 1242073120
21672791 1242073135
21672792 1242073120
21672792 5256314767
21672793 298261501
21672793 5256314765
21672793 5256314766
21672793 5256314767
21672795 1242073104
21672795 2770187497
21672797 1242073092
21672797 2770187500
21672798 21672799
21672798 5256314777
21672798 5256314778
21672799 21672800
21672800 1242073121
21672801 2552986125
21672801 4948240463
21672805 21672806
21672805 444805849
21672806 4948240479
21672806 5261859919
21672810 5262035685
21672813 3279047005
21672813 5277697428
197648161 1334013707
197648161 2716113195
257082306 3395405981
257082306 3572177101
298260833 3101613963
298260833 3837365548
298260908 298261164
298260908 1334013707
298260908 1334013708
298260908 3837365539
298260909 3837365528
298260909 3837386371
298260909 3909994324
298261164 3837365572
298261164 3837365614
298261500 298261501
298261500 1242073128
298261500 3366216994
298261501 5256314765
298261924 1734229659
298261924 2879457971
298261924 5256314764
298261924 5256314765
298279060 3507507024
298279060 3507507684
415263728 3468005782
415263730 3468004169
415263730 3636018629
415263948 4948188864
415264038 3455837341
415264038 4942583321
415504860 4078661837
415504868 3455678320
415504868 3507507422
415504868 3507507469
415504868 3507507678
415504873 3455678320
415504873 3455678351
415504873 3507507422
415504874 415504875
415504874 3455678331
415504875 415504967
415504875 3455678353
415504959 3455678310
415504959 3455678351
415504961 1734229659
415504961 3455678312
415504965 3455678331
415504965 3507507028
415504965 4078661837
415504967 2209901349
417923408 1285182581
417923408 2209901349
417923408 3507536167
417928534 417929054
417928534 3507507240
417928535 3507494129
417928535 3507507901
417928540 3507507422
417928540 3507507483
417928540 3507608496
417929054 3507494173
417951902 3507507649
417951902 4033335654
417951902 5293795064
427510481 2552951911
427510481 3457855703
427510502 2552718044
427510502 5259514085
427510509 5259514085
427510509 5259514086
427512152 5262035691
444805849 1242073136
444805849 5261859918
444805849 5261860030
444805859 1242073081
444805859 5261860029
459159022 3507507015
459159022 3507507606
459159022 3837365567
499577290 3507494139
499577290 3507507458
499577291 3507507235
499577291 3507507474
499577292 3507494129
499577292 3507494176
1242030761 1242030816
1242030761 3279035942
1242030769 1242030816
1242030769 3279035944
1242030781 1242030803
1242030781 3279035943
1242030791 3279035943
1242030791 3455594750
1242030803 3455594757
1242030805 3455594499
1242030805 3455594757
1242073085 1242073104
1242073085 5256314766
1242073099 2770187499
1242073099 2770187500
1242073113 2770187497
1242073113 2770187499
1242073121 2552987739
1242073135 2770187496
1242073136 2552840924
1242187561 5261860033
1242187724 2552858544
1242187724 5261860031
1242187745 2552840930
1242187745 5261860025
1285182581 4055223894
1289339010 1289339106
1289339010 1289339149
1289339024 1289339039
1289339024 1289339165
1289339039 1289339079
1289339058 1289339113
1289339079 3910024774
1289339089 3455678313
1289339089 3455791932
1289339113 1289339165
1289339149 3910024775
1332513443 3507507087
1332513443 3507507213
1334013707 3837365595
1334013707 3837365601
1334013708 3837365572
1334013708 3909994324
1634614656 3455784953
1634614656 5256314783
1936597478 5262035682
1936597478 5262035715
1943835367 3507507049
1943872575 3455678312
1943872575 4258814386
2186324551 2215369444
2186324551 2552759442
2186324551 5262035689
2215314972 2552759442
2215369444 5259514086
2215369444 5260065744
2497916910 2552718044
2497916910 3101613223
2497916974 2552718045
2497916974 3101613963
2508912799 2552840924
2508912799 3457855707
2552705836 5262035680
2552705836 5262035682
2552705836 5262035683
2552718045 2552726368
2552726368 5262104616
2552759442 2552759457
2552759446 2552759455
2552759446 3457855707
2552759455 5261860028
2552759457 2552760531
2552760531 3457855701
2552760531 5260065744
2552840924 5261860023
2552840926 2552840928
2552840926 2552858544
2552840928 5261860032
2552840930 5261860030
2552840932 5261860025
2552840932 5261860031
2552944780 2552944784
2552944780 2552951911
2552944784 2552986125
2552987739 4948240463
2716113195 3101613223
2716117973 3455678309
2716117973 5256314764
2727620248 2770187499
2727620248 5256314769
2770187499 5256314768
2879457971 5256314763
3155119197 3455678314
3155119197 3455678320
3155119197 3455678326
3279035944 3455594754
3279047005 3572177101
3279047005 5262035688
3366216994 4948171538
3393943614 3393943615
3393943614 5262036158
3393943643 5262035683
3393943643 5622748795
3395405981 3572177116
3455594494 3455594512
3455594494 3455612543
3455594499 3455594512
3455594749 3455594761
3455594749 3455594767
3455594750 3455594754
3455594751 3455594757
3455594751 3455594762
3455594756 3455594763
3455594761 3455594763
3455594762 3455594767
3455678309 3455678311
3455678310 3455678313
3455678311 3455678339
3455678314 3455678357
3455678316 3455678326
3455678316 3455678339
3455678320 3455678329
3455678329 3455678343
3455678331 3455678348
3455678343 3455678348
3455678357 4258814386
3455784944 3455802578
3455784944 3455837377
3455784944 3455943205
3455784945 3455784956
3455784945 3455784959
3455784947 3455784957
3455784947 3455784970
3455784950 3455784963
3455784950 3455802578
3455784950 3455837390
3455784953 3455784961
3455784956 3455784967
3455784957 3455784967
3455784959 3455784960
3455784960 3455784963
3455784961 3455784968
3455784962 3455784964
3455784962 3455784968
3455784964 3455784970
3455791930 3455791932
3455791930 3635261414
3455791932 3455943205
3455791934 3635261414
3455802577 3455837360
3455802577 3455837390
3455802577 3455837896
3455837338 3455837339
3455837338 3455837391
3455837339 3455837343
3455837341 3455837369
3455837342 3455837380
3455837342 3455837389
3455837343 3455837900
3455837344 3455837381
3455837344 3455837893
3455837345 3455837352
3455837345 3455837907
3455837347 3455837376
3455837347 3455837894
3455837348 3455837356
3455837348 3455837389
3455837351 3455837354
3455837351 3455837381
3455837352 3455837908
3455837354 3455837895
3455837356 3455837899
3455837357 3455837387
3455837357 3455837893
3455837360 3455837363
3455837362 3455837372
3455837362 3455837380
3455837363 3455837906
3455837364 3455837384
3455837364 3455837386
3455837365 3455837373
3455837365 3455837384
3455837369 3455837370
3455837370 3455837382
3455837371 3455837373
3455837371 3455837907
3455837372 3455837898
3455837376 3455837386
3455837377 3455837390
3455837377 3455837896
3455837382 3455837387
3455837385 3455837898
3455837385 3455837900
3455837391 3455837894
3455837895 3455837899
3455837906 3455837908
3457855701 5261859919
3457855703 4948240473
3468004147 3468005795
3468004147 3468038888
3468004148 3468004173
3468004148 3468005773
3468004154 3468004169
3468004154 3468005760
3468004165 3468005759
3468004165 3468038888
3468004170 3468005731
3468004170 3468005792
3468004172 3468005706
3468004172 3468005722
3468004173 3468004177
3468004176 3468005710
3468004176 3468005774
3468004177 3468005740
3468004183 3468005743
3468004183 3468005746
3468005696 3468005756
3468005696 3468005792
3468005706 3468005772
3468005710 3468005773
3468005720 3468005740
3468005720 3468005746
3468005722 3468005732
3468005729 3468005750
3468005729 3468005772
3468005731 3468005759
3468005732 3468005743
3468005741 3468005752
3468005741 3468005797
3468005752 3468005795
3468005756 4948188864
3468005760 3468005797
3468005766 3468005782
3468005766 3636018629
3507494119 3507507219
3507494119 3507507234
3507494119 3507507242
3507494119 3507507246
3507494121 3507507287
3507494121 3507507622
3507494123 3507494133
3507494123 3507507076
3507494124 3507507023
3507494124 3507507049
3507494127 3507494141
3507494127 3507507440
3507494128 3507494153
3507494128 3507507634
3507494131 3507494189
3507494133 3507507411
3507494135 3507494154
3507494135 4154130218
3507494139 3507507235
3507494140 3507507440
3507494140 3507507596
3507494141 3507507902
3507494144 3507507646
3507494144 4159564196
3507494145 3507507274
3507494145 3507507626
3507494149 3507507242
3507494149 3507507613
3507494153 3507507012
3507494154 3507507424
3507494155 3507507050
3507494155 3507507051
3507494159 3507494171
3507494159 3507507896
3507494165 3507494186
3507494165 3507507414
3507494168 3507507055
3507494168 3507507240
3507494170 3507507005
3507494170 3507507022
3507494171 3507507675
3507494172 3507507623
3507494172 3507507634
3507494173 3507507255
3507494174 3507507073
3507494174 3507507627
3507494176 3507507030
3507494179 3507507035
3507494179 3507507397
3507494180 3507507291
3507494180 3507507642
3507494181 3507507482
3507494181 3507507624
3507494186 3507507247
3507494189 3507507198
3507494189 3507526660
3507494191 3507507020
3507494191 3507507247
3507506993 3507507015
3507506993 3507507415
3507506998 3507507473
3507506998 3507507482
3507507000 3507507446
3507507000 3507507617
3507507003 3507507409
3507507003 3507507450
3507507005 3507507612
3507507012 3507507681
3507507014 3507507218
3507507014 3507507680
3507507016 3507507460
3507507016 3507507616
3507507020 3507507260
3507507021 3507507597
3507507021 3507507666
3507507022 3507507598
3507507023 3507507680
3507507024 3507507036
3507507028 3507507410
3507507030 3507507474
3507507035 3507507482
3507507036 4130319668
3507507037 3507507079
3507507037 3507507253
3507507039 3507507608
3507507039 3507507624
3507507040 3507507091
3507507040 3507507635
3507507043 3507507270
3507507043 3507507641
3507507047 3507507272
3507507047 3507507649
3507507048 3507507057
3507507048 3507507451
3507507050 3507507260
3507507051 3507507266
3507507052 3507507400
3507507052 4154024326
3507507055 3507507258
3507507057 3507507071
3507507069 3507507405
3507507069 3507507677
3507507070 3507507257
3507507070 3507507468
3507507071 3507507599
3507507073 3507507597
3507507074 3507507620
3507507074 3507507684
3507507076 3507507640
3507507079 3507507901
3507507081 3507507228
3507507081 3507507635
3507507083 3507507197
3507507083 3507507286
3507507087 4159564196
3507507088 3507507196
3507507088 3507507280
3507507090 3507507672
3507507090 3507507684
3507507091 3507507912
3507507092 3507507485
3507507196 3507507642
3507507197 3507507631
3507507198 3507507475
3507507198 3507526659
3507507205 3507507643
3507507205 4154130218
3507507211 3507507228
3507507211 3507507595
3507507213 3507507252
3507507218 4948166995
3507507219 3507507439
3507507227 3507507246
3507507227 3507507457
3507507232 3507507665
3507507232 3803536860
3507507234 3507507479
3507507243 3507507251
3507507243 3507507475
3507507247 3507507612
3507507251 4154024327
3507507252 3507507264
3507507253 3507507287
3507507255 3507507665
3507507257 3507507479
3507507258 3507507601
3507507261 3507507598
3507507261 3507507606
3507507262 3507507286
3507507262 3507507442
3507507263 3507507415
3507507263 3507507677
3507507264 3507507621
3507507266 3507507426
3507507270 3507507413
3507507272 3507507281
3507507274 3507507625
3507507280 3507507413
3507507281 4379344936
3507507291 3507507593
3507507397 3507507681
3507507400 3507507443
3507507405 3507507913
3507507410 3507526661
3507507410 3507536167
3507507411 3507507414
3507507424 3507507595
3507507426 4948166995
3507507427 3507507599
3507507427 3507507602
3507507439 3507507672
3507507442 3507507638
3507507443 3507507685
3507507446 3507507630
3507507449 3507507487
3507507450 3507507608
3507507451 3507507613
3507507456 3507507484
3507507456 3507507638
3507507457 3507507621
3507507458 3507507601
3507507460 3507507622
3507507468 3507507487
3507507469 3507608497
3507507473 3507507631
3507507475 3507507678
3507507483 3507507610
3507507484 3507507616
3507507485 3507507641
3507507593 3507507626
3507507596 3507507688
3507507602 3507507625
3507507610 3507507648
3507507617 3507507623
3507507620 3507507630
3507507627 3507507648
3507507636 4154024326
3507507636 4154024327
3507507640 3507507912
3507507643 3507608496
3507507643 3507608497
3507507649 4033335671
3507507663 3507507675
3507507663 3507507688
3507507666 4130319668
3507507675 4379344936
3507507685 3507507902
3507507687 3507507692
3507507687 3803536860
3507507896 3507507913
3507526652 3507526659
3507526660 3507526661
3572177101 4088301874
3572177116 3572177117
3837365513 3837365516
3837365515 3837365541
3837365515 3837365622
3837365515 3837386371
3837365516 3837365535
3837365516 3837365614
3837365517 3837365542
3837365517 3837365608
3837365517 3837365612
3837365517 3837365629
3837365518 3837365608
3837365520 3837365526
3837365520 3837365562
3837365526 3837365548
3837365526 3837365614
3837365526 3837365617
3837365528 3837365583
3837365528 5292326786
3837365535 3837365558
3837365535 3837365566
3837365535 3837365612
3837365539 3837365583
3837365539 4055223894
3837365541 3837365572
3837365541 3837365585
3837365553 3837365608
3837365553 3837386369
3837365553 3837386370
3837365556 3837365618
3837365564 3837365615
3837365564 4033335654
3837365566 3837365572
3837365566 3837365585
3837365566 3837365614
3837365573 3837365587
3837365585 3837365612
3837365585 3837365629
3837365587 3837365623
3837365595 3837365617
3837365596 3837365625
3837365596 5292326786
3837365609 3837365623
3837365609 4033335654
3837365609 5293795064
3837365611 3837365612
3837365620 3837365625
3837365620 4033335671
3837365622 3837365629
3837365629 3837386369
3837404044 4033335671
3837404044 5293795064
3910024774 3910024775
4088301874 5262035705
4295415172 5262035689
4948171537 4948171538
4948171537 5256314783
4948240466 4948240474
4948240466 4948240479
4948240473 4948240474
4948240473 5261859918
5256314763 5256314768
5256314769 5256314777
5261859919 5261859920
5261859920 5261860021
5261860021 5261860022
5261860022 5261860023
5261860028 5261860029
5261860032 5261860033
5262035680 5270757658
5262035683 5262035690
5262035684 5262035690
5262035684 5262104616
5262035685 5262035686
5262035686 5622748795
5262035688 5262035714
5262035691 5270757658
5262035705 5262036157
5262035710 5277697428
5262035714 5262035715
5262036157 5262036158
