21672789 40.8371322 14.2488745
21672791 40.8370931 14.2487333
21672792 40.8371136 14.2486401
21672793 40.837161 14.2485902
21672795 40.837279 14.2486641
21672797 40.8372224 14.2488601
21672798 40.8374184 14.2490497
21672799 40.8375478 14.2491281
21672800 40.8376479 14.2492094
21672801 40.8378088 14.2494889
21672805 40.838577 14.2513803
21672806 40.8386753 14.2513633
21672810 40.8396679 14.2518668
21672813 40.8402967 14.2521079
197648161 40.8392503 14.2483914
257082306 40.840282 14.2522041
298260833 40.8400854 14.2485261
298260908 40.8393184 14.2475216
298260909 40.8395052 14.2465976
298261164 40.8398372 14.2475914
298261500 40.8367432 14.2487375
298261501 40.8370943 14.2485776
298261924 40.8374023 14.2483983
298279060 40.8378765 14.2421527
415263728 40.8365664 14.2401778
415263730 40.8352727 14.2424912
415263948 40.8340131 14.2422156
415264038 40.8341466 14.2509145
415504860 40.8379417 14.2448963
415504868 40.8375331 14.2441112
415504873 40.837095 14.2438306
415504874 40.8376971 14.2464182
415504875 40.8378737 14.2472983
415504959 40.8365188 14.2442018
415504961 40.8370986 14.2466834
415504965 40.8380125 14.2463457
415504967 40.8380614 14.2473266
417923408 40.8384681 14.247388
417928534 40.8368204 14.2405806
417928535 40.8369591 14.2409095
417928540 40.8379492 14.2432604
417929054 40.8370799 14.2403049
417951902 40.8396978 14.2444796
427510481 40.8381037 14.2503184
427510502 40.8391155 14.2495528
427510509 40.839045 14.2503998
427512152 40.840792 14.2500663
444805849 40.8384657 14.2514243
444805859 40.8394668 14.2520061
459159022 40.8397375 14.2442266
499577290 40.8364295 14.2410187
499577291 40.8364495 14.2413312
499577292 40.8369701 14.2412904
1242030761 40.8357354 14.2505701
1242030769 40.83561 14.2501888
1242030781 40.8354221 14.2501336
1242030791 40.8355019 14.2500856
1242030803 40.8353594 14.2501892
1242030805 40.8343691 14.2510931
1242030816 40.8356563 14.2503212
1242073081 40.8395822 14.2519918
1242073085 40.8372211 14.2485952
1242073092 40.8371928 14.2488666
1242073099 40.8372833 14.2488087
1242073104 40.8372538 14.248623
1242073113 40.8373033 14.2487307
1242073120 40.8370992 14.2486877
1242073121 40.8376999 14.2492789
1242073128 40.8369608 14.2488015
1242073135 40.8370971 14.2487791
1242073136 40.8385123 14.2515363
1242187561 40.8366598 14.2526075
1242187724 40.8376769 14.2519596
1242187745 40.8381907 14.2516646
1285182581 40.8387407 14.2474308
1289339010 40.8399075 14.24185
1289339024 40.8397999 14.2425148
1289339039 40.8397307 14.2422498
1289339058 40.8401861 14.2433842
1289339079 40.8397256 14.2420022
1289339089 40.8356105 14.2447893
1289339106 40.840117 14.2418235
1289339113 40.8402484 14.2433018
1289339149 40.8398032 14.2418789
1289339165 40.8399701 14.2429107
1332513443 40.8394137 14.2406281
1333984305 40.8403234 14.2395329
1334013707 40.8392885 14.2478557
1334013708 40.8393724 14.2472092
1634614656 40.8366416 14.2486056
1734229659 40.8373827 14.2482984
1936597478 40.8403811 14.2513928
1943835367 40.8396854 14.2425778
1943872575 40.8369688 14.245982
2186324551 40.8393861 14.2510478
2209901349 40.8383748 14.2473739
2215314972 40.8395747 14.2517845
2215369444 40.8390026 14.2509159
2497916910 40.8391677 14.2489252
2497916974 40.8400281 14.2490268
2508912799 40.838625 14.2517217
2552705836 40.8405413 14.2507584
2552718044 40.8391443 14.2492063
2552718045 40.8400028 14.2492479
2552726368 40.8399037 14.2501135
2552759442 40.8392618 14.2516306
2552759446 40.8390909 14.2519414
2552759455 40.8392523 14.2520044
2552759457 40.8390875 14.2515551
2552760531 40.8389617 14.2514937
2552840924 40.8385829 14.2516837
2552840926 40.8374278 14.2520823
2552840928 40.8371606 14.2522562
2552840930 40.8383151 14.2515323
2552840932 40.8379935 14.2517963
2552858544 40.8375031 14.2520453
2552944780 40.8379809 14.2499882
2552944784 40.8379237 14.2498332
2552951911 40.838057 14.2501945
2552986125 40.8378716 14.249692
2552987739 40.8377335 14.2493171
2716113195 40.8392122 14.2483899
2716117973 40.8376167 14.2483602
2727620248 40.8373183 14.2488547
2770187496 40.8371112 14.2488199
2770187497 40.8372946 14.2486998
2770187499 40.8373081 14.24876
2770187500 40.837258 14.2488375
2879457971 40.837403 14.248509
3101613223 40.8392085 14.2484321
3101613963 40.8400813 14.2485621
3155119197 40.8370137 14.2444688
3279035942 40.8357612 14.2506772
3279035943 40.8354658 14.2500979
3279035944 40.8355715 14.2501207
3279047005 40.8401936 14.2520799
3366216994 40.8367236 14.2487265
3393943614 40.8397419 14.2533131
3393943615 40.8397259 14.2534158
3393943643 40.8399016 14.2507141
3395405981 40.8403016 14.2522082
3420012499 40.833962 14.2497556
3420030146 40.8340249 14.250504
3455594494 40.8342192 14.2512381
3455594499 40.8343111 14.2511461
3455594512 40.8342625 14.2511928
3455594749 40.8353653 14.2502975
3455594750 40.8355253 14.2500884
3455594751 40.8352699 14.2502935
3455594754 40.8355494 14.2500985
3455594756 40.8354336 14.2503273
3455594757 40.8352324 14.2503051
3455594761 40.8353927 14.2503069
3455594762 40.8352993 14.2502908
3455594763 40.835415 14.2503177
3455594767 40.8353328 14.2502922
3455612543 40.8341387 14.2513407
3455678309 40.8377429 14.2483626
3455678310 40.8358677 14.2446225
3455678311 40.8374226 14.2465402
3455678312 40.836979 14.2460371
3455678313 40.8357128 14.2447413
3455678314 40.8369726 14.2444972
3455678316 40.8372831 14.2458105
3455678320 40.8372265 14.2443223
3455678326 40.8372742 14.2457625
3455678329 40.837406 14.2451483
3455678331 40.8376875 14.246376
3455678339 40.8373773 14.2463257
3455678343 40.8375159 14.2456157
3455678348 40.8375301 14.245676
3455678351 40.8368108 14.2440137
3455678353 40.8379836 14.2478206
3455678357 40.8367169 14.2446732
3455784944 40.8356116 14.2459824
3455784945 40.8359839 14.2472622
3455784947 40.8360441 14.2473109
3455784950 40.8357963 14.2465939
3455784953 40.8362439 14.2477014
3455784956 40.8359916 14.2472754
3455784957 40.8360117 14.2472899
3455784959 40.8359774 14.2472466
3455784960 40.8359711 14.2472251
3455784961 40.8360988 14.2473757
3455784962 40.8360811 14.2473397
3455784963 40.8359262 14.2470593
3455784964 40.8360721 14.2473301
3455784967 40.8360015 14.2472853
3455784968 40.836089 14.2473509
3455784970 40.8360616 14.2473228
3455791930 40.8348724 14.2451137
3455791932 40.8352608 14.2449411
3455791934 40.8340924 14.2454502
3455802577 40.8344385 14.2471065
3455802578 40.8356781 14.2462026
3455837338 40.8348619 14.2483382
3455837339 40.8348587 14.2482864
3455837341 40.8354556 14.2497061
3455837342 40.8349145 14.2480377
3455837343 40.8348618 14.2481738
3455837344 40.8349134 14.2481734
3455837345 40.8347288 14.2483439
3455837347 40.8348668 14.2484106
3455837348 40.8349364 14.2480472
3455837351 40.834928 14.2481169
3455837352 40.8346439 14.2482175
3455837354 40.8349377 14.2480893
3455837356 40.8349422 14.248058
3455837357 40.8349097 14.2482711
3455837360 40.8344834 14.2473697
3455837362 40.8348917 14.2480466
3455837363 40.8345578 14.2478065
3455837364 40.8348481 14.2484377
3455837365 40.8348194 14.2484334
3455837369 40.8349582 14.2485627
3455837370 40.8349393 14.2484866
3455837371 40.8347768 14.2483985
3455837372 40.8348827 14.2480557
3455837373 40.8347989 14.2484178
3455837376 40.8348634 14.2484226
3455837377 40.8348763 14.2462854
3455837380 40.8349025 14.24804
3455837381 40.8349197 14.2481432
3455837382 40.8349267 14.2484287
3455837384 40.834835 14.2484379
3455837385 40.8348672 14.2480958
3455837386 40.8348574 14.2484318
3455837387 40.8349152 14.2483479
3455837389 40.8349261 14.2480403
3455837390 40.8350143 14.2468892
3455837391 40.8348648 14.2483669
3455837893 40.8349101 14.2482227
3455837894 40.8348671 14.2483945
3455837895 40.8349415 14.2480796
3455837896 40.8343365 14.2465079
3455837898 40.8348732 14.2480726
3455837899 40.8349447 14.2480691
3455837900 40.8348648 14.2481241
3455837906 40.8346177 14.2481576
3455837907 40.8347556 14.2483759
3455837908 40.8346284 14.2481885
3455943205 40.8354409 14.2454758
3457855701 40.8388001 14.2514244
3457855703 40.8381504 14.2504538
3457855707 40.838703 14.2517701
3468004147 40.8351824 14.2424971
3468004148 40.8340025 14.2413298
3468004154 40.8352581 14.2425116
3468004165 40.83455 14.2420452
3468004169 40.835266 14.2425023
3468004170 40.8344254 14.2419507
3468004172 40.8349405 14.2404984
3468004173 40.8340496 14.2413767
3468004176 40.833974 14.241279
3468004177 40.8345837 14.2419092
3468004183 40.8345973 14.2419168
3468005696 40.8343865 14.2419545
3468005706 40.8349627 14.2404499
3468005710 40.8339799 14.2412967
3468005720 40.8345938 14.2419176
3468005722 40.8347854 14.2411448
3468005729 40.834993 14.2402848
3468005731 40.8344396 14.241959
3468005732 40.8345999 14.2419122
3468005740 40.834591 14.2419161
3468005741 40.835226 14.242522
3468005743 40.8345987 14.241915
3468005746 40.8345958 14.2419176
3468005750 40.8350397 14.239861
3468005752 40.835215 14.2425178
3468005756 40.8343619 14.2419662
3468005759 40.8344897 14.2419974
3468005760 40.8352486 14.2425186
3468005766 40.835488 14.2419243
3468005772 40.8349778 14.2403923
3468005773 40.8339899 14.2413164
3468005774 40.8339705 14.2412578
3468005782 40.835517 14.2418452
3468005792 40.8344088 14.2419491
3468005795 40.8351993 14.2425083
3468005797 40.8352364 14.2425218
3468038888 40.8346628 14.2421258
3507494119 40.8389329 14.2411442
3507494121 40.8371157 14.2407457
3507494123 40.8394573 14.2434621
3507494124 40.8396434 14.2426161
3507494127 40.838602 14.2440077
3507494128 40.8375735 14.2416238
3507494129 40.8369752 14.2412749
3507494131 40.8392249 14.2447729
3507494133 40.839478 14.2434657
3507494135 40.8387938 14.2432443
3507494139 40.8364423 14.2413156
3507494140 40.8395506 14.243777
3507494141 40.8385708 14.2440181
3507494144 40.8393944 14.2402794
3507494145 40.8387671 14.2412593
3507494149 40.8389217 14.2411348
3507494153 40.8375671 14.2416103
3507494154 40.8390759 14.2430609
3507494155 40.8398284 14.2430712
3507494159 40.8396699 14.2441491
3507494165 40.8395529 14.2434551
3507494168 40.8364768 14.2409441
3507494170 40.8395761 14.2435861
3507494171 40.8396362 14.2440276
3507494172 40.8375873 14.2416441
3507494173 40.8370893 14.2402931
3507494174 40.8377884 14.2429219
3507494176 40.8369613 14.2412978
3507494179 40.8372669 14.240815
3507494180 40.8388587 14.241076
3507494181 40.8378725 14.2402405
3507494186 40.8395706 14.2434462
3507494189 40.8389672 14.2456633
3507494191 40.8395993 14.2433888
3507506993 40.8397369 14.2442458
3507506998 40.8372393 14.23989
3507507000 40.8378766 14.2418096
3507507003 40.838356 14.2398173
3507507005 40.8395768 14.2435372
3507507012 40.837343 14.2410318
3507507014 40.8396326 14.2426484
3507507015 40.8397385 14.2442366
3507507016 40.8371694 14.2407354
3507507020 40.8396196 14.243354
3507507021 40.8377707 14.2428305
3507507022 40.8395807 14.2436395
3507507023 40.8396383 14.2426262
3507507024 40.8377737 14.2427332
3507507028 40.8385218 14.2462969
3507507030 40.8369472 14.2413014
3507507035 40.8372646 14.2407282
3507507036 40.8377695 14.2427711
3507507037 40.836967 14.2408785
3507507039 40.8383443 14.2398382
3507507040 40.8391983 14.2430867
3507507043 40.8389181 14.2410535
3507507047 40.8396082 14.2444405
3507507048 40.838894 14.2411409
3507507049 40.8396509 14.2426067
3507507050 40.8398267 14.2430763
3507507051 40.8398285 14.2430667
3507507052 40.8384921 14.2440927
3507507055 40.8364494 14.2409741
3507507057 40.8388861 14.2411511
3507507069 40.8397134 14.2442505
3507507070 40.8392683 14.2420471
3507507071 40.8388344 14.2412436
3507507073 40.8377812 14.2428927
3507507074 40.837908 14.2418583
3507507076 40.8394389 14.2434528
3507507079 40.8369613 14.2408853
3507507081 40.8391703 14.2430571
3507507083 40.8372026 14.2398683
3507507087 40.8394065 14.2405055
3507507088 40.8388877 14.2410621
3507507090 40.8379576 14.2419216
3507507091 40.8392108 14.2431025
3507507092 40.838779 14.2396071
3507507196 40.8388772 14.2410624
3507507197 40.8372147 14.2398639
3507507198 40.838737 14.2455661
3507507205 40.8385158 14.243431
3507507211 40.8391378 14.2430443
3507507213 40.8393386 14.2406764
3507507218 40.8396336 14.2426596
3507507219 40.8387502 14.2413778
3507507227 40.839015 14.2410157
3507507228 40.8391547 14.2430485
3507507232 40.8371127 14.2402237
3507507234 40.8392514 14.2420403
3507507235 40.8364446 14.2413255
3507507240 40.8365082 14.2409125
3507507242 40.8389282 14.2411388
3507507243 40.838058 14.2447189
3507507246 40.8389665 14.2410812
3507507247 40.8395866 14.243434
3507507251 40.8380693 14.2446997
3507507252 40.8392828 14.2407133
3507507253 40.8369932 14.2408545
3507507255 40.8370973 14.2402785
3507507257 40.8392619 14.2420472
3507507258 40.8364411 14.2409853
3507507260 40.8398236 14.243081
3507507261 40.8396684 14.2439559
3507507262 40.8371897 14.2398972
3507507263 40.8397267 14.2442549
3507507264 40.8392362 14.2407595
3507507266 40.8398267 14.2430616
3507507270 40.8389156 14.2410584
3507507272 40.8395748 14.2443239
3507507274 40.8387745 14.2412724
3507507280 40.8389044 14.2410622
3507507281 40.8395543 14.2442158
3507507286 40.8371938 14.239881
3507507287 40.8370953 14.2407609
3507507291 40.8387816 14.2412075
3507507397 40.8372694 14.2408378
3507507400 40.8385122 14.2440699
3507507405 40.8397078 14.2442425
3507507409 40.8383443 14.2396062
3507507410 40.8387913 14.2462711
3507507411 40.8395059 14.2434657
3507507413 40.8389117 14.2410612
3507507414 40.8395344 14.2434618
3507507415 40.8397334 14.2442519
3507507422 40.8372798 14.2437081
3507507424 40.8391006 14.2430495
3507507426 40.839822 14.243053
3507507427 40.8388116 14.2412705
3507507439 40.8386964 14.2414368
3507507440 40.839435 14.2438025
3507507442 40.8372171 14.2407019
3507507443 40.8385304 14.2440484
3507507446 40.8378889 14.2418188
3507507449 40.8396287 14.2418359
3507507450 40.8383545 14.239825
3507507451 40.8389028 14.2411351
3507507456 40.8372116 14.2407238
3507507457 40.8391246 14.2408829
3507507458 40.8364305 14.2410071
3507507460 40.837152 14.2407374
3507507468 40.839275 14.2420452
3507507469 40.837612 14.2440578
3507507473 40.837235 14.2398767
3507507474 40.8364641 14.241333
3507507475 40.8380328 14.2447614
3507507479 40.8392558 14.2420449
3507507482 40.8372555 14.2403942
3507507483 40.8378714 14.2431314
3507507484 40.8372034 14.2407296
3507507485 40.8389186 14.2410425
3507507487 40.8392823 14.2420416
3507507593 40.8387718 14.241225
3507507595 40.8391184 14.2430448
3507507596 40.8395586 14.2437752
3507507597 40.8377746 14.2428575
3507507598 40.8395881 14.2436933
3507507599 40.8388238 14.2412583
3507507601 40.8364345 14.2409965
3507507602 40.8387986 14.2412764
3507507606 40.8397098 14.2441102
3507507608 40.8383502 14.2398318
3507507610 40.8378349 14.2430577
3507507612 40.8395787 14.2434861
3507507613 40.8389118 14.2411332
3507507616 40.8371927 14.2407314
3507507617 40.8376048 14.2416576
3507507620 40.837906 14.2418419
3507507621 40.8391823 14.2408158
3507507622 40.837134 14.2407404
3507507623 40.8375949 14.2416502
3507507624 40.8378908 14.2402285
3507507625 40.8387859 14.2412767
3507507626 40.8387657 14.2412403
3507507627 40.8377979 14.2429521
3507507630 40.8378999 14.2418287
3507507631 40.8372274 14.2398672
3507507634 40.8375799 14.241635
3507507635 40.8391847 14.2430707
3507507636 40.8384336 14.2441686
3507507638 40.8372162 14.2407125
3507507640 40.8394156 14.2434335
3507507641 40.8389189 14.2410481
3507507642 40.8388679 14.2410657
3507507643 40.8381978 14.243662
3507507646 40.8393677 14.2398248
3507507648 40.8378076 14.2429818
3507507649 40.8396167 14.2444516
3507507663 40.8395679 14.2437811
3507507665 40.8371001 14.2402589
3507507666 40.8377687 14.2428016
3507507672 40.8383239 14.241679
3507507675 40.8395834 14.2438305
3507507677 40.8397195 14.2442549
3507507678 40.837983 14.2448351
3507507680 40.8396347 14.2426368
3507507681 40.8372739 14.2408548
3507507684 40.8379121 14.2419518
3507507685 40.8385435 14.2440342
3507507687 40.8370704 14.2396834
3507507688 40.8395639 14.2437766
3507507692 40.8370619 14.2394955
3507507896 40.8396839 14.2441927
3507507901 40.8369591 14.240895
3507507902 40.8385563 14.2440248
3507507912 40.8393974 14.2434096
3507507913 40.8396975 14.2442219
3507526652 40.838666 14.2457838
3507526659 40.8387095 14.2456504
3507526660 40.8389055 14.2458767
3507526661 40.838861 14.2460303
3507536167 40.8386768 14.246667
3507608496 40.8381223 14.24354
3507608497 40.8377758 14.2439471
3572177101 40.8401642 14.2521738
3572177116 40.84057 14.2522679
3572177117 40.8406575 14.252283
3635261414 40.8341562 14.2454227
3636018629 40.8353323 14.2423397
3803536860 40.8371082 14.240144
3837365513 40.8406891 14.2477061
3837365515 40.8399401 14.2467054
3837365516 40.8404606 14.2476753
3837365517 40.8405235 14.2468233
3837365518 40.8407825 14.2463439
3837365520 40.8404365 14.2479994
3837365526 40.840164 14.2479653
3837365528 40.8392242 14.246464
3837365535 40.8404823 14.2473901
3837365539 40.8389892 14.247472
3837365541 40.8399104 14.2469562
3837365542 40.8407723 14.2468589
3837365548 40.8401037 14.2485287
3837365553 40.8403542 14.2461884
3837365556 40.8405892 14.2460438
3837365558 40.840717 14.2474282
3837365562 40.8406567 14.248027
3837365564 40.8399941 14.2445549
3837365566 40.8402306 14.2473485
3837365567 40.8405339 14.244457
3837365572 40.839871 14.247298
3837365573 40.84067 14.2451573
3837365583 40.8391202 14.2468928
3837365585 40.8402647 14.2470267
3837365587 40.8404688 14.2451039
3837365595 40.8395126 14.2478863
3837365596 40.8393802 14.2458212
3837365601 40.8391144 14.2478339
3837365608 40.8405647 14.2462665
3837365609 40.8397171 14.2449046
3837365611 40.8407493 14.2471081
3837365612 40.8405052 14.2470714
3837365614 40.8401993 14.2476402
3837365615 40.8405101 14.2446924
3837365617 40.839799 14.2479196
3837365618 40.8408148 14.2461096
3837365620 40.8396095 14.2448759
3837365622 40.8400344 14.2467276
3837365623 40.8399649 14.2449703
3837365625 40.8394098 14.245699
3837365629 40.8402905 14.2467831
3837386369 40.8403468 14.2462573
3837386370 40.8402006 14.2461303
3837386371 40.8399035 14.2466966
3837404044 40.8396592 14.2448892
3909994324 40.8394382 14.2468565
3910024774 40.8397356 14.2419501
3910024775 40.8397675 14.241906
4033335654 40.8397482 14.2444924
4033335671 40.8396387 14.2448837
4055223894 40.8388259 14.2474442
4078661837 40.8380006 14.2460973
4088301874 40.8400953 14.252448
4130319668 40.837769 14.2427891
4154024326 40.8384844 14.2441026
4154024327 40.8383519 14.2442871
4154130218 40.8385776 14.2433895
4159564196 40.8394009 14.2403903
4258814386 40.8368141 14.245178
4295415172 40.8398083 14.251185
4379344936 40.8395721 14.2440049
4942583321 40.8341337 14.2508852
4948166995 40.8396365 14.2426694
4948171537 40.8366921 14.2486974
4948171538 40.8367073 14.2487165
4948188864 40.8343006 14.242009
4948240463 40.8377555 14.2493559
4948240466 40.8384772 14.2512551
4948240473 40.8383808 14.2511419
4948240474 40.838424 14.2512028
4948240479 40.8385421 14.2512993
5256314763 40.8373945 14.2485488
5256314764 40.8374736 14.2483747
5256314765 40.837191 14.2485235
5256314766 40.837189 14.2485858
5256314767 40.8371303 14.2486136
5256314768 40.8373362 14.2486713
5256314769 40.837341 14.2489139
5256314777 40.8373755 14.2489744
5256314778 40.8373578 14.2490129
5256314783 40.8366527 14.2486258
5259514085 40.8390547 14.2502832
5259514086 40.8390385 14.2504883
5260065744 40.8389684 14.2513983
5261859918 40.8384295 14.2513242
5261859919 40.8387576 14.2514051
5261859920 40.8386585 14.2514248
5261860021 40.8386157 14.2514495
5261860022 40.8385956 14.2514814
5261860023 40.8385796 14.2515348
5261860025 40.8381167 14.2517141
5261860028 40.8393164 14.2520139
5261860029 40.8393888 14.2520154
5261860030 40.8383934 14.2514708
5261860031 40.8378668 14.2518703
5261860032 40.8367495 14.2525445
5261860033 40.8367225 14.2525635
5262035680 40.8406248 14.2507706
5262035682 40.8405095 14.2508894
5262035683 40.839926 14.250577
5262035684 40.8398544 14.250457
5262035685 40.839682 14.2517986
5262035686 40.839702 14.2517066
5262035688 40.8402085 14.2520284
5262035689 40.8396852 14.2511514
5262035690 40.8398444 14.2505269
5262035691 40.8406527 14.2506616
5262035705 40.8399596 14.2529777
5262035710 40.8406123 14.2521788
5262035714 40.840219 14.2519926
5262035715 40.8402379 14.2519204
5262036157 40.8399164 14.2530658
5262036158 40.8397676 14.2532602
5262104616 40.8398585 14.2504282
5270757658 40.8406463 14.2506852
5277697428 40.8403175 14.2521127
5292326786 40.8393083 14.2461173
5293795064 40.8396731 14.2448929
5622748795 40.8398083 14.251185
