21672789 792.5310060022805 354.0433990428901 40.8371322 14.2488745 50
21672791 780.5995231097959 349.6767670007112 40.8370931 14.2487333 50
21672792 772.7240683962006 351.9661776624369 40.8371136 14.2486401 50
21672793 768.5074891021294 357.2597418269481 40.837161 14.2485902 50
21672795 774.7520824856451 370.4378129535683 40.837279 14.2486641 50
21672797 791.3141975486137 364.116805955478 40.8372224 14.2488601 50
21672798 807.3355088546211 386.0058054552925 40.8374184 14.2490497 50
21672799 813.9603548797818 400.457012267417 40.8375478 14.2491281 50
21672800 820.8302526073805 411.6360370115364 40.8376479 14.2492094 50
21672801 844.4481666896427 429.6051187428808 40.8378088 14.2494889 50
21672805 1004.27257704807 515.3965953527847 40.838577 14.2513803 50
21672806 1002.836067068209 526.3745986722788 40.8386753 14.2513633 50
21672810 1045.382112651103 637.2267461359139 40.8396679 14.2518668 50
21672813 1065.755204190388 707.4502302440936 40.8402967 14.2521079 50
197648161 751.7087723951122 590.5897757755981 40.8392503 14.2483914 50
257082306 1073.884160665214 705.8085552814122 40.840282 14.2522041 50
298260833 763.0910014717083 683.8525486410031 40.8400854 14.2485261 50
298260908 678.2101617735907 598.1950863158402 40.8393184 14.2475216 50
298260909 600.1316193334014 619.0566429806547 40.8395052 14.2465976 50
298261164 684.1083027500953 656.1339278462378 40.8398372 14.2475914 50
298261500 780.9544255755999 310.6004357519168 40.8367432 14.2487375 50
298261501 767.4427817051205 349.8107812826107 40.8370943 14.2485776 50
298261924 752.2918264459031 384.2077804959961 40.8374023 14.2483983 50
298279060 224.5349599264055 437.1657578558229 40.8378765 14.2421527 50
415263728 57.65475054868489 290.8556647745708 40.8365664 14.2401778 50
415263730 253.1384086449558 146.3771002225571 40.8352727 14.2424912 50
415263948 229.8500468522535 5.706774868988134 40.8340131 14.2422156 50
415264038 964.9122035974095 20.61586381431033 40.8341466 14.2509145 50
415504860 456.3707705744082 444.4472005461876 40.8379417 14.2448963 50
415504868 390.0293596764845 398.8153373047356 40.8375331 14.2441112 50
415504873 366.3184949483078 349.8889562812734 40.837095 14.2438306 50
415504874 584.9722140155254 417.1306226006728 40.8376971 14.2464182 50
415504875 659.3411806839713 436.8530578633033 40.8378737 14.2472983 50
415504959 397.6851128638859 285.539764896765 40.8365188 14.2442018 50
415504961 607.3817697029137 350.2909991283926 40.8370986 14.2466834 50
415504965 578.8459214538996 452.3540432223018 40.8380125 14.2463457 50
415504967 661.7325472976095 457.8151252407857 40.8380614 14.2473266 50
417923408 666.9208833429092 503.2347992023859 40.8384681 14.247388 50
417928534 91.69158701483866 319.2220212683803 40.8368204 14.2405806 50
417928535 119.4838300978798 334.7118387721522 40.8369591 14.2409095 50
417928540 318.1362602087988 445.2847898124994 40.8379492 14.2432604 50
417929054 68.39477516361228 348.2026098905816 40.8370799 14.2403049 50
417951902 421.1593759480141 640.565935345224 40.8396978 14.2444796 50
427510481 914.5414036528708 462.5391287042048 40.8381037 14.2503184 50
427510502 849.8477542026126 575.5355046903084 40.8391155 14.2495528 50
427510509 921.4197514393968 567.6621655848467 40.839045 14.2503998 50
427512152 893.2388056560523 762.7646254076616 40.840792 14.2500663 50
444805849 1007.990602878741 502.9667706364557 40.8384657 14.2514243 50
444805859 1057.153044428137 614.7681859350073 40.8394668 14.2520061 50
459159022 399.7807274227322 644.9995745294182 40.8397375 14.2442266 50
499577290 128.7112942043487 275.5668686961345 40.8364295 14.2410187 50
499577291 155.1177276594797 277.8004400732027 40.8364495 14.2413312 50
499577292 151.6701037076255 335.9403030289359 40.8369701 14.2412904 50
1242030761 935.8102014150558 198.0507740402324 40.8357354 14.2505701 50
1242030769 903.5901275704077 184.0462815039477 40.83561 14.2501888 50
1242030781 898.9256951650211 163.0618784124602 40.8354221 14.2501336 50
1242030791 894.8696669862663 171.973828208859 40.8355019 14.2500856 50
1242030803 903.6239278053101 156.0596321439627 40.8353594 14.2501892 50
1242030805 980.0040084456149 45.46434538961046 40.8343691 14.2510931 50
1242030816 914.7780052966506 189.2169992417859 40.8356563 14.2503212 50
1242073081 1055.944686033263 627.6558927845339 40.8395822 14.2519918 50
1242073085 768.9299920373351 363.9716238162207 40.8372211 14.2485952 50
1242073092 791.8634513645022 360.8111203175307 40.8371928 14.2488666 50
1242073099 786.9708673739943 370.9180308000606 40.8372833 14.2488087 50
1242073104 771.2791083576813 367.6235130180504 40.8372538 14.248623 50
1242073113 780.3798215836018 373.1516021778392 40.8373033 14.2487307 50
1242073120 776.7462963400528 350.3580062696975 40.8370992 14.2486877 50
1242073121 826.7030434079097 417.443322592482 40.8376999 14.2492789 50
1242073128 786.3624631472281 334.9016923387093 40.8369608 14.2488015 50
1242073135 784.4696499971246 350.1234812758406 40.8370971 14.2487791 50
1242073136 1017.454668628989 508.1709919456569 40.8385123 14.2515363 50
1242187561 1107.971697483856 301.286443106978 40.8366598 14.2526075 50
1242187724 1053.223767130065 414.8747155088891 40.8376769 14.2519596 50
1242187745 1028.296093948355 472.2551641962629 40.8381907 14.2516646 50
1285182581 670.5375084688726 533.6783770766486 40.8387407 14.2474308 50
1289339010 198.9566322243692 663.9849312391152 40.8399075 14.24185 50
1289339024 255.1326224996322 651.9683172279738 40.8397999 14.2425148 50
1289339039 232.7399669295609 644.2401602610588 40.8397307 14.2422498 50
1289339058 328.5974328862512 695.0985805257169 40.8401861 14.2433842 50
1289339079 211.8176215743871 643.6705995606771 40.8397256 14.2420022 50
1289339089 447.3292077594998 184.1021207886053 40.8356105 14.2447893 50
1289339106 196.717366667389 687.3815914175806 40.840117 14.2418235 50
1289339113 321.6345845127379 702.0561553669147 40.8402484 14.2433018 50
1289339149 201.3986991902268 652.3368565051509 40.8398032 14.2418789 50
1289339165 288.5864049149952 670.976009650255 40.8399701 14.2429107 50
1332513443 95.70536490016696 608.8380539288096 40.8394137 14.2406281 50
1333984305 3.160321955855238 710.4320480328738 40.8403234 14.2395329 50
1334013707 706.4418079091546 594.8558971058197 40.8392885 14.2478557 50
1334013708 651.8121783772526 604.2257290347056 40.8393724 14.2472092 50
1634614656 769.8087981427835 299.2538931545351 40.8366416 14.2486056 50
1734229659 743.8502177989681 382.0188805462277 40.8373827 14.2482984 50
1936597478 1005.328834386286 716.8759014576372 40.8403811 14.2513928 50
1943835367 260.4561594840043 639.1811210918254 40.8396854 14.2425778 50
1943872575 548.1130579414661 335.7951208896786 40.8369688 14.245982 50
2186324551 976.176131851847 605.7557254273615 40.8393861 14.2510478 50
2209901349 665.7294250654865 492.8151887252052 40.8383748 14.2473739 50
2215314972 1038.427714336382 626.8183035175117 40.8395747 14.2517845 50
2215369444 965.030504419165 562.9269942647802 40.8390026 14.2509159 50
2497916910 796.8151857660222 581.3651259852591 40.8391677 14.2489252 50
2497916974 805.4004454109568 677.45336664425 40.8400281 14.2490268 50
2508912799 1033.121077469193 520.7571666586008 40.838625 14.2517217 50
2552705836 951.7216619579661 734.7668081903188 40.8405413 14.2507584 50
2552718044 820.5683007876255 578.751847473656 40.8391443 14.2492063 50
2552718045 824.0835252091503 674.6278988520846 40.8400028 14.2492479 50
2552726368 897.2272333651365 663.5605526765701 40.8399037 14.2501135 50
2552759442 1025.423073988499 591.8740793170394 40.8392618 14.2516306 50
2552759446 1051.685856445631 572.7882118960954 40.8390909 14.2519414 50
2552759455 1057.009393430137 590.8131329120973 40.8392523 14.2520044 50
2552759457 1019.043279665642 572.4085047615605 40.8390875 14.2515551 50
2552760531 1013.854943620343 558.3593407972655 40.8389617 14.2514937 50
2552840924 1029.910055161118 516.0554989077659 40.8385829 14.2516837 50
2552840926 1063.591989161871 387.0555840028769 40.8374278 14.2520823 50
2552840928 1078.286641250846 357.2150703996482 40.8371606 14.2522562 50
2552840930 1017.116666280771 486.1479781646532 40.8383151 14.2515323 50
2552840932 1039.424821263855 450.2321504145488 40.8379935 14.2517963 50
2552858544 1060.465467440918 395.4649802387781 40.8375031 14.2520453 50
2552944780 886.6393098071358 448.8250004464347 40.8379809 14.2499882 50
2552944784 873.5417188132037 442.4369863063289 40.8379237 14.2498332 50
2552951911 904.0717809166256 457.323739537646 40.838057 14.2501945 50
2552986125 861.6102359208535 436.6185328680257 40.8378716 14.249692 50
2552987739 829.9309658334355 421.1957225069795 40.8377335 14.2493171 50
2716113195 751.5820215145638 586.3348222998928 40.8392122 14.2483899 50
2716117973 749.0723540793045 408.1516656622587 40.8376167 14.2483602 50
2727620248 790.8578943785055 374.8267807111731 40.8373183 14.2488547 50
2770187496 787.9172739491132 351.6981490972171 40.8371112 14.2488199 50
2770187497 777.7687534435007 372.1799986282072 40.8372946 14.2486998 50
2770187499 782.8556887844962 373.6876593082787 40.8373081 14.24876 50
2770187500 789.4044842811934 368.0925630078954 40.837258 14.2488375 50
2879457971 761.6460414330546 384.2859554946588 40.837403 14.248509 50
3101613223 755.1479462885767 585.9216115954158 40.8392085 14.2484321 50
3101613963 766.1330226056737 683.3946665085158 40.8400813 14.2485621 50
3155119197 420.2467696076633 340.8094886323227 40.8370137 14.2444688 50
3279035942 944.8602142888914 200.9320811177656 40.8357612 14.2506772 50
3279035943 895.9090242071654 167.9422318724943 40.8354658 14.2500979 50
3279035944 897.8356375919027 179.7466566023633 40.8355715 14.2501207 50
3279047005 1063.389187752859 695.9361697927391 40.8401936 14.2520799 50
3366216994 780.0249191179322 308.4115358014381 40.8367236 14.2487265 50
3393943614 1167.595311710973 645.4909602325579 40.8397419 14.2533131 50
3393943615 1176.273522001688 643.7041031306193 40.8397259 14.2534158 50
3393943643 947.9782859511856 663.3260276812923 40.8399016 14.2507141 50
3395405981 1074.230613072226 707.9974552304701 40.8403016 14.2522082 50
3420012499 866.9844732575793 0 40.833962 14.2497556 50
3420030146 930.2247126106599 7.024581982502639 40.8340249 14.250504 50
3455594494 992.2565935688666 28.72372791433941 40.8342192 14.2512381 50
3455594499 984.4825395595755 38.9869883934843 40.8343111 14.2511461 50
3455594512 988.4287169750987 33.5594099477841 40.8342625 14.2511928 50
3455594749 912.77534138345 156.7185357003648 40.8353653 14.2502975 50
3455594750 895.1062686299117 174.5871067204621 40.8355253 14.2500884 50
3455594751 912.4373390352317 146.0644002300375 40.8352699 14.2502935 50
3455594754 895.9597245592504 177.2785602293071 40.8355494 14.2500985 50
3455594756 915.2934588777709 164.3461819546119 40.8354336 14.2503273 50
3455594757 913.4175458451188 141.8764538970579 40.8352324 14.2503051 50
3455594761 913.5696469017767 159.7785284878077 40.8353927 14.2503069 50
3455594762 912.2091874503792 149.3477501554004 40.8352993 14.2502908 50
3455594763 914.4822532419931 162.2689605734483 40.835415 14.2503177 50
3455594767 912.3274882721346 153.0889822125402 40.8353328 14.2502922 50
3455612543 1000.926353800654 19.73360311927792 40.8341387 14.2513407 50
3455678309 749.2751554880475 422.2455010545638 40.8377429 14.2483626 50
3455678310 433.2345098383639 212.8258487029446 40.8358677 14.2446225 50
3455678311 595.2812856364544 386.4748554437167 40.8374226 14.2465402 50
3455678312 552.7690402883286 336.9342422911523 40.836979 14.2460371 50
3455678313 443.2731795806106 195.5268383846497 40.8357128 14.2447413 50
3455678314 422.6465862800944 336.2194994515134 40.8369726 14.2444972 50
3455678316 533.6212072612341 370.8956950860555 40.8372831 14.2458105 50
3455678320 407.8674336039977 364.5746880879652 40.8372265 14.2443223 50
3455678326 529.5651790824794 369.9017558238392 40.8372742 14.2457625 50
3455678329 477.6649185127027 384.6209912018938 40.837406 14.2451483 50
3455678331 581.4062892417815 416.0585083390833 40.8376875 14.246376 50
3455678339 577.1559097128078 381.4158162737729 40.8373773 14.2463257 50
3455678343 517.1604929028385 396.894465920187 40.8375159 14.2456157 50
3455678348 522.2558783020893 398.4803015989213 40.8375301 14.245676 50
3455678351 381.7905524384267 318.1499070082116 40.8368108 14.2440137 50
3455678353 703.4758373036526 449.1265325830173 40.8379836 14.2478206 50
3455678357 437.5186896019712 307.6632893904364 40.8367169 14.2446732 50
3455784944 548.1468581763686 184.2249672145678 40.8356116 14.2459824 50
3455784945 656.2907094910788 225.8028984056501 40.8359839 14.2472622 50
3455784947 660.4058880808457 232.5259482522805 40.8360441 14.2473109 50
3455784950 599.8189671614271 204.8519988848151 40.8357963 14.2465939 50
3455784953 693.4033673263691 254.8393263132194 40.8362439 14.2477014 50
3455784956 657.4061172403069 226.6628233866774 40.8359916 14.2472754 50
3455784957 658.6313757527664 228.9075626211033 40.8360117 14.2472899 50
3455784959 654.9725003331077 225.0769877079431 40.8359774 14.2472466 50
3455784960 653.1557377113332 224.3734127249516 40.8359711 14.2472251 50
3455784961 665.8815261221445 238.6347659690983 40.8360988 14.2473757 50
3455784962 662.8395049880448 236.6580553006025 40.8360811 14.2473397 50
3455784963 639.1455403774536 219.3590449823076 40.8359262 14.2470593 50
3455784964 662.0282993521325 235.652948180318 40.8360721 14.2473301 50
3455784967 658.2426730521944 227.7684412182089 40.8360015 14.2472853 50
3455784968 663.7859115631637 237.5403159949245 40.836089 14.2473509 50
3455784970 661.411445066708 234.4803232074815 40.8360616 14.2473228 50
3455791930 474.7411982002242 101.672169102727 40.8348724 14.2451137 50
3455791932 460.1563968744808 145.0481252538161 40.8352608 14.2449411 50
3455791934 503.1756457449341 14.56288538143974 40.8340924 14.2454502 50
3455802577 643.1339680865378 53.21483806839927 40.8344385 14.2471065 50
3455802578 566.7538874460987 191.6515920441897 40.8356781 14.2462026 50
3455837338 747.2133411638348 100.4995441298905 40.8348619 14.2483382 50
3455837339 742.8362107543129 100.1421727093607 40.8348587 14.2482864 50
3455837341 862.8016941982762 166.8031104703104 40.8354556 14.2497061 50
3455837342 721.820914753359 106.373836852141 40.8349145 14.2480377 50
3455837343 733.3214446517106 100.4883762725327 40.8348618 14.2481738 50
3455837344 733.2876444170769 106.2509904268888 40.8349134 14.2481734 50
3455837345 747.694994510187 85.63512661257857 40.8347288 14.2483439 50
3455837347 753.3311836666678 101.0467691176878 40.8348668 14.2484106 50
3455837348 722.623670330344 108.8195975104817 40.8349364 14.2480472 50
3455837351 728.5133612481901 107.8814975322126 40.834928 14.2481169 50
3455837352 737.0141203062717 76.1536161150878 40.8346439 14.2482175 50
3455837354 726.1811450454296 108.964779649739 40.8349377 14.2480893 50
3455837356 723.5362766706949 109.4673332102364 40.8349422 14.248058 50
3455837357 741.5433517724516 105.8377797209911 40.8349097 14.2482711 50
3455837360 665.3745225998169 58.22920581175373 40.8344834 14.2473697 50
3455837362 722.572969978259 103.8275654818428 40.8348917 14.2480466 50
3455837363 702.2843790259612 66.5380913349872 40.8345578 14.2478065 50
3455837364 755.6211495760018 98.95837987987684 40.8348481 14.2484377 50
3455837365 755.2577970516738 95.75320495317663 40.8348194 14.2484334 50
3455837369 766.1837229581616 111.2541903128855 40.8349582 14.2485627 50
3455837370 759.7532282829512 109.1434653603591 40.8349393 14.2484866 50
3455837371 752.3087265633543 90.99569791839463 40.8347768 14.2483985 50
3455837372 723.341925320476 102.8224583622687 40.8348827 14.2480557 50
3455837373 753.9395878937028 93.46379429074051 40.8347989 14.2484178 50
3455837376 754.3451907114573 100.6670619831528 40.8348634 14.2484226 50
3455837377 573.7505360543801 102.1077155212091 40.8348763 14.2462854 50
3455837380 722.0152661037122 105.0336940260422 40.8349025 14.24804 50
3455837381 730.7357266878536 106.9545654113011 40.8349197 14.2481432 50
3455837382 754.8606442924433 107.7363153922449 40.8349267 14.2484287 50
3455837384 755.638049693453 97.49539062639468 40.834835 14.2484379 50
3455837385 726.7303988614525 101.0914405442772 40.8348672 14.2480958 50
3455837386 755.1225961124671 99.99699056868263 40.8348574 14.2484318 50
3455837387 748.0329968584055 106.4520118500933 40.8349152 14.2483479 50
3455837389 722.0406162798218 107.66930825094 40.8349261 14.2480403 50
3455837390 624.7719905191115 117.5193580248975 40.8350143 14.2468892 50
3455837391 749.6385080123755 100.8234119797678 40.8348648 14.2483669 50
3455837893 737.4535233589287 105.8824511497117 40.8349101 14.2482227 50
3455837894 751.970724215136 101.0802726876298 40.8348671 14.2483945 50
3455837895 725.3614893511278 109.3891582122841 40.8349415 14.2480796 50
3455837896 592.5519166744634 41.82362404300733 40.8343365 14.2465079 50
3455837898 724.7699852418128 101.761511958037 40.8348732 14.2480726 50
3455837899 724.4742331871554 109.7465296328139 40.8349447 14.2480691 50
3455837900 729.1217654750907 100.8234119797678 40.8348648 14.2481241 50
3455837906 731.9525351416546 73.2276376102547 40.8346177 14.2481576 50
3455837907 750.3990132957996 88.62811225871661 40.8347556 14.2483759 50
3455837908 734.5636032816213 74.42259829709633 40.8346284 14.2481885 50
3455943205 505.338860773451 165.1614355076289 40.8354409 14.2454758 50
3457855701 1007.999052937265 540.3120840672586 40.8388001 14.2514244 50
3457855703 925.9827831406135 467.7545178707637 40.8381504 14.2504538 50
3457855707 1037.210905882715 529.4680950303743 40.838703 14.2517701 50
3468004147 253.6369621084905 136.2925254533219 40.8351824 14.2424971 50
3468004148 154.9994268375898 4.522982038793941 40.8340025 14.2413298 50
3468004154 254.8622206208157 144.7465931172334 40.8352581 14.2425116 50
3468004165 215.4511468179361 65.66699849802296 40.83455 14.2420452 50
3468004169 254.0763651612818 145.6288538115554 40.835266 14.2425023 50
3468004170 207.4658413409749 51.75184881704837 40.8344254 14.2419507 50
3468004172 84.7456387589109 109.277479642969 40.8349405 14.2404984 50
3468004173 158.9625043706988 9.783042633362982 40.8340496 14.2413767 50
3468004176 150.7067970153241 1.340142826809256 40.833974 14.241279 50
3468004177 203.959066978243 69.43056626987823 40.8345837 14.2419092 50
3468004183 204.6012714397772 70.94939480588675 40.8345973 14.2419168 50
3468005696 207.7869435718763 47.40755248745376 40.8343865 14.2419545 50
3468005706 80.64736028659524 111.7567438719622 40.8349627 14.2404499 50
3468005710 152.2024574059283 1.999046383921723 40.8339799 14.2412967 50
3468005720 204.6688719095821 70.55851981470443 40.8345938 14.2419176 50
3468005722 139.3668182322889 91.9561336113793 40.8347854 14.2411448 50
3468005729 66.69631336359328 115.1406045092825 40.834993 14.2402848 50
3468005731 208.1671962133869 53.33768449436184 40.8344396 14.241959 50
3468005732 204.2125687393395 71.23975908440121 40.8345999 14.2419122 50
3468005740 204.5421210287651 70.24581982218484 40.834591 14.2419161 50
3468005741 255.7410267262641 141.1617110567087 40.835226 14.242522 50
3468005743 204.4491703831193 71.1057448025017 40.8345987 14.241915 50
3468005746 204.6688719095821 70.7818769533348 40.8345958 14.2419176 50
3468005750 30.88496456922587 120.3559936758413 40.8350397 14.239861 50
3468005752 255.3861242605944 139.9332467985042 40.835215 14.2425178 50
3468005756 208.7756004402875 44.66025969253036 40.8343619 14.2419662 50
3468005759 211.4120187566326 58.93278079474521 40.8344897 14.2419974 50
3468005760 255.4537247303994 143.6856467130017 40.8352486 14.2425186 50
3468005766 205.235025842653 170.4214961014876 40.835488 14.2419243 50
3468005772 75.78012647219703 113.4430902626538 40.8349778 14.2403923 50
3468005773 153.8671189711793 3.115832071390173 40.8339899 14.2413164 50
3468005774 148.9153845695248 0.9492678363373557 40.8339705 14.2412578 50
3468005782 198.5510294064803 173.6601745988403 40.835517 14.2418452 50
3468005792 207.3306404016338 49.89798457309433 40.8344088 14.2419491 50
3468005795 254.5833686836095 138.1798932679284 40.8351993 14.2425083 50
3468005797 255.7241266088129 142.3231681728978 40.8352364 14.2425218 50
3468038888 222.2618941346572 78.26434106690385 40.8346628 14.2421258 50
3507494119 139.3161178800696 555.1429980146285 40.8389329 14.2411442 50
3507494121 105.642633937975 352.2007026570042 40.8371157 14.2407457 50
3507494123 335.1800286181197 613.7072395307756 40.8394573 14.2434621 50
3507494124 263.6925319683228 634.4906211990588 40.8396434 14.2426161 50
3507494127 381.2835489160992 518.1885595742975 40.838602 14.2440077 50
3507494128 179.8425994321772 403.3271514875926 40.8375735 14.2416238 50
3507494129 150.3603446083129 336.5098637300279 40.8369752 14.2412749 50
3507494131 445.9433981314551 587.7531401246544 40.8392249 14.2447729 50
3507494133 335.4842307314356 616.0189859065065 40.839478 14.2434657 50
3507494135 316.7758007571325 539.6085090835567 40.8387938 14.2432443 50
3507494139 153.7995185013743 276.9963543775434 40.8364423 14.2413156 50
3507494140 361.7892634821279 624.1268500079564 40.8395506 14.243777 50
3507494141 382.1623550215476 514.7041882243094 40.8385708 14.2440181 50
3507494144 66.24001019375385 606.6826575496938 40.8393944 14.2402794 50
3507494145 149.0421354500731 536.6266912947764 40.8387671 14.2412593 50
3507494149 138.5218123616086 553.8921980424188 40.8389217 14.2411348 50
3507494153 178.7018415069738 402.6124086465329 40.8375671 14.2416103 50
3507494154 301.2783930909039 571.1130333634719 40.8390759 14.2430609 50
3507494155 302.1487491375594 655.1511564406687 40.8398284 14.2430712 50
3507494159 393.2319319257662 637.4501032738337 40.8396699 14.2441491 50
3507494165 334.5885245086704 624.3837107165288 40.8395529 14.2434551 50
3507494168 122.4075504099553 280.8492650032879 40.8364768 14.2409441 50
3507494170 345.6581014130234 626.9746535141267 40.8395761 14.2435861 50
3507494171 382.9651105985326 633.6865355033995 40.8396362 14.2440276 50
3507494172 181.5579613495131 404.8683157383166 40.8375873 14.2416441 50
3507494173 67.39766823627406 349.2523884395868 40.8370893 14.2402931 50
3507494174 289.5328114902485 427.3268759385128 40.8377884 14.2429219 50
3507494176 152.2954080518429 334.9575316226565 40.8369613 14.2412978 50
3507494179 111.4985246209186 369.0865022715325 40.8372669 14.240815 50
3507494180 133.5531778426373 546.8564482039792 40.8388587 14.241076 50
3507494181 62.95293735708162 436.7190435806934 40.8378725 14.2402405 50
3507494186 333.8364692837703 626.3604213850244 40.8395706 14.2434462 50
3507494189 521.1827208466908 558.9735729263679 40.8389672 14.2456633 50
3507494191 328.9861355868233 629.5655963117247 40.8395993 14.2433888 50
3507506993 401.4031386941535 644.9325673881133 40.8397369 14.2442458 50
3507506998 33.33548159387624 366.0041737700844 40.8372393 14.23989 50
3507507000 195.5428085072831 437.1769257131807 40.8378766 14.2418096 50
3507507003 27.19228891493356 490.7156316307469 40.838356 14.2398173 50
3507507005 341.5260227059397 627.052828512079 40.8395768 14.2435372 50
3507507012 129.8182518949185 377.5852413620335 40.837343 14.2410318 50
3507507014 266.4219009301794 633.2844926548594 40.8396326 14.2426484 50
3507507015 400.6257332932781 645.1112530994437 40.8397385 14.2442366 50
3507507016 104.7722778913194 358.1978418059276 40.8371694 14.2407354 50
3507507020 326.0455151572967 631.8326712601557 40.8396196 14.243354 50
3507507021 281.8094578331766 425.3501652685962 40.8377707 14.2428305 50
3507507022 350.1704327620208 627.4883749305611 40.8395807 14.2436395 50
3507507023 264.5459878975272 633.9210604979667 40.8396383 14.2426262 50
3507507024 273.5875507127045 425.6852009758313 40.8377737 14.2427332 50
3507507028 574.7222928057431 509.231938350599 40.8385218 14.2462969 50
3507507030 152.5996101651588 333.3828638012799 40.8369472 14.2413014 50
3507507035 104.1638736645532 368.8296415622497 40.8372646 14.2407282 50
3507507036 276.7901229621204 425.2161509866967 40.8377695 14.2427711 50
3507507037 116.8643118991204 335.5940994657638 40.836967 14.2408785 50
3507507039 28.95835118421996 489.4089923753006 40.8383443 14.2398382 50
3507507040 303.458508236872 584.7824901932319 40.8391983 14.2430867 50
3507507043 131.6519146340098 553.4901551952996 40.8389181 14.2410535 50
3507507047 417.8554029940251 630.5595355746515 40.8396082 14.2444405 50
3507507048 139.0372659425946 550.7987016850338 40.838894 14.2411409 50
3507507049 262.8982264499963 635.3282104660809 40.8396509 14.2426067 50
3507507050 302.5797021316924 654.9613028741117 40.8398267 14.2430763 50
3507507051 301.768496496049 655.1623242973162 40.8398285 14.2430667 50
3507507052 388.4660988156722 505.9150848552939 40.8384921 14.2440927 50
3507507055 124.9425680218618 277.7892722158449 40.8364494 14.2409741 50
3507507057 139.8991719305917 549.9164409914222 40.8388861 14.2411511 50
3507507069 401.800291453384 642.3081210198628 40.8397134 14.2442505 50
3507507070 215.6116979332525 592.5999900140361 40.8392683 14.2420471 50
3507507071 147.7154762333093 544.1426589804188 40.8388344 14.2412436 50
3507507073 287.0653943482812 426.5227902428535 40.8377812 14.2428927 50
3507507074 199.65798709705 440.6836327757532 40.837908 14.2418583 50
3507507076 334.3941731583171 611.6523538636172 40.8394389 14.2434528 50
3507507079 117.4389158911184 334.9575316226565 40.8369613 14.2408853 50
3507507081 300.9572908601367 581.6554902644839 40.8391703 14.2430571 50
3507507083 31.50181885465054 361.9055702917045 40.8372026 14.2398683 50
3507507087 85.34559292688425 608.0339682331503 40.8394065 14.2405055 50
3507507088 132.3786196828003 550.0951267006216 40.8388877 14.2410621 50
3507507090 205.0068742575318 446.2228897921893 40.8379576 14.2419216 50
3507507091 304.793617512563 586.1784723032779 40.8392108 14.2431025 50
3507507092 9.430265515615019 537.9556662649383 40.838779 14.2396071 50
3507507196 132.4039698589099 548.9225017277851 40.8388772 14.2410624 50
3507507197 31.13001627152971 363.2568809744507 40.8372147 14.2398639 50
3507507198 512.9692637847427 533.2651663721716 40.838737 14.2455661 50
3507507205 332.5520603605674 508.5618669375496 40.8385158 14.243431 50
3507507211 299.8756833459454 578.0259367766594 40.8391378 14.2430443 50
3507507213 99.7867432550313 600.4509934054927 40.8393386 14.2406764 50
3507507218 267.368307505164 633.3961712241745 40.8396336 14.2426596 50
3507507219 159.0554550163446 534.7393234808803 40.8387502 14.2413778 50
3507507227 128.4577924432522 564.3118085188892 40.839015 14.2410157 50
3507507228 300.2305858116151 579.9133045898451 40.8391547 14.2430485 50
3507507232 61.53332749453762 351.8656669497691 40.8371127 14.2402237 50
3507507234 215.0370939412544 590.7126222008503 40.8392514 14.2420403 50
3507507235 154.6360743132618 277.2532150861157 40.8364446 14.2413255 50
3507507240 119.7373318589764 284.3559720658603 40.8365082 14.2409125 50
3507507242 138.8598147098269 554.6181087408363 40.8389282 14.2411388 50
3507507243 441.3803664306415 457.4354181062508 40.838058 14.2447189 50
3507507246 133.9925808954287 558.8953979277051 40.8389665 14.2410812 50
3507507247 332.8055621217983 628.1472784862528 40.8395866 14.243434 50
3507507251 439.7579551590858 458.6973859343973 40.8380693 14.2446997 50
3507507252 102.9048149173256 594.2193292634228 40.8392828 14.2407133 50
3507507253 114.8362978098102 338.5200779698865 40.8369932 14.2408545 50
3507507255 66.16395966529046 350.1458169905562 40.8370973 14.2402785 50
3507507257 215.6201479920453 591.8852471729764 40.8392619 14.2420472 50
3507507258 125.8889745967119 276.8623400949335 40.8364411 14.2409853 50
3507507260 302.9768548909229 654.6150993102292 40.8398236 14.243081 50
3507507261 376.9064185064429 637.2825854212819 40.8396684 14.2439559 50
3507507262 33.94388582064244 360.4649167536483 40.8371897 14.2398972 50
3507507263 402.1720940365048 643.7934459859293 40.8397267 14.2442549 50
3507507264 106.8087420392881 589.0151079542217 40.8392362 14.2407595 50
3507507266 301.3375435020504 654.9613028741117 40.8398267 14.2430616 50
3507507270 132.0659675104228 553.2109587720117 40.8389156 14.2410584 50
3507507272 408.0026345432044 626.8294713734488 40.8395748 14.2443239 50
3507507274 150.1490931406428 537.4531127037304 40.8387745 14.2412724 50
3507507280 132.3870697413242 551.9601588005125 40.8389044 14.2410622 50
3507507281 398.8681210823814 624.5400607131437 40.8395543 14.2442158 50
3507507286 32.57497631031777 360.9227988861355 40.8371938 14.239881 50
3507507287 106.9270428611779 349.9224598526362 40.8370953 14.2407609 50
3507507291 144.6650050406856 538.2460305434528 40.8387816 14.2412075 50
3507507397 113.4251380057902 369.3656986926893 40.8372694 14.2408378 50
3507507400 386.5394854309351 508.159824088299 40.8385122 14.2440699 50
3507507405 401.1242867569472 641.6827210348237 40.8397078 14.2442425 50
3507507409 9.354214987286014 489.4089923753006 40.8383443 14.2396062 50
3507507410 572.5421776595061 539.3293126609792 40.8387913 14.2462711 50
3507507411 335.4842307314356 619.1348179786071 40.8395059 14.2434657 50
3507507413 132.3025691543369 552.7754123535296 40.8389117 14.2410612 50
3507507414 335.15467844201 622.3176571913021 40.8395344 14.2434618 50
3507507415 401.9185922751395 644.541692396931 40.8397334 14.2442519 50
3507507422 355.9671730339523 370.5271558088784 40.8372798 14.2437081 50
3507507424 300.3150863984681 573.8714940150426 40.8391006 14.2430495 50
3507507426 300.6108384531256 654.4364135988988 40.839822 14.243053 50
3507507427 149.9885420253264 541.5963876094102 40.8388116 14.2412705 50
3507507439 164.0409896527671 528.7310164760199 40.8386964 14.2414368 50
3507507440 363.9440284519864 611.2168074458455 40.839435 14.2438025 50
3507507442 101.9415082248898 363.5249095403808 40.8372171 14.2407019 50
3507507443 384.722722809295 510.1923740428732 40.8385304 14.2440484 50
3507507446 196.3202139082929 438.5505721106424 40.8378889 14.2418188 50
3507507449 197.7651739469466 632.8489462363773 40.8396287 14.2418359 50
3507507450 27.84294343512624 490.548113778195 40.8383545 14.239825 50
3507507451 138.5471625377182 551.7814730913133 40.8389028 14.2411351 50
3507507456 103.7920710814324 362.9106774126994 40.8372116 14.2407238 50
3507507457 117.2361144822412 576.5517796665299 40.8391246 14.2408829 50
3507507458 127.7310873943273 275.6785472647392 40.8364305 14.2410071 50
3507507460 104.9412790654286 356.254634707374 40.837152 14.2407374 50
3507507468 215.4511468179361 593.3482364264585 40.839275 14.2420452 50
3507507469 385.5170283276216 407.6267763891769 40.837612 14.2440578 50
3507507473 32.21162378598967 365.5239559235921 40.837235 14.2398767 50
3507507474 155.2698287161377 279.4309471785264 40.8364641 14.241333 50
3507507475 444.9716413803608 454.6211181707329 40.8380328 14.2447614 50
3507507479 215.425796641692 591.2040079032796 40.8392558 14.2420449 50
3507507482 75.94067758778215 367.8133665846075 40.8372555 14.2403942 50
3507507483 307.2356844784205 436.5961971540205 40.8378714 14.2431314 50
3507507484 104.2821744863087 361.994913147725 40.8372034 14.2407296 50
3507507485 130.7224081764765 553.5459944792468 40.8389186 14.2410425 50
3507507487 215.1469447044858 594.1634899780547 40.8392823 14.2420416 50
3507507593 146.1437653141073 537.151580569279 40.8387718 14.241225 50
3507507595 299.9179336395064 575.8593725401857 40.8391184 14.2430448 50
3507507596 361.63716242547 625.0202785582153 40.8395586 14.2437752 50
3507507597 284.0909736837178 425.7857116884991 40.8377746 14.2428575 50
3507507598 354.7165643456519 628.3147963402255 40.8395881 14.2436933 50
3507507599 148.9576348632202 542.9588661502246 40.8388238 14.2412583 50
3507507601 126.8353811716966 276.1252615405791 40.8364345 14.2409965 50
3507507602 150.4870954888612 540.1445662147066 40.8387986 14.2412764 50
3507507606 389.9448590893628 641.9060781727436 40.8397098 14.2441102 50
3507507608 28.41754742698993 490.0678959317027 40.8383502 14.2398318 50
3507507610 301.007991212356 432.5199293903561 40.8378349 14.2430577 50
3507507612 337.2080427074299 627.2650177926412 40.8395787 14.2434861 50
3507507613 138.3866114224019 552.7865802108873 40.8389118 14.2411332 50
3507507616 104.4342755431011 360.7999524608834 40.8371927 14.2407314 50
3507507617 182.6987192748509 406.8226906935176 40.8376048 14.2416576 50
3507507620 198.2721774692741 440.4602756378332 40.837906 14.2418419 50
3507507621 111.5661250905891 582.9956330905827 40.8391823 14.2408158 50
3507507622 105.1947808266596 354.2444204668049 40.837134 14.2407404 50
3507507623 182.0734149306335 405.7170728605653 40.8375949 14.2416502 50
3507507624 61.93893031242658 438.7627613912045 40.8378908 14.2402285 50
3507507625 150.5124456649709 538.7262483899451 40.8387859 14.2412767 50
3507507626 147.4366242959687 536.4703412988719 40.8387657 14.2412403 50
3507507627 292.0847292193374 428.3878223427445 40.8377979 14.2429521 50
3507507630 197.156769720046 439.779036367426 40.8378999 14.2418287 50
3507507631 31.40886820900471 364.675198800633 40.8372274 14.2398672 50
3507507634 180.7890060072962 404.0418943279418 40.8375799 14.241635 50
3507507635 302.1064988442673 583.2636616558025 40.8391847 14.2430707 50
3507507636 394.8796933734315 499.381888575931 40.8384336 14.2441686 50
3507507638 102.8372144477894 363.4243988284234 40.8372162 14.2407125 50
3507507640 332.7633118282375 609.0502432093718 40.8394156 14.2434335 50
3507507641 131.1956114639015 553.5794980506097 40.8389189 14.2410481 50
3507507642 132.6828217961162 547.8838910368481 40.8388679 14.2410657 50
3507507643 352.0716959706483 473.0480820352748 40.8381978 14.243662 50
3507507646 27.82604331780942 603.7008397594927 40.8393677 14.2398248 50
3507507648 294.5943966548655 429.4711044602709 40.8378076 14.2429818 50
3507507649 418.7933595104856 631.5088034102785 40.8396167 14.2444516 50
3507507663 362.1357158891391 626.0588892484418 40.8395679 14.2437811 50
3507507665 64.50774815896671 350.4585169823653 40.8371001 14.2402589 50
3507507666 279.367390867319 425.1268081306763 40.8377687 14.2428016 50
3507507672 184.5070318376982 487.1307495695117 40.8383239 14.241679 50
3507507675 366.3100448896493 627.7899070664334 40.8395834 14.2438305 50
3507507677 402.1720940365048 642.98936029027 40.8397195 14.2442549 50
3507507678 451.1993346464253 449.0595254417124 40.837983 14.2448351 50
3507507680 265.4416941204267 633.5190176494266 40.8396347 14.2426368 50
3507507681 114.8616479856511 369.8682522524763 40.8372739 14.2408548 50
3507507684 207.5587919867551 441.1415149068196 40.8379121 14.2419518 50
3507507685 383.5228144730794 511.6553632942241 40.8385435 14.2440342 50
3507507687 15.87766030800799 347.1416634870604 40.8370704 14.2396834 50
3507507688 361.7554632473598 625.6121749733124 40.8395639 14.2437766 50
3507507692 0 346.1923956521438 40.8370619 14.2394955 50
3507507896 396.9161575214002 639.0136032378525 40.8396839 14.2441927 50
3507507901 118.2585715855547 334.7118387721522 40.8369591 14.240895 50
3507507902 382.7285089546185 513.0848489763434 40.8385563 14.2440248 50
3507507912 330.7437477975857 607.0176932562185 40.8393974 14.2434096 50
3507507913 399.3835746635017 640.5324317745715 40.8396975 14.2442219 50
3507526652 531.365041586937 525.3359879820523 40.838666 14.2457838 50
3507526659 520.0926632737066 530.1940057280813 40.8387095 14.2456504 50
3507526660 539.2151461245571 552.0830052271855 40.8389055 14.2458767 50
3507526661 552.1944362963305 547.1133089118413 40.838861 14.2460303 50
3507536167 605.9959600751379 526.5421165255412 40.8386768 14.246667 50
3507608496 341.7626243497194 464.6163500853684 40.8381223 14.24354 50
3507608497 376.16281334047 425.919725971109 40.8377758 14.2439471 50
3572177101 1071.323792877467 692.6528198673761 40.8401642 14.2521738 50
3572177116 1079.275298119391 737.971983117019 40.84057 14.2522679 50
3572177117 1080.55125698407 747.7438578937347 40.8406575 14.252283 50
3635261414 500.8518796009664 21.68797807518939 40.8341562 14.2454227 50
3636018629 240.33656970595 153.0331429278826 40.8353323 14.2423397 50
3803536860 54.79863070614556 351.3631133906924 40.8371082 14.240144 50
3837365513 693.8005200854652 751.2729006696018 40.8406891 14.2477061 50
3837365515 609.2407826182491 667.6256525835872 40.8399401 14.2467054 50
3837365516 691.1979020040226 725.754347682673 40.8404606 14.2476753 50
3837365517 619.2034018320325 732.7789296651756 40.8405235 14.2468233 50
3837365518 578.6938203972417 761.7036790034299 40.8407825 14.2463439 50
3837365520 718.5845422691748 723.0628941731177 40.8404365 14.2479994 50
3837365526 715.7030722505259 692.6304841547919 40.840164 14.2479653 50
3837365528 588.8423409027198 587.6749651267021 40.8392242 14.246464 50
3837365535 667.0983345758112 728.1777726262983 40.8404823 14.2473901 50
3837365539 674.0189326556292 561.4305014413559 40.8389892 14.247472 50
3837365541 630.4335298519707 664.3087990882822 40.8399104 14.2469562 50
3837365542 622.2116227312297 760.5645575998251 40.8407723 14.2468589 50
3837365548 763.3107029980368 685.8962664515141 40.8401037 14.2485287 50
3837365553 565.5539791098831 713.8717479541414 40.8403542 14.2461884 50
3837365556 553.3351942216683 740.1162116394876 40.8405892 14.2460438 50
3837365558 670.3178069425441 754.3887327417024 40.840717 14.2474282 50
3837365562 720.9167584720697 747.6545150384245 40.8406567 14.248027 50
3837365564 427.5222701534198 673.6562953024527 40.8399941 14.2445549 50
3837365566 663.5831101540177 700.0682768410611 40.8402306 14.2473485 50
3837365567 419.2496626804594 733.9403867806544 40.8405339 14.244457 50
3837365572 659.3158305078616 659.9086634747405 40.839871 14.247298 50
3837365573 478.4254237961269 749.139840004491 40.84067 14.2451573 50
3837365583 625.0761926324274 576.0603939641005 40.8391202 14.2468928 50
3837365585 636.3908212392186 703.8765160402163 40.8402647 14.2470267 50
3837365587 473.9130924473982 726.6701119462267 40.8404688 14.2451039 50
3837365595 709.0275258730117 619.8830643903191 40.8395126 14.2478863 50
3837365596 534.5253635427922 605.0968218716699 40.8393802 14.2458212 50
3837365601 704.5996951112704 575.4126582650563 40.8391144 14.2478339 50
3837365608 572.1534749592029 737.3800867026323 40.8405647 14.2462665 50
3837365609 457.0721254469546 642.7213317250503 40.8397171 14.2449046 50
3837365611 643.2691690257445 757.9959505155218 40.8407493 14.2471081 50
3837365612 640.1679974807671 730.7352118546646 40.8405052 14.2470714 50
3837365614 688.2319313985206 696.5727376358465 40.8401993 14.2476402 50
3837365615 439.1411008736612 731.2824368424619 40.8405101 14.2446924 50
3837365617 711.8413954221244 651.8678065153059 40.839799 14.2479196 50
3837365618 558.8953328499545 765.3108967765389 40.8408148 14.2461096 50
3837365620 454.6469585984139 630.7047177146192 40.8396095 14.2448759 50
3837365622 611.1166956509014 678.1569416286623 40.8400344 14.2467276 50
3837365623 462.623814016448 670.3952810918053 40.8399649 14.2449703 50
3837365625 524.1993918045464 608.4025075103275 40.8394098 14.245699 50
3837365629 615.8064782323976 706.7578231170392 40.8402905 14.2467831 50
3837386369 571.3760695581931 713.045326544477 40.8403468 14.2462573 50
3837386370 560.6444950021928 696.7179197758142 40.8402006 14.2461303 50
3837386371 608.4971774520075 663.5382169632753 40.8399035 14.2466966 50
3837404044 455.7708164061661 636.2551425869922 40.8396592 14.2448892 50
3909994324 622.0088213222181 611.5741788656649 40.8394382 14.2468565 50
3910024774 207.4151409887555 644.787385248856 40.8397356 14.2419501 50
3910024775 203.6886650995607 648.3499315960861 40.8397675 14.241906 50
4033335654 422.2409834623398 646.1945352169703 40.8397482 14.2444924 50
4033335671 455.3060631775338 633.9657319252665 40.8396387 14.2448837 50
4055223894 671.6698163355519 543.1933911447918 40.8388259 14.2474442 50
4078661837 557.8559756291897 451.0250682528504 40.8380006 14.2460973 50
4088301874 1094.49385384828 684.9581664725346 40.8400953 14.252448 50
4130319668 278.3111335291031 425.1603117020392 40.837769 14.2427891 50
4154024326 389.3026546275597 505.0551598742667 40.8384844 14.2441026 50
4154024327 404.8930129394342 490.2577494982597 40.8383519 14.2442871 50
4154130218 329.0452859978354 515.4636024940896 40.8385776 14.2433895 50
4159564196 75.61112529808781 607.4085682474008 40.8394009 14.2403903 50
4258814386 480.1745859479621 318.518446283968 40.8368141 14.245178 50
4295415172 987.7696123961133 652.9064172062428 40.8398083 14.251185 50
4379344936 381.0469472721851 626.5279392382869 40.8395721 14.2440049 50
4942583321 962.4363363967839 19.17521027625412 40.8341337 14.2508852 50
4948166995 268.1964132585274 633.7200390733415 40.8396365 14.2426694 50
4948171537 777.5659520344891 304.8936608822183 40.8366921 14.2486974 50
4948171538 779.1799132473863 306.5911751288469 40.8367073 14.2487165 50
4948188864 212.3922255662508 37.81436342064785 40.8343006 14.242009 50
4948240463 833.2095886111805 423.6526510219676 40.8377555 14.2493559 50
4948240466 993.6931035487274 504.2510741786074 40.8384772 14.2512551 50
4948240473 984.1276370940402 493.485260138965 40.8383808 14.2511419 50
4948240474 989.2737228456447 498.309774315052 40.838424 14.2512028 50
4948240479 997.4280294967151 511.4990132976092 40.8385421 14.2512993 50
5256314763 765.0091647979215 383.3366876597422 40.8373945 14.2485488 50
5256314764 750.297612591361 392.1704624567679 40.8374736 14.2483747 50
5256314765 762.8712999453799 360.6100988929055 40.837191 14.2485235 50
5256314766 768.1356865190086 360.3867417556959 40.837189 14.2485858 50
5256314767 770.4848028392203 353.8312097623279 40.8371303 14.2486136 50
5256314768 775.3604867122768 376.825827093674 40.8373362 14.2486713 50
5256314769 795.8603291321105 377.3618842248239 40.837341 14.2489139 50
5256314777 800.9726146490812 381.2147948505685 40.8373755 14.2489744 50
5256314778 804.225887250851 379.2380841806519 40.8373578 14.2490129 50
5256314783 771.5157100013265 300.4935252686765 40.8366527 14.2486258 50
5259514085 911.5669829885761 568.745447702373 40.8390547 14.2502832 50
5259514086 928.8980533938961 566.9362548878501 40.8390385 14.2504883 50
5260065744 1005.793587615321 559.1075872089777 40.8389684 14.2513983 50
5261859918 999.5320941144887 498.9240064427333 40.8384295 14.2513242 50
5261859919 1006.368191607185 535.5657448905447 40.8387576 14.2514051 50
5261859920 1008.032853172301 524.4983987150301 40.8386585 14.2514248 50
5261860021 1010.120017672489 519.7185559669533 40.8386157 14.2514495 50
5261860022 1012.815586399578 517.4738167325274 40.8385956 14.2514814 50
5261860023 1017.327917748441 515.6869596305887 40.8385796 14.2515348 50
5261860025 1032.478873007658 463.9909500989085 40.8381167 14.2517141 50
5261860028 1057.812149007122 597.9717291779202 40.8393164 14.2520139 50
5261860029 1057.93889988767 606.0572575639442 40.8393888 14.2520154 50
5261860030 1011.919880176947 494.8924101070792 40.8383934 14.2514708 50
5261860031 1045.677864706029 436.0824757382965 40.8378668 14.2518703 50
5261860032 1102.64816049935 311.3040107356187 40.8367495 14.2525445 50
5261860033 1104.253671653589 308.288689376186 40.8367225 14.2525635 50
5262035680 952.7525691198036 744.091968691905 40.8406248 14.2507706 50
5262035682 962.7912388621847 731.2154297011569 40.8405095 14.2508894 50
5262035683 936.3932554658467 666.0509847622106 40.839926 14.250577 50
5262035684 926.2531850191613 658.0547992307863 40.8398544 14.250457 50
5262035685 1039.619172614074 638.8014139572904 40.839682 14.2517986 50
5262035686 1031.845118604783 641.034985335069 40.839702 14.2517066 50
5262035688 1059.037407519582 697.6001804694257 40.8402085 14.2520284 50
5262035689 984.9303926708908 639.1587853771098 40.8396852 14.2511514 50
5262035690 932.1597760543243 656.9380135418971 40.8398444 14.2505269 50
5262035691 943.542005130786 747.2078007625847 40.8406527 14.2506616 50
5262035705 1139.253814812178 669.8033846759977 40.8399596 14.2529777 50
5262035710 1071.746295812807 742.6959865797278 40.8406123 14.2521788 50
5262035714 1056.012286502799 698.7728054422621 40.840219 14.2519926 50
5262035715 1049.911344117283 700.8835303940782 40.8402379 14.2519204 50
5262036157 1146.69831653191 664.9788705013316 40.8399164 14.2530658 50
5262036158 1163.125230655537 648.3610994527335 40.8397676 14.2532602 50
5262104616 923.8195681118278 658.5126813632736 40.8398585 14.2504282 50
5270757658 945.5362189853281 746.4930579229458 40.8406463 14.2506852 50
5277697428 1066.160807008411 709.7731444764718 40.8403175 14.2521127 50
5292326786 559.5459873702815 597.0671327695932 40.8393083 14.2461173 50
5293795064 456.0834685784092 637.8074746936533 40.8396731 14.2448929 50
5622748795 987.7696123961133 652.9064172062428 40.8398083 14.251185 50
