21672789 2770187499
21672789 21672793
21672789 298261500
21672789 21672798
2770187499 21672793
2770187499 21672798
2770187499 298261924
21672793 298261501
21672793 5256314765
298261501 298261500
298261501 5256314765
298261500 3455784953
3455784953 3455784957
3455784957 3455784950
3455784950 3455784944
3455784950 3455837390
3455784944 3455837377
3455784944 3455943205
3455837377 3455837390
3455837377 3455837896
3455837390 3455802577
3455802577 3455837363
3455802577 3455837896
3455837363 3455837345
3455837345 3455837341
3455837341 415264038
415264038 4942583321
3455943205 3455791932
3455791932 3455678313
3455791932 3455791930
3455678313 415504959
415504959 415504873
415504873 3455678320
415504873 3507507422
3455678320 415504868
3455678320 3455678329
3455678320 3155119197
415504868 3507507422
415504868 3507507475
415504868 3507608497
3507507422 417928540
417928540 3507507666
417928540 3507507643
3507507666 298279060
298279060 3507507684
3507507684 3507507623
3507507684 3507507672
3507507623 3507507012
3507507012 3507507482
3507507482 3507494181
3507507482 3507507473
3507494181 3507507039
3507507039 3507507409
3507507473 3507507442
3507507442 3507494129
3507494129 3507507474
3507507474 417928534
417928534 3507507232
3507507232 3507507687
3507507687 3507507692
3507507672 3507507439
3507507439 3507494119
3507494119 3507507234
3507494119 3507507092
3507494119 3507507264
3507507234 3507507449
3507507264 3507494144
3507494144 3507507646
3507507643 4154130218
3507507643 3507608497
4154130218 3507494154
3507494154 3507507912
3507507912 3507507247
3507507247 4948166995
3507507247 3507507261
4948166995 1943835367
3507507261 459159022
459159022 3507507675
459159022 3837365567
3507507675 3507494127
3507507675 3507507649
3507494127 3507507251
3507507251 3507507475
3507507475 3507507198
3507507198 3507494189
3507507198 3507526652
3507494189 3507494131
3507494189 3507507410
3507507410 415504965
3507507410 3507536167
415504965 3455678331
415504965 415504860
3455678331 415504875
3455678331 3455678348
415504875 2209901349
415504875 3455678353
2209901349 417923408
417923408 3837365539
417923408 3507536167
3837365539 298260908
3837365539 3837365528
298260908 298261164
298260908 1334013708
298260908 1334013707
298261164 3837365572
298261164 3837365614
3837365572 1334013708
3837365572 3837365541
3837365572 3837365566
1334013708 298260909
298260909 3837365528
298260909 3837386371
3837365528 3837365596
3837365596 3837365620
3837365620 4033335671
4033335671 3507507649
4033335671 5293795064
3507507649 417951902
417951902 4033335654
417951902 5293795064
4033335654 3837365615
4033335654 3837365609
3837365609 3837365587
3837365609 5293795064
3837365587 3837365573
3837386371 3837365515
3837365515 3837365541
3837365515 3837365629
3837365541 3837365585
3837365585 3837365566
3837365585 3837365612
3837365585 3837365629
3837365566 3837365535
3837365566 3837365614
3837365535 3837365516
3837365535 3837365558
3837365535 3837365612
3837365516 3837365513
3837365516 3837365614
3837365614 3837365526
3837365526 3837365562
3837365526 3837365548
3837365526 3837365595
3837365548 2497916974
2497916974 2552726368
2552726368 5262035683
5262035683 2552705836
5262035683 5622748795
2552705836 427512152
2552705836 1936597478
1936597478 5262035715
5262035715 3279047005
3279047005 5262035710
3279047005 3572177101
3572177101 3572177116
3572177101 5262035705
3572177116 3572177117
5262035705 3393943615
5622748795 5262035686
5262035686 21672810
3837365595 1334013707
1334013707 197648161
1334013707 3837365601
197648161 2497916910
2497916910 427510502
427510502 5259514085
5259514085 2215369444
2215369444 2186324551
2215369444 2552760531
2186324551 2552759442
2186324551 4295415172
2552759442 2215314972
2552759442 2552760531
2552760531 5261859919
5261859919 21672806
5261859919 2552840924
21672806 444805849
21672806 4948240473
444805849 2552840924
444805849 4948240473
444805849 5261860025
2552840924 2552759446
2552759446 1242073081
4948240473 3457855703
3457855703 2552944780
2552944780 21672801
21672801 21672798
5261860025 1242187724
1242187724 2552840928
2552840928 5261860032
5261860032 1242187561
3837365612 3837365517
3837365612 3837365611
3837365517 3837365542
3837365517 3837365608
3837365517 3837365629
3837365608 3837365518
3837365608 3837365553
3837365553 3837365629
3837365553 3837386370
3455678348 3455678329
3155119197 4258814386
3155119197 3455678316
4258814386 1943872575
1943872575 415504961
415504961 1734229659
1734229659 298261924
298261924 3455678311
298261924 5256314765
3455678311 3455678316
3455791930 3635261414
3635261414 3455791934
415263728 3468005782
3468005782 3636018629
3636018629 3468038888
3468038888 415263948
1242030761 3455594754
1242030761 3279035942
3455594754 3455594757
3455594757 1242030805
3455594757 3455594756
1242030805 3455612543
1289339010 1289339106
1289339010 1289339024
1289339024 1289339113
1289339113 1289339058
3468004148 3468004177
3468004148 3468005774
3468004177 3468005722
3468005722 3468004172
3468004172 3468005750
3837365556 3837365618
