21672789 792.5310060022805 354.0433990428901 40.8371322 14.2488745 50
2770187499 782.8556887844962 373.6876593082787 40.8373081 14.24876 50
21672793 768.5074891021294 357.2597418269481 40.837161 14.2485902 50
298261501 767.4427817051205 349.8107812826107 40.8370943 14.2485776 50
298261500 780.9544255755999 310.6004357519168 40.8367432 14.2487375 50
3455784953 693.4033673263691 254.8393263132194 40.8362439 14.2477014 50
3455784957 658.6313757527664 228.9075626211033 40.8360117 14.2472899 50
3455784950 599.8189671614271 204.8519988848151 40.8357963 14.2465939 50
3455784944 548.1468581763686 184.2249672145678 40.8356116 14.2459824 50
3455837377 573.7505360543801 102.1077155212091 40.8348763 14.2462854 50
3455837390 624.7719905191115 117.5193580248975 40.8350143 14.2468892 50
3455802577 643.1339680865378 53.21483806839927 40.8344385 14.2471065 50
3455837363 702.2843790259612 66.5380913349872 40.8345578 14.2478065 50
3455837345 747.694994510187 85.63512661257857 40.8347288 14.2483439 50
3455837341 862.8016941982762 166.8031104703104 40.8354556 14.2497061 50
415264038 964.9122035974095 20.61586381431033 40.8341466 14.2509145 50
4942583321 962.4363363967839 19.17521027625412 40.8341337 14.2508852 50
3455837896 592.5519166744634 41.82362404300733 40.8343365 14.2465079 50
3455943205 505.338860773451 165.1614355076289 40.8354409 14.2454758 50
3455791932 460.1563968744808 145.0481252538161 40.8352608 14.2449411 50
3455678313 443.2731795806106 195.5268383846497 40.8357128 14.2447413 50
415504959 397.6851128638859 285.539764896765 40.8365188 14.2442018 50
415504873 366.3184949483078 349.8889562812734 40.837095 14.2438306 50
3455678320 407.8674336039977 364.5746880879652 40.8372265 14.2443223 50
415504868 390.0293596764845 398.8153373047356 40.8375331 14.2441112 50
3507507422 355.9671730339523 370.5271558088784 40.8372798 14.2437081 50
417928540 318.1362602087988 445.2847898124994 40.8379492 14.2432604 50
3507507666 279.367390867319 425.1268081306763 40.8377687 14.2428016 50
298279060 224.5349599264055 437.1657578558229 40.8378765 14.2421527 50
3507507684 207.5587919867551 441.1415149068196 40.8379121 14.2419518 50
3507507623 182.0734149306335 405.7170728605653 40.8375949 14.2416502 50
3507507012 129.8182518949185 377.5852413620335 40.837343 14.2410318 50
3507507482 75.94067758778215 367.8133665846075 40.8372555 14.2403942 50
3507494181 62.95293735708162 436.7190435806934 40.8378725 14.2402405 50
3507507039 28.95835118421996 489.4089923753006 40.8383443 14.2398382 50
3507507409 9.354214987286014 489.4089923753006 40.8383443 14.2396062 50
3507507473 32.21162378598967 365.5239559235921 40.837235 14.2398767 50
3507507442 101.9415082248898 363.5249095403808 40.8372171 14.2407019 50
3507494129 150.3603446083129 336.5098637300279 40.8369752 14.2412749 50
3507507474 155.2698287161377 279.4309471785264 40.8364641 14.241333 50
417928534 91.69158701483866 319.2220212683803 40.8368204 14.2405806 50
3507507232 61.53332749453762 351.8656669497691 40.8371127 14.2402237 50
3507507687 15.87766030800799 347.1416634870604 40.8370704 14.2396834 50
3507507692 0 346.1923956521438 40.8370619 14.2394955 50
3507507672 184.5070318376982 487.1307495695117 40.8383239 14.241679 50
3507507439 164.0409896527671 528.7310164760199 40.8386964 14.2414368 50
3507494119 139.3161178800696 555.1429980146285 40.8389329 14.2411442 50
3507507234 215.0370939412544 590.7126222008503 40.8392514 14.2420403 50
3507507449 197.7651739469466 632.8489462363773 40.8396287 14.2418359 50
3507507092 9.430265515615019 537.9556662649383 40.838779 14.2396071 50
3507507264 106.8087420392881 589.0151079542217 40.8392362 14.2407595 50
3507494144 66.24001019375385 606.6826575496938 40.8393944 14.2402794 50
3507507646 27.82604331780942 603.7008397594927 40.8393677 14.2398248 50
3507507643 352.0716959706483 473.0480820352748 40.8381978 14.243662 50
4154130218 329.0452859978354 515.4636024940896 40.8385776 14.2433895 50
3507494154 301.2783930909039 571.1130333634719 40.8390759 14.2430609 50
3507507912 330.7437477975857 607.0176932562185 40.8393974 14.2434096 50
3507507247 332.8055621217983 628.1472784862528 40.8395866 14.243434 50
4948166995 268.1964132585274 633.7200390733415 40.8396365 14.2426694 50
1943835367 260.4561594840043 639.1811210918254 40.8396854 14.2425778 50
3507507261 376.9064185064429 637.2825854212819 40.8396684 14.2439559 50
459159022 399.7807274227322 644.9995745294182 40.8397375 14.2442266 50
3507507675 366.3100448896493 627.7899070664334 40.8395834 14.2438305 50
3507494127 381.2835489160992 518.1885595742975 40.838602 14.2440077 50
3507507251 439.7579551590858 458.6973859343973 40.8380693 14.2446997 50
3507507475 444.9716413803608 454.6211181707329 40.8380328 14.2447614 50
3507507198 512.9692637847427 533.2651663721716 40.838737 14.2455661 50
3507494189 521.1827208466908 558.9735729263679 40.8389672 14.2456633 50
3507494131 445.9433981314551 587.7531401246544 40.8392249 14.2447729 50
3507507410 572.5421776595061 539.3293126609792 40.8387913 14.2462711 50
415504965 578.8459214538996 452.3540432223018 40.8380125 14.2463457 50
3455678331 581.4062892417815 416.0585083390833 40.8376875 14.246376 50
415504875 659.3411806839713 436.8530578633033 40.8378737 14.2472983 50
2209901349 665.7294250654865 492.8151887252052 40.8383748 14.2473739 50
417923408 666.9208833429092 503.2347992023859 40.8384681 14.247388 50
3837365539 674.0189326556292 561.4305014413559 40.8389892 14.247472 50
298260908 678.2101617735907 598.1950863158402 40.8393184 14.2475216 50
298261164 684.1083027500953 656.1339278462378 40.8398372 14.2475914 50
3837365572 659.3158305078616 659.9086634747405 40.839871 14.247298 50
1334013708 651.8121783772526 604.2257290347056 40.8393724 14.2472092 50
298260909 600.1316193334014 619.0566429806547 40.8395052 14.2465976 50
3837365528 588.8423409027198 587.6749651267021 40.8392242 14.246464 50
3837365596 534.5253635427922 605.0968218716699 40.8393802 14.2458212 50
3837365620 454.6469585984139 630.7047177146192 40.8396095 14.2448759 50
4033335671 455.3060631775338 633.9657319252665 40.8396387 14.2448837 50
3507507649 418.7933595104856 631.5088034102785 40.8396167 14.2444516 50
417951902 421.1593759480141 640.565935345224 40.8396978 14.2444796 50
4033335654 422.2409834623398 646.1945352169703 40.8397482 14.2444924 50
3837365615 439.1411008736612 731.2824368424619 40.8405101 14.2446924 50
3837365609 457.0721254469546 642.7213317250503 40.8397171 14.2449046 50
3837365587 473.9130924473982 726.6701119462267 40.8404688 14.2451039 50
3837365573 478.4254237961269 749.139840004491 40.84067 14.2451573 50
5293795064 456.0834685784092 637.8074746936533 40.8396731 14.2448929 50
3837386371 608.4971774520075 663.5382169632753 40.8399035 14.2466966 50
3837365515 609.2407826182491 667.6256525835872 40.8399401 14.2467054 50
3837365541 630.4335298519707 664.3087990882822 40.8399104 14.2469562 50
3837365585 636.3908212392186 703.8765160402163 40.8402647 14.2470267 50
3837365566 663.5831101540177 700.0682768410611 40.8402306 14.2473485 50
3837365535 667.0983345758112 728.1777726262983 40.8404823 14.2473901 50
3837365516 691.1979020040226 725.754347682673 40.8404606 14.2476753 50
3837365513 693.8005200854652 751.2729006696018 40.8406891 14.2477061 50
3837365614 688.2319313985206 696.5727376358465 40.8401993 14.2476402 50
3837365526 715.7030722505259 692.6304841547919 40.840164 14.2479653 50
3837365562 720.9167584720697 747.6545150384245 40.8406567 14.248027 50
3837365548 763.3107029980368 685.8962664515141 40.8401037 14.2485287 50
2497916974 805.4004454109568 677.45336664425 40.8400281 14.2490268 50
2552726368 897.2272333651365 663.5605526765701 40.8399037 14.2501135 50
5262035683 936.3932554658467 666.0509847622106 40.839926 14.250577 50
2552705836 951.7216619579661 734.7668081903188 40.8405413 14.2507584 50
427512152 893.2388056560523 762.7646254076616 40.840792 14.2500663 50
1936597478 1005.328834386286 716.8759014576372 40.8403811 14.2513928 50
5262035715 1049.911344117283 700.8835303940782 40.8402379 14.2519204 50
3279047005 1063.389187752859 695.9361697927391 40.8401936 14.2520799 50
5262035710 1071.746295812807 742.6959865797278 40.8406123 14.2521788 50
3572177101 1071.323792877467 692.6528198673761 40.8401642 14.2521738 50
3572177116 1079.275298119391 737.971983117019 40.84057 14.2522679 50
3572177117 1080.55125698407 747.7438578937347 40.8406575 14.252283 50
5262035705 1139.253814812178 669.8033846759977 40.8399596 14.2529777 50
3393943615 1176.273522001688 643.7041031306193 40.8397259 14.2534158 50
5622748795 987.7696123961133 652.9064172062428 40.8398083 14.251185 50
5262035686 1031.845118604783 641.034985335069 40.839702 14.2517066 50
21672810 1045.382112651103 637.2267461359139 40.8396679 14.2518668 50
3837365595 709.0275258730117 619.8830643903191 40.8395126 14.2478863 50
1334013707 706.4418079091546 594.8558971058197 40.8392885 14.2478557 50
197648161 751.7087723951122 590.5897757755981 40.8392503 14.2483914 50
2497916910 796.8151857660222 581.3651259852591 40.8391677 14.2489252 50
427510502 849.8477542026126 575.5355046903084 40.8391155 14.2495528 50
5259514085 911.5669829885761 568.745447702373 40.8390547 14.2502832 50
2215369444 965.030504419165 562.9269942647802 40.8390026 14.2509159 50
2186324551 976.176131851847 605.7557254273615 40.8393861 14.2510478 50
2552759442 1025.423073988499 591.8740793170394 40.8392618 14.2516306 50
2215314972 1038.427714336382 626.8183035175117 40.8395747 14.2517845 50
2552760531 1013.854943620343 558.3593407972655 40.8389617 14.2514937 50
5261859919 1006.368191607185 535.5657448905447 40.8387576 14.2514051 50
21672806 1002.836067068209 526.3745986722788 40.8386753 14.2513633 50
444805849 1007.990602878741 502.9667706364557 40.8384657 14.2514243 50
2552840924 1029.910055161118 516.0554989077659 40.8385829 14.2516837 50
2552759446 1051.685856445631 572.7882118960954 40.8390909 14.2519414 50
1242073081 1055.944686033263 627.6558927845339 40.8395822 14.2519918 50
4948240473 984.1276370940402 493.485260138965 40.8383808 14.2511419 50
3457855703 925.9827831406135 467.7545178707637 40.8381504 14.2504538 50
2552944780 886.6393098071358 448.8250004464347 40.8379809 14.2499882 50
21672801 844.4481666896427 429.6051187428808 40.8378088 14.2494889 50
21672798 807.3355088546211 386.0058054552925 40.8374184 14.2490497 50
5261860025 1032.478873007658 463.9909500989085 40.8381167 14.2517141 50
1242187724 1053.223767130065 414.8747155088891 40.8376769 14.2519596 50
2552840928 1078.286641250846 357.2150703996482 40.8371606 14.2522562 50
5261860032 1102.64816049935 311.3040107356187 40.8367495 14.2525445 50
1242187561 1107.971697483856 301.286443106978 40.8366598 14.2526075 50
4295415172 987.7696123961133 652.9064172062428 40.8398083 14.251185 50
3837365601 704.5996951112704 575.4126582650563 40.8391144 14.2478339 50
3837365558 670.3178069425441 754.3887327417024 40.840717 14.2474282 50
3837365612 640.1679974807671 730.7352118546646 40.8405052 14.2470714 50
3837365517 619.2034018320325 732.7789296651756 40.8405235 14.2468233 50
3837365542 622.2116227312297 760.5645575998251 40.8407723 14.2468589 50
3837365608 572.1534749592029 737.3800867026323 40.8405647 14.2462665 50
3837365518 578.6938203972417 761.7036790034299 40.8407825 14.2463439 50
3837365553 565.5539791098831 713.8717479541414 40.8403542 14.2461884 50
3837365629 615.8064782323976 706.7578231170392 40.8402905 14.2467831 50
3837386370 560.6444950021928 696.7179197758142 40.8402006 14.2461303 50
3837365611 643.2691690257445 757.9959505155218 40.8407493 14.2471081 50
3507536167 605.9959600751379 526.5421165255412 40.8386768 14.246667 50
3455678353 703.4758373036526 449.1265325830173 40.8379836 14.2478206 50
3455678348 522.2558783020893 398.4803015989213 40.8375301 14.245676 50
3455678329 477.6649185127027 384.6209912018938 40.837406 14.2451483 50
415504860 456.3707705744082 444.4472005461876 40.8379417 14.2448963 50
3507526652 531.365041586937 525.3359879820523 40.838666 14.2457838 50
3837365567 419.2496626804594 733.9403867806544 40.8405339 14.244457 50
3507608497 376.16281334047 425.919725971109 40.8377758 14.2439471 50
3155119197 420.2467696076633 340.8094886323227 40.8370137 14.2444688 50
4258814386 480.1745859479621 318.518446283968 40.8368141 14.245178 50
1943872575 548.1130579414661 335.7951208896786 40.8369688 14.245982 50
415504961 607.3817697029137 350.2909991283926 40.8370986 14.2466834 50
1734229659 743.8502177989681 382.0188805462277 40.8373827 14.2482984 50
298261924 752.2918264459031 384.2077804959961 40.8374023 14.2483983 50
3455678311 595.2812856364544 386.4748554437167 40.8374226 14.2465402 50
3455678316 533.6212072612341 370.8956950860555 40.8372831 14.2458105 50
5256314765 762.8712999453799 360.6100988929055 40.837191 14.2485235 50
3455791930 474.7411982002242 101.672169102727 40.8348724 14.2451137 50
3635261414 500.8518796009664 21.68797807518939 40.8341562 14.2454227 50
3455791934 503.1756457449341 14.56288538143974 40.8340924 14.2454502 50
415263728 57.65475054868489 290.8556647745708 40.8365664 14.2401778 50
3468005782 198.5510294064803 173.6601745988403 40.835517 14.2418452 50
3636018629 240.33656970595 153.0331429278826 40.8353323 14.2423397 50
3468038888 222.2618941346572 78.26434106690385 40.8346628 14.2421258 50
415263948 229.8500468522535 5.706774868988134 40.8340131 14.2422156 50
1242030761 935.8102014150558 198.0507740402324 40.8357354 14.2505701 50
3455594754 895.9597245592504 177.2785602293071 40.8355494 14.2500985 50
3455594757 913.4175458451188 141.8764538970579 40.8352324 14.2503051 50
1242030805 980.0040084456149 45.46434538961046 40.8343691 14.2510931 50
3455612543 1000.926353800654 19.73360311927792 40.8341387 14.2513407 50
3455594756 915.2934588777709 164.3461819546119 40.8354336 14.2503273 50
3279035942 944.8602142888914 200.9320811177656 40.8357612 14.2506772 50
1289339010 198.9566322243692 663.9849312391152 40.8399075 14.24185 50
1289339106 196.717366667389 687.3815914175806 40.840117 14.2418235 50
1289339024 255.1326224996322 651.9683172279738 40.8397999 14.2425148 50
1289339113 321.6345845127379 702.0561553669147 40.8402484 14.2433018 50
1289339058 328.5974328862512 695.0985805257169 40.8401861 14.2433842 50
1333984305 3.160321955855238 710.4320480328738 40.8403234 14.2395329 50
3420012499 866.9844732575793 0 40.833962 14.2497556 50
3420030146 930.2247126106599 7.024581982502639 40.8340249 14.250504 50
3468004148 154.9994268375898 4.522982038793941 40.8340025 14.2413298 50
3468004177 203.959066978243 69.43056626987823 40.8345837 14.2419092 50
3468005722 139.3668182322889 91.9561336113793 40.8347854 14.2411448 50
3468004172 84.7456387589109 109.277479642969 40.8349405 14.2404984 50
3468005750 30.88496456922587 120.3559936758413 40.8350397 14.239861 50
3468005774 148.9153845695248 0.9492678363373557 40.8339705 14.2412578 50
3837365556 553.3351942216683 740.1162116394876 40.8405892 14.2460438 50
3837365618 558.8953328499545 765.3108967765389 40.8408148 14.2461096 50
