265597521 3456.757230804169 491.1311883066792 31.3118336 120.5487922 50
265607030 1550.754972546882 1285.493974702599 31.3189981 120.5287695 50
265607071 2793.868213548607 920.0061543275986 31.3157017 120.5418285 50
266325460 927.9132591031612 709.9981211484837 31.3138076 120.5222265 50
267370810 1710.525342690782 0 31.307404 120.5304479 50
267370812 1620.540279002489 781.5789174212898 31.3144532 120.5295026 50
1619078379 0 234.6555099633569 31.3095204 120.5124787 50
1619078402 953.7769444999331 368.6921032319583 31.3107293 120.5224982 50
1619078422 1657.589032613518 460.5297326512991 31.3115576 120.5298918 50
1619078453 234.7912404412318 628.1170523016121 31.3130691 120.5149452 50
1678203774 1682.900604002124 243.2815724635158 31.3095982 120.5301577 50
1678203779 1679.359458999933 273.705628375545 31.3098726 120.5301205 50
1678203781 1676.018217347532 302.3556868597078 31.310131 120.5300854 50
1678203813 4441.090829746063 633.9379813662949 31.3131216 120.5591327 50
2505962189 1115.698655421243 4406.432214677221 31.3471464 120.5241992 50
2505962191 1245.807176578093 3798.305895907823 31.3416616 120.525566 50
2505962196 1368.871484564977 2724.871138913042 31.3319801 120.5268588 50
2505962200 1227.225684533069 4145.831992310514 31.344796 120.5253708 50
2507120488 1252.40398702666 3714.417992469144 31.340905 120.5256353 50
2507120527 1326.758512834384 3072.197660604991 31.3351127 120.5264164 50
3353766844 2751.345915918917 1204.17836753616 31.3182647 120.5413818 50
3353766855 1418.038188674745 2314.246171446144 31.3282766 120.5273753 50
4207562997 901.9924584656678 706.705138420556 31.3137779 120.5219542 50
4464363445 3367.57178050292 1293.044551261074 31.3190662 120.5478553 50
4464363446 2223.648676350919 1136.278615928363 31.3176523 120.5358383 50
4464363447 2534.089054756787 1176.226820540295 31.3180126 120.5390995 50
4464363448 2568.786564238195 893.4516303076243 31.3154622 120.539464 50
4464363449 2612.936646264757 550.1720402510811 31.3123661 120.5399278 50
4464363450 2626.653823540007 526.4669996020681 31.3121523 120.5400719 50
4464363451 2646.425216460022 432.1014238459722 31.3113012 120.5402796 50
4464363452 2506.949795623943 1398.497610949093 31.3200173 120.5388144 50
4464363453 2505.893163646389 1406.924098738511 31.3200933 120.5388033 50
4464363454 1933.979207606745 1339.844820942477 31.3194883 120.5327953 50
4464363455 1935.349973413107 1331.462683089249 31.3194127 120.5328097 50
4464363456 1967.543931456305 1099.213157140593 31.317318 120.5331479 50
4464363457 1999.042987389535 826.2393027044304 31.314856 120.5334788 50
4464363458 2062.907347095391 325.0074165351317 31.3103353 120.5341497 50
4464363459 2072.455111708413 234.9437845450678 31.309523 120.53425 50
4464363460 2104.68714658118 163.6623503390781 31.3088801 120.5345886 50
4464363461 2114.653756300086 25.5012130470904 31.307634 120.5346933 50
4464363462 2325.780248163157 864.7793968560717 31.3152036 120.5369112 50
4464363463 2388.921148136263 463.7561904749414 31.3115867 120.5375745 50
4464363465 2382.905009318645 501.9193101739016 31.3119309 120.5375113 50
4464363466 2045.668063233946 460.2968954880629 31.3115555 120.5339686 50
4464363467 1702.605362474632 293.2196000982967 31.3100486 120.5303647 50
4464363468 2062.041099260839 331.8373066379185 31.3103969 120.5341406 50
4464363469 2532.718288948003 384.1702308022939 31.3108689 120.5390851 50
4464363470 2590.157183932299 418.9627553853458 31.3111827 120.5396885 50
4464363471 2856.076231237232 480.0104419215555 31.3117333 120.542482 50
4464363472 2869.346005783815 483.5806117482045 31.3117655 120.5426214 50
4464363473 2932.182291132478 493.0271480594217 31.3118507 120.5432815 50
4464363474 3068.830507494752 519.4375347878353 31.3120889 120.544717 50
4464363475 3088.164016892887 493.6702221278343 31.3118565 120.5449201 50
4464363476 3106.840701010623 461.3945563978424 31.3115654 120.5451163 50
4464363477 3121.262299602628 452.912631188539 31.3114889 120.5452678 50
4464363478 3139.282158435121 451.6043080850291 31.3114771 120.5454571 50
4464363479 3261.841948450194 467.2598353980102 31.3116183 120.5467446 50
4464363480 3558.079670020153 500.522287198011 31.3119183 120.5498566 50
4464363481 3791.071780339928 520.0916963399428 31.3120948 120.5523042 50
4464363482 3879.552809326845 525.9569753408159 31.3121477 120.5532337 50
4464363483 3922.151260613252 527.5868354792374 31.3121624 120.5536812 50
4464363484 4001.455774056675 538.674319412571 31.3122624 120.5545143 50
4464363485 4245.918528804001 575.5180285222106 31.3125947 120.5570824 50
4464363486 4342.072038623344 590.8520188016906 31.312733 120.5580925 50
4695498039 934.4148774790151 710.5746703126109 31.3138128 120.5222948 50
4695498048 896.6141065148749 706.0731518358383 31.3137722 120.5218977 50
4695498519 2744.977566440499 1203.357893725101 31.3182573 120.5413149 50
4695498522 2786.547943372135 919.1413305803501 31.3156939 120.5417516 50
4714081403 3184.298488298657 457.3587122461316 31.311529 120.54593 50
4714081484 3968.519317867153 534.0730135797227 31.3122209 120.5541683 50
4714081636 1908.867539563084 167.8755942334345 31.3089181 120.5325315 50
4714081637 1924.383846959789 13.37150562456799 31.3075246 120.5326945 50
4714081638 2289.483511905238 292.5765260305894 31.3100428 120.5365299 50
4714081639 2335.442243260042 119.8002638989007 31.3084845 120.5370127 50
4714081640 2276.204218151868 109.1341043551438 31.3083883 120.5363904 50
4714081641 2198.299028135167 100.2530297243588 31.3083082 120.535572 50
4714081642 2184.800792620857 290.0374922101395 31.3100199 120.5354302 50
4714081643 2203.306131014009 31.14474236912758 31.3076849 120.5356246 50
4714081644 2449.520419844012 192.7337332121123 31.3091423 120.5382111 50
4714081645 2483.399277524802 258.615562742996 31.3097365 120.538567 50
4714081646 2467.625951542431 249.5681758532603 31.3096549 120.5384013 50
4714081647 2455.593673904772 235.974920551267 31.3095323 120.5382749 50
4714081648 2448.568499143534 219.2660822632861 31.3093816 120.5382011 50
4714081649 2447.292925407462 201.2045709363103 31.3092187 120.5381877 50
4714081650 2461.904908140047 168.5408432692371 31.3089241 120.5383412 50
4714081651 2476.259872282122 157.3979219167234 31.3088236 120.538492 50
4714081652 2493.442040902846 151.421768076785 31.3087697 120.5386725 50
4714081653 2501.247790632711 262.1413826341599 31.3097683 120.5387545 50
4714081654 2451.900221591571 183.6752588379765 31.3090606 120.5382361 50
4714081655 2528.387049765555 155.9343740372526 31.3088104 120.5390396 50
4714081656 2542.875282807489 165.5139601556303 31.3088968 120.5391918 50
4714081657 2559.857548080847 195.2616795488672 31.3091651 120.5393702 50
4714081658 2560.714276708612 212.5581544839649 31.3093211 120.5393792 50
4714081659 2556.202172597215 229.2780802556407 31.3094719 120.5393318 50
4714081660 2511.642764669133 151.2332808497392 31.308768 120.5388637 50
4714081661 2553.717659570156 179.0628655221385 31.309019 120.5393057 50
4714081662 2546.749600052061 243.8137716914525 31.309603 120.5392325 50
4714081663 2496.269245379073 207.8016238772714 31.3092782 120.5387022 50
4714081664 2497.164050836408 210.9061193781535 31.3093062 120.5387116 50
4714081665 2499.172603509594 213.4340657149084 31.309329 120.5387327 50
4714081666 2502.00932719503 215.0084884341499 31.3093432 120.5387625 50
4714081667 2505.236338363568 215.3743754038413 31.3093465 120.5387964 50
4714081668 2508.358638257452 214.4984641728978 31.3093386 120.5388292 50
4714081669 2510.900266525231 212.4916295803846 31.3093205 120.5388559 50
4714081670 2512.851703957698 206.4600383205609 31.3092661 120.5388764 50
4714081671 2511.96641770715 203.3555428196788 31.3092381 120.5388671 50
4714081672 2509.948345824754 200.8275964836292 31.3092153 120.5388459 50
4714081673 2507.121141348527 199.2531737643877 31.3092011 120.5388162 50
4714081674 2503.894130177567 198.8761993102961 31.3091977 120.5387823 50
4714081675 2500.771830283683 199.7631980256399 31.3092057 120.5387495 50
4714081676 2498.230202018326 201.7700326174477 31.3092238 120.5387228 50
4714081677 2512.480454883324 209.6754086612135 31.3092951 120.5388725 50
4714081678 2496.650013657811 204.5862535366188 31.3092492 120.5387062 50
4714081679 2407.816774014939 182.256060894696 31.3090478 120.537773 50
4714081680 2462.942501701605 296.8341198604309 31.3100812 120.5383521 50
4714081681 2436.536221505876 279.271545310307 31.3099228 120.5380747 50
4714081682 2416.879059069724 254.4355813004296 31.3096988 120.5378682 50
4714081683 2405.912932616407 224.7654742944678 31.3094312 120.537753 50
4714081684 2413.375990897103 162.7531766563444 31.3088719 120.5378314 50
4714081685 2431.081715903211 136.5091021861762 31.3086352 120.5380174 50
4714081686 2456.079153460587 116.9951304641298 31.3084592 120.53828 50
4714081687 2485.912348169798 106.1293962096322 31.3083612 120.5385934 50
4714081688 2493.518194557141 305.4158324251047 31.3101586 120.5386733 50
4714081689 2404.703993327843 193.166145085384 31.3091462 120.5377403 50
4714081690 2517.658903489173 104.9873853643676 31.3083509 120.5389269 50
4714081691 2505.445760917722 198.7985869230209 31.309197 120.5387986 50
4714081861 2192.073466763395 849.0129947033198 31.3150614 120.5355066 50
4714081862 2175.995526154159 963.6354036045398 31.3160952 120.5353377 50
4714081863 2184.515216409987 990.134490205334 31.3163342 120.5354272 50
4714081864 2177.708983412111 949.6873488165501 31.3159694 120.5353557 50
4714081865 2178.327731867785 977.4947585208542 31.3162202 120.5353622 50
4714081866 2204.819684922173 1005.989592229761 31.3164772 120.5356405 50
4714081867 2219.479263688691 1024.82722743231 31.3166471 120.5357945 50
4714081868 2194.043942609435 1000.501287682275 31.3164277 120.5355273 50
4714081869 2213.539278527789 1014.338467631904 31.3165525 120.5357321 50
4714081870 2222.135122440334 1036.579960401446 31.3167531 120.5358224 50
4714081871 2209.208039347763 1134.19416894928 31.3176335 120.5356866 50
4714081872 2395.813053997642 1158.43140882764 31.3178521 120.5376469 50
4714081873 2409.025713303504 1054.874308890953 31.3169181 120.5377857 50
4714081874 2418.735304431901 1032.510853797945 31.3167164 120.5378877 50
4714081875 2453.965889507901 1012.18749574783 31.3165331 120.5382578 50
4714081876 2464.17999861053 999.9912634217277 31.3164231 120.5383651 50
4714081877 2482.989951625704 883.3287574762045 31.3153709 120.5385627 50
4714082507 1157.725954288332 4308.230369480156 31.3462607 120.5246407 50
5015949173 1403.873608670828 2361.002091192768 31.3286983 120.5272265 50
5057627877 1078.60230577628 4496.983695959738 31.3479631 120.5238095 50
5063503960 1217.420901329538 4168.738734116563 31.3450026 120.5252678 50
5063526613 1445.881869124343 2098.439384169737 31.3263302 120.5276678 50
5097078070 4263.32915839003 578.2898995051912 31.3126197 120.5572653 50
5097078079 4069.641853738193 548.9524170185413 31.3123551 120.5552306 50
5112760325 3010.601518327775 1241.565363358842 31.3186019 120.5441053 50
5112760332 2405.446491474166 370.0226013035633 31.3107413 120.5377481 50
5112760341 1301.389826200214 3279.322947961354 31.3369808 120.5261499 50
5112760344 1354.288059452752 2844.471828101202 31.3330588 120.5267056 50
5112760384 1374.925700209742 423.6416736047639 31.3112249 120.5269224 50
5112760468 641.413686284382 324.796754340696 31.3103334 120.5192168 50
5112760469 608.8484791668111 672.178713451825 31.3134665 120.5188747 50
5112760470 377.550787688991 287.7091205834201 31.3099989 120.5164449 50
5112760471 339.4929981391861 640.4463344348753 31.3131803 120.5160451 50
5112760472 134.354087475796 253.5374951013909 31.3096907 120.5138901 50
5112760476 1503.092303140912 1654.951114325025 31.3223303 120.5282688 50
5112760480 1441.845725359552 2128.808002663292 31.3266041 120.5276254 50
5112760491 1584.39585005558 1047.65635685038 31.316853 120.5291229 50
7082481618 203.8538177181099 624.5357949912682 31.3130368 120.5146202 50
7082481676 1669.878328836841 787.3998464866779 31.3145057 120.5300209 50
7082481677 1662.301040072281 786.5017602876393 31.3144976 120.5299413 50
7381035589 3358.109688753402 1291.348166219072 31.3190509 120.5477559 50
7381035593 3447.304658263859 490.1222272685752 31.3118245 120.5486929 50
8082885993 1405.539469894846 2355.513786645281 31.3286488 120.527244 50
8082885994 1412.907336107675 2331.187846895951 31.3284294 120.5273214 50
8082886001 928.722391696992 365.1662833414995 31.3106975 120.522235 50
