1619078379 5112760472
5112760472 5112760470
5112760470 5112760468
5112760468 8082886001
8082886001 1619078402
1619078402 5112760384
5112760384 1619078422
1678203774 1678203779
1678203779 1678203781
1678203781 1619078422
1619078422 267370812
267370812 5112760491
5112760491 265607030
265607030 5112760476
5112760476 5063526613
5063526613 5112760480
5112760480 3353766855
3353766855 8082885994
8082885994 8082885993
8082885993 5015949173
5015949173 2505962196
2505962196 5112760344
5112760344 2507120527
2507120527 5112760341
5112760341 2507120488
2507120488 2505962191
2505962191 2505962200
2505962200 5063503960
5063503960 4714082507
4714082507 2505962189
2505962189 5057627877
4464363445 7381035589
7381035589 5112760325
5112760325 3353766844
3353766844 4695498519
4695498519 4464363447
4464363447 4714081872
4714081872 4464363446
4464363446 4714081871
4714081871 4464363456
4464363456 5112760491
4464363453 4464363452
4464363452 4464363447
4464363447 4464363448
4464363448 4464363449
4464363449 4464363450
4464363450 4464363451
4464363454 4464363455
4464363455 4464363456
4464363456 4464363457
4464363457 4464363466
4464363466 4464363468
4464363462 4464363465
4464363465 4464363463
4464363463 5112760332
4464363465 4464363466
4464363467 4464363468
4464363468 5112760332
5112760332 4464363469
4464363469 4464363470
4464363470 4464363451
4464363451 4464363471
4464363471 4464363472
4464363472 4464363473
4464363473 4464363474
4464363474 4464363475
4464363475 4464363476
4464363476 4464363477
4464363477 4464363478
4464363478 4714081403
4714081403 4464363479
4464363479 7381035593
7381035593 265597521
265597521 4464363480
4464363480 4464363481
4464363481 4464363482
4464363482 4464363483
4464363483 4714081484
4714081484 4464363484
4464363484 5097078079
5097078079 4464363485
4464363485 5097078070
5097078070 4464363486
4464363486 1678203813
4714081637 4714081636
4714081641 4714081640
4714081640 4714081639
4714081639 4714081638
4714081643 4714081641
4714081641 4714081642
4714081653 4714081688
4714081660 4714081652
4714081652 4714081651
4714081651 4714081650
4714081650 4714081654
4714081654 4714081644
4714081644 4714081649
4714081649 4714081648
4714081648 4714081647
4714081647 4714081646
4714081646 4714081645
4714081645 4714081653
4714081662 4714081659
4714081659 4714081658
4714081658 4714081657
4714081657 4714081661
4714081661 4714081656
4714081656 4714081655
4714081655 4714081660
4714081669 4714081662
4714081678 4714081676
4714081676 4714081675
4714081675 4714081674
4714081674 4714081691
4714081691 4714081673
4714081673 4714081672
4714081672 4714081671
4714081671 4714081670
4714081670 4714081677
4714081677 4714081669
4714081669 4714081668
4714081668 4714081667
4714081667 4714081666
4714081666 4714081665
4714081665 4714081664
4714081664 4714081663
4714081663 4714081678
4714081690 4714081687
4714081687 4714081686
4714081686 4714081685
4714081685 4714081684
4714081684 4714081679
4714081679 4714081689
4714081689 4714081683
4714081683 4714081682
4714081682 4714081681
4714081681 4714081680
4714081680 4714081688
4714081871 4714081870
4714081870 4714081867
4714081867 4714081869
4714081869 4714081866
4714081866 4714081868
4714081868 4714081863
4714081863 4714081865
4714081865 4714081862
4714081862 4714081864
4714081864 4714081861
4714081877 4714081876
4714081876 4714081875
4714081875 4714081874
4714081874 4714081873
4714081873 4714081872
4464363468 4464363458
4464363458 4464363459
4464363459 4464363460
4464363460 4464363461
267370810 1678203774
7082481618 1619078453
1619078453 5112760471
5112760471 5112760469
5112760469 4695498048
4695498048 4207562997
4207562997 266325460
266325460 4695498039
4695498039 267370812
267370812 7082481677
7082481676 4464363457
4464363457 4714081861
4714081861 4464363462
4464363462 4714081877
4714081877 4464363448
4464363448 4695498522
4695498522 265607071
7082481677 7082481676
