470170 512.3775112091794 477.7778770863316 48.8496383 2.3079111 50
470171 381.6667157435502 632.3998448947817 48.8510287 2.3061301 50
470172 208.4914249066146 454.0129788391589 48.8494246 2.3037705 50
470173 0 648.4692309328263 48.8511732 2.3009297 50
4616567 997.3064892885916 719.8862531771864 48.8518154 2.3145185 50
4616570 1090.580127669973 327.1259928863487 48.8482836 2.3157894 50
25255912 1043.249755971081 455.8034087027442 48.8494407 2.3151445 50
25256059 949.4256790910606 713.4362573961305 48.8517574 2.3138661 50
25256231 911.6142238278196 261.9810355038391 48.8476978 2.3133509 50
25256232 994.135963536678 292.0179986121547 48.8479679 2.3144753 50
25256233 947.9358255549104 421.418258783976 48.8491315 2.3138458 50
25256234 864.254495408991 392.7046568801334 48.8488733 2.3127056 50
25256235 961.9609984990059 427.2121343045732 48.8491836 2.3140369 50
25287818 488.3050008707606 289.0154143690419 48.8479409 2.3075831 50
25287819 534.1748757534097 232.8670890337292 48.847436 2.3082081 50
25287820 579.0172654386804 248.6695786961489 48.8475781 2.3088191 50
29400085 826.4723968656567 383.4077664101814 48.8487897 2.3121908 50
29400086 769.8873192103899 388.1562977861936 48.8488324 2.3114198 50
49803905 560.5959236857984 818.8047229451543 48.8527049 2.3085681 50
49809150 687.6664858807435 953.1536867764753 48.853913 2.3102995 50
49809410 632.2850337424414 893.580191267501 48.8533773 2.3095449 50
49809411 648.2404110216096 909.2825947885308 48.8535185 2.3097623 50
65306437 885.5234389945788 500.4863105053637 48.8498425 2.3129954 50
65306439 786.3050648283886 598.0591777059917 48.8507199 2.3116435 50
65306441 702.7264832022158 680.1854170811964 48.8514584 2.3105047 50
65307296 793.4681044900424 692.4181676985863 48.8515684 2.3117411 50
65307297 851.388912901898 700.2248867298304 48.8516386 2.3125303 50
65308763 998.8110211847099 577.964104645946 48.8505392 2.314539 50
65309265 959.0620224064268 687.5250674519133 48.8515244 2.3139974 50
65310517 701.5301968652789 759.8206236023789 48.8521745 2.3104884 50
65311768 637.7894187283277 665.4282715626542 48.8513257 2.3096199 50
65311769 447.1762362559847 639.6171677591196 48.8510936 2.3070227 50
94260214 383.4061013991269 284.7895550663832 48.8479029 2.3061538 50
94260215 789.0499181413478 892.0900198287929 48.8533639 2.3116809 50
94260216 827.2136540437325 942.7224867041041 48.8538192 2.3122009 50
94260585 470.3900625365839 199.872024413694 48.8471393 2.307339 50
94260586 632.138250142791 268.1085314957359 48.8477529 2.3095429 50
94260587 689.4645849761336 289.1266211939875 48.8479419 2.310324 50
94260793 587.6628194565735 387.8449186798829 48.8488296 2.3089369 50
94261155 701.9411909442069 75.8096917840835 48.8460237 2.310494 50
94261348 551.2384692097362 185.4484993664516 48.8470096 2.3084406 50
94261410 648.8422237800628 221.4127861831769 48.847333 2.3097705 50
94261495 553.4402232041432 121.6491445526965 48.8464359 2.3084706 50
94261711 590.0553921304474 88.49839037915234 48.8461378 2.3089695 50
94261982 684.6794396283857 123.0614712150038 48.8464486 2.3102588 50
94261984 750.5192232399681 147.115507203498 48.8466649 2.3111559 50
94262176 746.3138731106778 91.80123304572743 48.8461675 2.3110986 50
94262351 797.5853844595249 0 48.845342 2.3117972 50
94262684 976.7054110812984 82.99365260058403 48.8460883 2.3142378 50
94262804 1059.572092249302 121.838196154043 48.8464376 2.3153669 50
94262979 844.3359609399602 609.6914114757495 48.8508245 2.3124342 50
94264649 808.7482772109759 876.9992538389513 48.8532282 2.3119493 50
94264935 778.1805925891686 908.0148369975918 48.8535071 2.3115328 50
94264936 835.3528046428914 869.4927932325843 48.8531607 2.3123118 50
94264937 863.5939692106951 873.1848597825782 48.8531939 2.3126966 50
94264938 885.3986729348655 885.5399379070548 48.853305 2.3129937 50
94264939 894.5359520114959 894.7701042827468 48.853388 2.3131182 50
94264940 910.2344579913268 936.4726632072428 48.853763 2.3133321 50
94266791 82.38963446923435 577.1522948319783 48.8505319 2.3020523 50
94270578 323.276199812924 195.3236653197542 48.8470984 2.3053345 50
94270668 235.0445780786859 367.54967333635 48.8486471 2.3041323 50
94270669 264.4600114434018 399.8663763323522 48.8489377 2.3045331 50
116147902 361.4839707952127 537.4959414645517 48.8501753 2.3058551 50
116147905 317.2213763284286 565.1864405909207 48.8504243 2.305252 50
116147961 420.5350129241347 673.0125769454219 48.8513939 2.3066597 50
116147962 433.2905077315119 661.7584463776495 48.8512927 2.3068335 50
116147963 450.2880485680263 630.2535531956149 48.8510094 2.3070651 50
116147964 452.4898025624042 617.0977859400191 48.8508911 2.3070951 50
116147965 439.8517346347124 569.2121276129218 48.8504605 2.3069229 50
116147966 432.0868822145763 559.5260132595508 48.8503734 2.3068171 50
116147967 422.1863284199036 550.7517948615375 48.8502945 2.3066822 50
116147968 410.4509796299354 543.6123167743078 48.8502303 2.3065223 50
116147982 356.8162523271502 607.4561543173337 48.8508044 2.3057915 50
116147990 351.2164580014575 540.4206809305562 48.8502016 2.3057152 50
130095450 388.0738198671893 148.5723165943687 48.846678 2.3062174 50
130095452 391.3324157788522 156.1121392485729 48.8467458 2.3062618 50
130095671 556.5740530561222 75.26477834715564 48.8460188 2.3085133 50
130096198 815.1700596945539 204.487107600479 48.8471808 2.3120368 50
130096200 951.5760588255654 71.2168499601654 48.8459824 2.3138954 50
130096201 923.7018532569023 62.58720043422773 48.8459048 2.3135156 50
130096204 808.6088327913532 175.4843679539 48.84692 2.3119474 50
130096394 752.6402462545076 205.3100380965875 48.8471882 2.3111848 50
130096418 505.5227171067362 467.5134872481954 48.849546 2.3078177 50
130096473 728.5457183761515 251.2273356430162 48.8476011 2.3108565 50
130096485 614.5462357277927 399.7662901909623 48.8489368 2.3093032 50
130096486 521.0817786669152 490.8001961519928 48.8497554 2.3080297 50
174026196 112.3481671525608 353.4597687611148 48.8485204 2.3024605 50
174028240 81.44288025160699 379.9381135079564 48.8487585 2.3020394 50
174028241 38.47198146153698 337.9019341114532 48.8483805 2.3014539 50
174029645 113.625184469307 271.0110295974586 48.847779 2.3024779 50
174029932 153.6310545469566 312.0908303079185 48.8481484 2.303023 50
174032004 286.2647151676307 268.8202551676062 48.8477593 2.3048302 50
174032471 359.2455209009294 307.4979884854153 48.8481071 2.3058246 50
174040131 841.1580960080771 567.899887091297 48.8504487 2.3123909 50
174040240 969.8946520587007 656.1425017755504 48.8512422 2.314145 50
174042261 389.6590827431169 598.7931427428512 48.8507265 2.306239 50
174043290 386.2683815917713 614.5845117224226 48.8508685 2.3061928 50
177690284 578.8558034791203 379.0818209640105 48.8487508 2.3088169 50
230346434 802.2531029275874 188.7958247630049 48.8470397 2.3118608 50
230346442 817.2250300892812 212.2382232196039 48.8472505 2.3120648 50
230346445 817.4085095888078 219.7669251895451 48.8473182 2.3120673 50
230346452 815.9039776926602 227.1399376080994 48.8473845 2.3120468 50
230346458 810.9940662851993 236.6592417265278 48.8474701 2.3119799 50
230346464 806.7153243561567 241.3966524189845 48.8475127 2.3119216 50
230346472 801.6145942692289 245.2444085231948 48.8475473 2.3118521 50
230346486 770.8781085078629 247.5019070451849 48.8475676 2.3114333 50
230346492 763.935244245612 243.4984613902951 48.8475316 2.3113387 50
230346496 758.1446312404523 237.9492408817487 48.8474817 2.3112598 50
230346502 752.4861234749169 227.9072646927962 48.8473914 2.3111827 50
230346507 750.5852758597509 216.5975307121973 48.8472897 2.3111568 50
230346515 754.6071464894856 200.9618512868424 48.8471491 2.3112116 50
230346521 770.7973775280536 186.1713437211703 48.8470161 2.3114322 50
230346527 751.1283751783907 210.8592586037192 48.8472381 2.3111642 50
230346574 812.8655571804293 199.8164210008675 48.8471388 2.3120054 50
230346587 756.6400993442757 197.6812499838416 48.8471196 2.3112393 50
230350267 569.3442262234381 136.1616350584806 48.8465664 2.3086873 50
244455594 428.7842512230095 352.6924416778327 48.8485135 2.3067721 50
244483517 863.0875657919607 522.5942270760563 48.8500413 2.3126897 50
244483520 987.5673974535082 609.3466703223089 48.8508214 2.3143858 50
244483613 851.6824801011114 614.6845978631052 48.8508694 2.3125343 50
245925171 565.9315075321845 110.6841517269531 48.8463373 2.3086408 50
245925859 664.0930397810604 178.8205726683124 48.84695 2.3099783 50
245925860 670.0451147458384 163.2071346065318 48.8468096 2.3100594 50
245925892 658.8088301945768 169.5236821983603 48.8468664 2.3099063 50
245925893 674.7201723938703 174.7281615527588 48.8469132 2.3101231 50
245926007 674.9109910733663 168.1113555360531 48.8468537 2.3101257 50
245926008 670.6616058642304 178.5536762912726 48.8469476 2.3100678 50
245926009 660.0491516113884 175.5955747774308 48.846921 2.3099232 50
245926010 663.6380106221993 163.3739448421817 48.8468111 2.3099721 50
245926115 600.4329926238894 609.5357219222406 48.8508231 2.3091109 50
245926171 671.9899974408206 561.138512204638 48.8503879 2.3100859 50
245926172 662.8600575442182 533.9929265159043 48.8501438 2.3099615 50
249580370 669.0616646283056 710.7561729428842 48.8517333 2.310046 50
249580371 839.4774237923725 545.8475739327237 48.8502504 2.312368 50
256622742 195.5451114197415 441.2686768326785 48.84931 2.3035941 50
256622941 215.6838212882043 461.2970257977568 48.8494901 2.3038685 50
259010203 539.8480618788839 838.3660032518278 48.8528808 2.3082854 50
259019962 772.23585680436 925.6633599335935 48.8536658 2.3114518 50
260353963 782.4886912381471 882.181491829068 48.8532748 2.3115915 50
260354188 652.4971354107149 897.3501025938959 48.8534112 2.3098203 50
266630608 809.8638325681327 195.5571996503714 48.8471005 2.3119645 50
338499511 611.4857976756243 601.595554703184 48.8507517 2.3092615 50
338499516 613.4306803706357 662.1254288960793 48.851296 2.309288 50
431487272 73.34042555235345 312.7247092033881 48.8481541 2.301929 50
500468290 771.4725820863466 946.8593805496359 48.8538564 2.3114414 50
582171258 759.7372332963785 258.3445723659642 48.8476651 2.3112815 50
582171265 832.8134483694253 383.0407838917516 48.8487864 2.3122772 50
934843048 531.5547885001344 240.5737219235833 48.8475053 2.3081724 50
934843052 678.7200254836091 176.2961777678677 48.8469273 2.3101776 50
934843068 523.0119830019878 228.6745917767857 48.8473983 2.308056 50
1193281678 904.5465935058846 911.1731107927986 48.8535355 2.3132546 50
1215414290 747.4881419076773 270.2881852413252 48.8477725 2.3111146 50
1215414378 755.1429066281266 271.311288020921 48.8477817 2.3112189 50
1215415075 761.2124084725901 277.2274910471898 48.8478349 2.3113016 50
1215523338 1082.16942741148 324.0678052304096 48.8482561 2.3156748 50
1215523373 835.8298513416605 234.3906225202746 48.8474497 2.3123183 50
1215523561 1035.60233043063 452.6673762711116 48.8494125 2.3150403 50
1215523592 831.0667235338501 189.1294452343047 48.8470427 2.3122534 50
1219805698 823.3605845535858 161.0163601780942 48.8467899 2.3121484 50
1219805735 815.7938899929443 157.9915345699924 48.8467627 2.3120453 50
1219805755 816.9828371498827 167.2661836749554 48.8468461 2.3120615 50
1219805780 833.158389828512 186.9164294401706 48.8470228 2.3122819 50
1219805874 807.3097979346405 154.8555021397747 48.8467345 2.3119297 50
1219826518 374.7385298412672 602.7298643063107 48.8507619 2.3060357 50
1219876950 378.591599331443 535.8945632023128 48.8501609 2.3060882 50
1219877006 452.2182529030698 602.6631402113433 48.8507613 2.3070914 50
1219877065 393.123175694273 537.596027606649 48.8501762 2.3062862 50
1219877311 338.7471912133536 546.2812805454133 48.8502543 2.3055453 50
1219877554 326.7916670239534 554.9554128020368 48.8503323 2.3053824 50
1219877675 448.174364733427 585.5484100287138 48.8506074 2.3070363 50
1249809133 486.8958783143611 208.8352944109315 48.8472199 2.3075639 50
1249809134 481.8978967471507 189.0960831871747 48.8470424 2.3074958 50
1249809137 490.5654683049812 210.9148620158383 48.8472386 2.3076139 50
1249809138 460.1372281028258 210.292103803217 48.847233 2.3071993 50
1249809139 526.0063684343149 229.7977806963566 48.8474084 2.3080968 50
1249809144 463.1316135351821 207.0448645480537 48.8472038 2.3072401 50
1249809145 478.0521664369734 192.6769429129304 48.8470746 2.3074434 50
1249809147 542.2993479926296 235.7695871347445 48.8474621 2.3083188 50
1249809148 536.2371853281356 227.1399376080994 48.8473845 2.3082362 50
1249809157 454.5227554171943 191.2312542042006 48.8470616 2.3071228 50
1251064486 692.7085025278577 285.9794680795066 48.8479136 2.3103682 50
1251064488 495.6368416720022 280.3190407481368 48.8478627 2.307683 50
1251064491 682.4923639939758 286.6244676585319 48.8479194 2.310229 50
1251064495 494.1176314158867 294.2754971362669 48.8479882 2.3076623 50
1251064496 711.8490839188781 304.9958349492523 48.8480846 2.310629 50
1251064497 579.0246046186497 256.6987113744544 48.8476503 2.3088192 50
1251064498 591.0975556877936 253.240179153663 48.8476192 2.3089837 50
1260668936 600.932056862596 413.0221435872407 48.849056 2.3091177 50
1260668938 579.1126747784575 358.3528690084952 48.8485644 2.3088204 50
1260668943 581.8281713714808 393.4942253284046 48.8488804 2.3088574 50
1260668947 583.6042529269336 383.8081109750336 48.8487933 2.3088816 50
1262015779 622.7514389468218 643.0645792963553 48.8511246 2.309415 50
1262015790 517.3681535963912 455.9924603033832 48.8494424 2.3079791 50
1262015811 503.0200567331171 463.7658172867898 48.8495123 2.3077836 50
1262015823 623.874333483919 644.6103541471825 48.8511385 2.3094303 50
1262015833 504.3631266696754 486.0294234109914 48.8497125 2.3078019 50
1262015835 640.0719037025149 668.7311142299367 48.8513554 2.309651 50
1262015848 523.723883460157 494.7480383968856 48.8497909 2.3080657 50
1262015857 533.7785600344205 478.4339973460829 48.8496442 2.3082027 50
1263347426 659.1390932936956 720.6424595790349 48.8518222 2.3099108 50
1263347446 677.4283298069242 723.4003888093896 48.851847 2.31016 50
1263347454 679.6961364211141 701.1034206373506 48.8516465 2.3101909 50
1263347472 660.1739176710724 697.8784227478839 48.8516175 2.3099249 50
1264875555 788.7416725821372 633.2116547087493 48.851036 2.3116767 50
1264875559 842.3030080851117 583.0017737632799 48.8505845 2.3124065 50
1264875572 837.8114299366357 530.234135870943 48.85011 2.3123453 50
1264875574 947.23860345668 679.607141597846 48.8514532 2.3138363 50
1264875586 717.07458006549 666.0843918238203 48.8513316 2.3107002 50
1264875590 840.6590317693415 561.4054085823852 48.8503903 2.3123841 50
1264875616 787.3472283857349 615.8077867833834 48.8508795 2.3116577 50
1264875618 829.9291506367849 550.3292089316961 48.8502907 2.3122379 50
1264875621 711.0050782210557 672.0561982607934 48.8513853 2.3106175 50
1264875625 850.2586791848023 574.0607451310314 48.8505041 2.3125149 50
1270627657 918.7699243095039 67.424697269489 48.8459483 2.3134484 50
1270627661 943.8625806653024 78.75667261436973 48.8460502 2.3137903 50
1270627671 973.769739088814 91.0116645967488 48.8461604 2.3141978 50
1298870722 675.4320728520103 170.9582502256567 48.8468793 2.3101328 50
1298870723 672.5404359394298 164.6973060452399 48.846823 2.3100934 50
1298870724 661.6931279271588 164.5860992224165 48.846822 2.3099456 50
1298870725 667.8580391113994 179.3210033752621 48.8469545 2.3100296 50
1298870726 661.5903794074413 177.3415219117452 48.8469367 2.3099442 50
1298870727 658.8969003543262 172.9266110063253 48.846897 2.3099075 50
1298870728 659.8142978519886 166.7991150158431 48.8468419 2.30992 50
1298870729 666.4635949149678 162.6733418524522 48.8468048 2.3100106 50
1298870730 672.511079219523 177.3526425938861 48.8469368 2.310093 50
1307645900 651.9980711720084 212.8498607507917 48.847256 2.3098135 50
1307645903 645.6129845883065 230.4650216403709 48.8474144 2.3097265 50
1307645913 656.702485539947 224.3486463313222 48.8473594 2.3098776 50
1307645914 779.6484285854108 387.4779361607458 48.8488263 2.3115528 50
1307645918 558.364812971543 188.095221772568 48.8470334 2.3085377 50
1307645919 640.7544474407481 218.3545985286526 48.8473055 2.3096603 50
1307645920 770.3863834491258 394.5062074244447 48.8488895 2.3114266 50
1314008802 773.0798625022408 428.9469607560394 48.8491992 2.3114633 50
1369689998 958.592314887627 648.391386157133 48.8511725 2.313991 50
1848897441 814.2820189168274 231.1878659950896 48.8474209 2.3120247 50
1928784612 645.4735401686839 55.34763620419329 48.8458397 2.3097246 50
1928784637 117.9186047583176 275.9486125734026 48.8478234 2.3025364 50
1940442054 797.7615247790822 186.3603953225166 48.8470178 2.3117996 50
1940442056 766.6947759185682 188.2953940553478 48.8470352 2.3113763 50
1940442058 806.3190086371967 191.8873744646592 48.8470675 2.3119162 50
1940442060 751.0476441985815 222.335802819968 48.8473413 2.3111631 50
1960608904 849.7596149460664 869.8931377988514 48.8531643 2.3125081 50
1960608919 821.6211988980383 871.9393433566283 48.8531827 2.3121247 50
1960608920 875.3366571806037 878.533908008345 48.853242 2.3128566 50
1960608921 798.48810359719 883.4492496192997 48.8532862 2.3118095 50
1960608923 782.3345684585565 900.7530314025682 48.8534418 2.3115894 50
1960608924 900.2751907568113 902.8882024203015 48.853461 2.3131964 50
1960608925 774.5623768584218 916.7890553948978 48.853586 2.3114835 50
1960608926 908.6198383954633 923.694999152925 48.8536481 2.3133101 50
1960608927 771.0469096474216 935.9166290881741 48.853758 2.3114356 50
2353689492 525.4192340358005 497.2946746623195 48.8498138 2.3080888 50
2466422371 858.0161924249107 701.1145413201989 48.8516466 2.3126206 50
2466422373 963.0765538561629 715.3378940832466 48.8517745 2.3140521 50
2466422374 986.1509357171392 718.3849610563375 48.8518019 2.3143665 50
2543366512 122.7624635459373 343.8959819148303 48.8484344 2.3026024 50
2543366515 54.73560429994495 354.2270958458116 48.8485273 2.3016755 50
2543366540 91.80580238511016 372.2426013002432 48.8486893 2.3021806 50
2639759467 863.1022441519287 857.6492664993207 48.8530542 2.3126899 50
2705349198 318.7626041245106 188.3621181496078 48.8470358 2.305273 50
2705349201 313.8013184572056 214.1287392245791 48.8472675 2.3052054 50
2705349209 634.8023724759701 260.6576743014881 48.8476859 2.3095792 50
2705349212 289.3104748598602 262.7706039535249 48.8477049 2.3048717 50
2705349225 373.3367464648662 269.721030440823 48.8477674 2.3060166 50
2705349228 398.2532625011366 270.3104266070217 48.8477727 2.3063561 50
2705349230 292.3121994721859 272.0230116934988 48.8477881 2.3049126 50
2705349251 283.1455636756195 274.8810270652433 48.8478138 2.3047877 50
2705349262 369.7699049940219 297.5449777542971 48.8480176 2.305968 50
2705349264 392.5727371956931 298.5013564403404 48.8480262 2.3062787 50
2705349283 442.5525528678261 338.1243477599296 48.8483825 2.3069597 50
2705349286 106.2713261280988 347.0431350278963 48.8484627 2.3023777 50
2705349291 49.96513731213599 349.3784783277021 48.8484837 2.3016105 50
2705349298 120.8102416709273 362.3340732998106 48.8486002 2.3025758 50
2705349301 562.5554847407778 362.8122626424786 48.8486045 2.3085948 50
2705349318 252.9595164128335 387.5669016199949 48.8488271 2.3043764 50
2705349338 196.6606667768984 465.8231435267075 48.8495308 2.3036093 50
2705349341 221.1441711942452 466.8240049413142 48.8495398 2.3039429 50
2705349406 439.969161514427 551.4412771698336 48.8503007 2.3069245 50
2705349414 309.3024011287017 556.3010153693766 48.8503444 2.3051441 50
2705349422 424.6082578137134 566.4541983825673 48.8504357 2.3067152 50
2705349452 87.3509201365103 572.4148841373996 48.8504893 2.3021199 50
2705349460 355.0988842115108 585.4594445694646 48.8506066 2.3057681 50
2705349483 616.2048904035601 598.4372809065624 48.8507233 2.3093258 50
2705349511 23.01566842110458 635.7916530206058 48.8510592 2.3012433 50
2705349513 406.539196699946 635.135532760147 48.8510533 2.306469 50
2705349537 428.5420582836402 681.3975714600165 48.8514693 2.3067688 50
2705349589 572.8009799945957 806.6498171048727 48.8525956 2.3087344 50
2705349591 549.139463735134 806.8833514340749 48.8525977 2.308412 50
2705349598 549.7045805936818 829.1358368761357 48.8527978 2.3084197 50
2705349600 571.4725884180053 830.1811810200132 48.8528072 2.3087163 50
2705349623 623.2211464656218 884.2833007982564 48.8532937 2.3094214 50
2705349640 629.8851218885397 910.0832839196503 48.8535257 2.3095122 50
2734029744 950.0201526695446 415.3352455227647 48.8490768 2.3138742 50
2734029745 941.4626688114593 419.1607602619859 48.8491112 2.3137576 50
2734029747 970.4524297372791 430.0923910405994 48.8492095 2.3141526 50
2734029748 954.0053273993447 434.9076465115791 48.8492528 2.3139285 50
2734029751 1027.16961263217 449.453499064493 48.8493836 2.3149254 50
2734029778 852.3430062994655 533.3145648904565 48.8501377 2.3125433 50
2734029792 784.881263912021 579.8657413323547 48.8505563 2.3116241 50
2734029793 795.2588644054631 584.491945201988 48.8505979 2.3117655 50
2734029796 778.2613235689779 605.9659828779183 48.850791 2.3115339 50
2734029806 788.1178422837759 625.4605390896244 48.8509663 2.3116682 50
2734029810 719.2836732398372 682.4206742396123 48.8514785 2.3107303 50
2734029812 793.0204145112091 686.5575680844366 48.8515157 2.311735 50
2734029813 785.7105912499048 691.3728235554162 48.851559 2.3116354 50
2734029819 804.0512020230067 693.841615043742 48.8515812 2.3118853 50
2734029822 794.0038646286835 698.8236807503714 48.851626 2.3117484 50
2734029842 692.884642847415 784.1526766500538 48.8523933 2.3103706 50
2734029864 653.6860825676533 894.0250185630391 48.8533813 2.3098365 50
2734029878 675.6082131715675 939.2417131190308 48.8537879 2.3101352 50
3337535744 151.7669028317252 317.2397062494905 48.8481947 2.3029976 50
3337535745 84.31249962427927 379.2152691525304 48.848752 2.3020785 50
3337535748 79.1310385575423 379.5822516709601 48.8487553 2.3020079 50
3374004998 363.0912512111067 254.4856955803204 48.8476304 2.305877 50
3722399574 798.5981912969353 16.09162740444862 48.8454867 2.311811 50
3722422172 816.9534804300051 264.5276717699802 48.8477207 2.3120611 50
3722422173 825.7751747674263 374.7669962006879 48.848712 2.3121813 50
3722422174 827.2943850235417 393.7055182933253 48.8488823 2.312202 50
3722422175 816.403041931396 384.5420760133079 48.8487999 2.3120536 50
3722422176 845.1726274578133 620.6786456664822 48.8509233 2.3124456 50
3722422177 850.8017785033835 694.7201489512621 48.8515891 2.3125223 50
3722422178 851.7999069808259 707.7980714304572 48.8517067 2.3125359 50
3722422179 841.3195579676373 698.8681634789348 48.8516264 2.3123931 50
3722422180 807.456581534291 864.3772793381424 48.8531147 2.3119317 50
3722422182 743.8405694570238 144.6800777623023 48.846643 2.3110649 50
3722494019 751.6641353170025 162.2396352390551 48.8468009 2.3111715 50
3722494022 807.7061136536297 161.1164463194842 48.8467908 2.3119351 50
3722554642 795.7872853641347 593.2772842828495 48.8506769 2.3117727 50
3722554643 830.7291212547327 560.8382537804682 48.8503852 2.3122488 50
3723996973 695.6735312402488 776.3237162552355 48.8523229 2.3104086 50
3723996974 781.1676388415555 880.1797689998546 48.8532568 2.3115735 50
3723996984 909.5152183531883 928.5324959881864 48.8536916 2.3133223 50
3724026958 839.5067805122792 235.736225088322 48.8474618 2.3123684 50
3724026966 832.240992330879 187.8060840305391 48.8470308 2.3122694 50
3724026968 734.9601616797308 198.3707322921377 48.8471258 2.3109439 50
3724026971 752.7943690341275 176.4073845913985 48.8469283 2.3111869 50
3724026977 740.4131724058022 239.7730327917565 48.8474981 2.3110182 50
3726676916 760.4124378546132 266.9297391633385 48.8477423 2.3112907 50
3726676918 754.3502751901483 263.6046551324818 48.8477124 2.3112081 50
3726676919 734.5932026806775 245.3667360288664 48.8475484 2.3109389 50
3726676920 719.4818310993318 247.868889564322 48.8475709 2.310733 50
3726678125 726.4980871613934 195.0456482598661 48.8470959 2.3108286 50
3731959194 662.2362272457983 184.0139313391552 48.8469967 2.309953 50
3731959195 654.3466087660075 167.8555798418615 48.8468514 2.3098455 50
3731959196 671.6744127016699 158.7366202897002 48.8467694 2.3100816 50
3732186335 432.0722038546083 637.9490654019135 48.8510786 2.3068169 50
3759541434 605.5704186107516 94.16993839195572 48.8461888 2.3091809 50
3759541435 560.9702218648503 87.89787353081283 48.8461324 2.3085732 50
3767596719 740.6627045251701 89.76614817009141 48.8461492 2.3110216 50
4090974136 918.9387254490917 264.6499992763592 48.8477218 2.3134507 50
4090974143 997.2551150287184 283.8999004745999 48.8478949 2.3145178 50
4090974144 985.9454386776461 289.0376557347385 48.8479411 2.3143637 50
4090974146 1001.761371537192 294.7981692074982 48.8479929 2.3145792 50
4090974147 991.7287125028654 298.623683946012 48.8480273 2.3144425 50
4090974152 1075.622878868218 321.6768585191923 48.8482346 2.3155856 50
4560569865 764.8086066633704 253.4181100721611 48.8476208 2.3113506 50
4773713399 742.6369439401175 43.3929026459839 48.8457322 2.3110485 50
4773713402 687.1307257421024 116.4113031518755 48.8463888 2.3102922 50
4773713403 692.0186196095967 125.741555669665 48.8464727 2.3103588 50
4773713404 682.5584166138171 128.888708782731 48.846501 2.3102299 50
4773713405 677.2888853873014 120.3702660796166 48.8464244 2.3101581 50
4773713406 699.7027410499528 82.28192892800632 48.8460819 2.3104635 50
4773713407 692.0920114094074 72.26219410404303 48.8459918 2.3103598 50
4829335356 982.8923398054471 568.222386880456 48.8504516 2.3143221 50
4865355955 962.4600627377417 591.8427162555531 48.850664 2.3140437 50
4865355962 725.1917131247405 683.2102426878834 48.8514856 2.3108108 50
4865355963 762.5995134890231 621.3458866090817 48.8509293 2.3113205 50
4865355964 756.8015613038649 627.0507966704298 48.8509806 2.3112415 50
4865355965 530.5199641227575 786.8438817861484 48.8524175 2.3081583 50
4865355966 591.1415907676684 788.3785359541272 48.8524313 2.3089843 50
4865355968 473.2963778091323 643.1535447563118 48.8511254 2.3073786 50
4865355969 416.2929668949682 636.2142389518619 48.851063 2.3066019 50
5047831693 393.7176492727276 158.4919652783569 48.8467672 2.3062943 50
5070264558 815.360878374079 244.6994950862669 48.8475424 2.3120394 50
5249411598 936.8756813231768 711.7347929932092 48.8517421 2.3136951 50
5265960693 622.2817314279929 663.3264625934657 48.8513068 2.3094086 50
5364603410 686.323415944156 695.076010787551 48.8515923 2.3102812 50
5364603414 656.687807179979 692.8185122648536 48.851572 2.3098774 50
5387166534 102.1907420585507 362.7900212774894 48.8486043 2.3023221 50
5387166536 121.5001245891591 345.0414121993903 48.8484447 2.3025852 50
5400815979 454.772287536533 536.4061145921108 48.8501655 2.3071262 50
5400816000 295.5854737437876 369.9962234596865 48.8486691 2.3049572 50
5432282489 203.9631508581749 458.5279758852614 48.8494652 2.3037088 50
5432282490 214.3994647914596 448.1190171785866 48.8493716 2.303851 50
5432282492 399.1192857389257 539.1529231396171 48.8501902 2.3063679 50
5432282500 497.3762273275788 493.1244187696577 48.8497763 2.3077067 50
5432282505 320.3698845403754 190.8420303200743 48.8470581 2.3052949 50
5432282506 317.683744667259 206.422106334725 48.8471982 2.3052583 50
5432282510 496.2092977105194 453.5792722271767 48.8494207 2.3076908 50
5432282512 438.3692202785314 342.6171034410429 48.8484229 2.3069027 50
5432286928 655.4915208430421 724.4679743168414 48.8518566 2.3098611 50
5432286929 681.3694694568495 729.3610745649293 48.8519006 2.3102137 50
5455390843 488.31234005073 743.4620998223054 48.8520274 2.3075832 50
5455390847 218.7589377003406 443.7597096852858 48.8493324 2.3039104 50
5500250983 583.3327032676575 842.5918625559013 48.8529188 2.3088779 50
5554235425 551.1210423300507 535.7499943316521 48.8501596 2.308439 50
5586042530 1031.844670280231 190.6529787194353 48.8470564 2.3149891 50
5586042537 752.8897783739046 270.599564349758 48.8477753 2.3111882 50
5586042538 757.337321442506 272.7013733189466 48.8477942 2.3112488 50
5586042551 836.2702021405828 383.4856111865821 48.8487904 2.3123243 50
5649547180 352.3173349986464 551.3745530755737 48.8503001 2.3057302 50
5715265288 804.49889200184 179.5322963401828 48.8469564 2.3118914 50
6175031758 99.2624092460357 365.4812264135841 48.8486285 2.3022822 50
6175057401 125.2577847395286 341.5940006621545 48.8484137 2.3026364 50
6181688302 971.5239500145613 598.1592638473817 48.8507208 2.3141672 50
6190938222 564.9407182346823 100.075020736791 48.8462419 2.3086273 50
6190938223 540.9269213361354 133.4370678759634 48.8465419 2.3083001 50
6190938224 565.8287590124379 145.7254219061799 48.8466524 2.3086394 50
6190938225 577.0356868437344 139.0307711137807 48.8465922 2.3087921 50
6207553421 759.5464146168533 194.1003902573785 48.8470874 2.3112789 50
6207553422 762.9150982282322 190.9421164621717 48.847059 2.3113248 50
6207553423 754.8786961487908 233.1784681407473 48.8474388 2.3112153 50
6222931170 1056.61440271688 129.1667258412042 48.8465035 2.3153266 50
6225982045 775.1568504369056 184.6478102346248 48.8470024 2.3114916 50
6225982046 779.685124485316 183.7359142799746 48.8469942 2.3115533 50
6225982047 784.3014686935053 183.4467765386531 48.8469916 2.3116162 50
6225982048 788.9031345417266 183.7915176920937 48.8469947 2.3116789 50
6225982049 793.4240694101677 184.7701377410038 48.8470035 2.3117405 50
6225982051 783.3180185760309 250.1931121812795 48.8475918 2.3116028 50
6225982052 789.7031051597035 249.7260435214598 48.8475876 2.3116898 50
6225982053 795.8753555239134 248.057941164961 48.8475726 2.3117739 50
6225982054 776.9696278922929 249.4480264622792 48.8475851 2.3115163 50
6242202774 807.8969323331548 164.1301512433229 48.8468179 2.3119377 50
6242225329 770.6726114683991 398.1649119280161 48.8489224 2.3114305 50
6242230285 778.4741597884112 497.9396742399299 48.8498196 2.3115368 50
6254304233 641.9360554177171 40.77954228699753 48.8457087 2.3096764 50
6254304234 631.4703847645256 50.41005322824941 48.8457953 2.3095338 50
6287132646 915.5920593776502 70.53848833471773 48.8459763 2.3134051 50
6288229325 1022.333093024549 447.8076380715686 48.8493688 2.3148595 50
6288229346 967.7589506841641 715.9050488851636 48.8517796 2.3141159 50
6288546281 242.7360386989822 352.7369244063962 48.8485139 2.3042371 50
6288546282 259.8069713353073 319.8419459263361 48.8482181 2.3044697 50
6288546283 343.9286522801198 299.1463560179508 48.848032 2.3056159 50
6291071018 953.4328713608566 644.8550091599407 48.8511407 2.3139207 50
6363147903 651.4990069332725 912.8523338314383 48.8535506 2.3098067 50
6659856274 89.58937003079348 329.5058189147179 48.848305 2.3021504 50
6882789888 867.5938223004049 383.4856111865821 48.8487904 2.3127511 50
6882789889 909.2803645938176 268.4199106027539 48.8477557 2.3133191 50
6882789890 904.7520905453779 259.4900026512316 48.8476754 2.3132574 50
6882789891 914.329720420872 254.5190576281577 48.8476307 2.3133879 50
6905400596 578.5328795599418 396.6858611714488 48.8489091 2.3088125 50
6919873727 625.2761168603491 646.7010424349376 48.8511573 2.3094494 50
6920057223 616.3223172832454 662.5257734616389 48.8512996 2.3093274 50
7112203107 871.7991724296951 528.6661196551267 48.8500959 2.3128084 50
7649668226 1057.928115933532 125.897245223174 48.8464741 2.3153445 50
7649668227 975.3696803247094 86.61899505702542 48.8461209 2.3142196 50
7649668228 947.9505039148492 74.76434764020604 48.8460143 2.313846 50
7649668229 922.1312687409136 64.13297528434754 48.8459187 2.3134942 50
8121132261 894.6387005312426 506.825099461474 48.8498995 2.3131196 50
8129809909 461.1353565802681 641.5076837633874 48.8511106 2.3072129 50
8129809910 855.7557249907192 389.9022449190932 48.8488481 2.3125898 50
8129876515 1022.274379584706 216.4529618408292 48.8472884 2.3148587 50
8384493811 314.9829264341745 182.6572080889671 48.8469845 2.3052215 50
