130096418 1262015790
1262015790 6905400596
6905400596 1260668943
1260668943 94260793
94260793 94260587
94260587 1251064486
1251064486 130096473
130096473 3726676919
3726676919 3724026977
3724026977 230346502
6254304233 6254304234
6254304234 94261711
94261711 245925171
230346515 3724026971
3724026971 3722494019
3722494019 94261984
94261984 94262176
94262176 4773713399
29400086 1307645914
1307645914 3722422175
3722422175 29400085
29400085 582171265
582171265 5586042551
5586042551 8129809910
8129809910 25256234
25256234 2734029745
2734029745 25256233
25256233 25256235
25256235 2734029748
2734029748 65306437
65306437 244483517
230346452 1215523373
1215523373 3724026958
3724026958 6882789890
6882789890 25256231
25256231 4090974136
4090974136 4090974144
4090974144 25256232
25256232 4090974146
4090974146 4090974152
4090974152 1215523338
1215523338 4616570
244455594 5432282512
5432282512 2705349283
2705349283 25287818
25287818 1251064488
1251064488 934843048
934843048 25287819
25256234 6882789888
6882789888 6882789889
6882789889 25256231
25256231 6882789891
6882789891 1270627671
1270627671 7649668227
7649668227 94262684
25256232 4090974147
4090974147 2734029744
2734029744 25256233
4616567 2466422374
2466422374 6288229346
6288229346 2466422373
2466422373 25256059
25256059 5249411598
5249411598 2466422371
2466422371 65307297
65307297 3722422179
3722422179 2734029819
2734029819 65307296
65307296 2734029813
2734029813 4865355962
4865355962 2734029810
2734029810 65306441
65308763 4829335356
4829335356 8121132261
8121132261 65306437
49809411 260354188
260354188 2734029864
2734029864 2734029842
2734029842 3723996973
3723996973 65310517
8384493811 2705349198
2705349198 5432282505
5432282505 94270578
94270578 3374004998
94260587 1251064491
1251064491 94260586
94260586 1251064498
1251064498 25287820
25287820 1249809147
1249809147 25287819
25287819 1249809139
1249809139 934843068
934843068 1249809137
1249809137 1249809133
1249809133 94260585
94260585 1249809157
1249809157 5047831693
5047831693 130095452
130095452 130095450
25287820 1251064497
1251064497 1260668938
1260668938 177690284
25287818 1251064495
1251064495 2705349301
2705349301 177690284
177690284 1260668947
1260668947 94260793
94260586 2705349209
2705349209 1307645903
1307645903 94261410
94261410 1307645900
1307645900 3731959194
3731959194 245925859
25287819 1249809148
1249809148 94261348
94261348 6190938224
6190938224 230350267
230350267 245925171
94261348 1307645918
1307645918 1307645919
1307645919 94261410
94261410 1307645913
1307645913 3726676920
3726676920 130096473
94261495 230350267
230350267 6190938225
6190938225 3731959195
3731959195 245925892
94261711 3759541434
3759541434 4773713405
4773713405 94261982
94261982 4773713403
4773713403 3722422182
3722422182 94261984
6254304234 1928784612
1928784612 4773713407
4773713407 94261155
94261155 3767596719
3767596719 94262176
500468290 1960608927
1960608927 259019962
259019962 1960608925
1960608925 94264935
94264935 1960608923
1960608923 94260215
94260215 1960608921
1960608921 94264649
94264649 1960608919
1960608919 94264936
94264936 1960608904
1960608904 94264937
94264937 1960608920
1960608920 94264938
94264938 94264939
94264939 1960608924
1960608924 1193281678
1193281678 1960608926
1960608926 3723996984
3723996984 94264940
116147905 1219877554
1219877554 1219877311
1219877311 116147990
116147990 116147902
116147902 1219876950
1219876950 1219877065
1219877065 5432282492
5432282492 116147968
116147968 116147967
116147967 116147966
116147966 116147965
116147965 1219877675
1219877675 1219877006
1219877006 116147964
116147964 116147963
116147963 65311769
65311769 116147962
116147962 116147961
116147990 5649547180
5649547180 2705349460
2705349460 116147982
1848897441 5070264558
5070264558 3722422172
3722422172 3722422173
3722422173 29400085
29400085 3722422174
3722422174 1264875572
1264875572 249580371
130096200 7649668228
7649668228 1270627661
1270627661 1219805780
1219805780 3724026966
3724026966 1215523592
1215523592 130096198
65309265 1264875574
1264875574 244483613
244483613 94262979
230346486 4560569865
4560569865 582171258
582171258 3726676918
3726676918 1215414290
1215414290 1251064496
1251064496 130096485
130096485 1260668936
1260668936 1262015857
1262015857 130096486
94262351 3722399574
3722399574 1219805874
1219805874 3722494022
3722494022 6242202774
6242202774 130096204
130096204 266630608
174032471 6288546283
6288546283 2705349230
2705349230 174032004
174032004 2705349212
2705349212 2705349201
2705349201 5432282506
5432282506 94270578
94270669 2705349318
2705349318 94270668
94270668 6288546281
6288546281 6288546282
6288546282 2705349251
2705349251 174032004
174040131 1264875625
1264875625 6291071018
6291071018 1369689998
1369689998 174040240
174042261 174043290
174043290 470171
116147982 1219826518
1219826518 174042261
94262804 7649668226
7649668226 6222931170
6222931170 5586042530
5586042530 8129876515
8129876515 4090974143
4090974143 25256232
230346496 6207553423
6207553423 230346502
230346502 1940442060
1940442060 230346507
230346507 230346527
230346527 130096394
130096394 230346515
230346515 230346587
230346587 6207553421
6207553421 6207553422
6207553422 1940442056
1940442056 230346521
230346521 6225982045
6225982045 6225982046
6225982046 6225982047
6225982047 6225982048
6225982048 6225982049
6225982049 1940442054
1940442054 5715265288
5715265288 130096204
245925171 94261495
244483517 7112203107
7112203107 4865355955
4865355955 6181688302
6181688302 244483520
245925860 3731959196
3731959196 4773713404
4773713404 94261982
94261982 4773713402
4773713402 4773713406
4773713406 94261155
130096394 3724026968
3724026968 3726678125
3726678125 934843052
934843052 245925893
245925860 1298870723
1298870723 245926007
245926007 1298870722
1298870722 245925893
245925893 1298870730
1298870730 245926008
245926008 1298870725
1298870725 245925859
245925859 1298870726
1298870726 245926009
245926009 1298870727
1298870727 245925892
245925892 1298870728
1298870728 1298870724
1298870724 245926010
245926010 1298870729
1298870729 245925860
245926115 338499511
338499511 2705349483
2705349483 245926171
245926171 245926172
130096204 1219805755
1219805755 1219805698
1219805698 6287132646
6287132646 1270627657
1270627657 7649668229
7649668229 130096201
470170 1262015833
1262015833 5432282500
5432282500 5400815979
5400815979 2705349406
2705349406 116147966
65311768 5265960693
5265960693 6920057223
6920057223 338499516
338499516 4865355968
4865355968 8129809909
8129809909 65311769
65306439 2734029796
2734029796 4865355963
4865355963 4865355964
4865355964 1264875586
1264875586 1264875621
1264875621 65306441
65306439 2734029793
2734029793 1264875618
1264875618 249580371
94264649 3722422180
3722422180 2734029822
2734029822 65307296
65307296 2734029812
2734029812 1264875555
1264875555 2734029806
2734029806 1264875616
249580370 1263347426
1263347426 5432286928
5432286928 4865355966
4865355966 2705349589
2705349589 49803905
49803905 2705349598
2705349598 259010203
249580370 1263347446
1263347446 5432286929
5432286929 65310517
65310517 3723996974
3723996974 260353963
260353963 94260215
49803905 2705349600
2705349600 5500250983
5500250983 2705349623
2705349623 49809410
49809410 49809411
49809411 6363147903
6363147903 2734029878
2734029878 49809150
470171 116147961
116147961 2705349537
2705349537 5455390843
5455390843 4865355965
4865355965 2705349591
2705349591 49803905
249580371 1264875590
1264875590 174040131
174040131 1264875559
1264875559 94262979
94262979 3722422176
3722422176 3722422177
3722422177 65307297
65307297 3722422178
3722422178 2639759467
2639759467 94264937
65311768 1262015835
1262015835 5364603414
5364603414 1263347472
1263347472 249580370
65306439 2734029792
2734029792 6242230285
6242230285 1314008802
1314008802 6242225329
6242225329 1307645920
1307645920 29400086
29400086 1215415075
1215415075 3726676916
3726676916 582171258
582171258 230346496
25256235 2734029747
2734029747 6288229325
6288229325 2734029751
2734029751 1215523561
1215523561 25255912
65306441 5364603410
5364603410 1263347454
1263347454 249580370
1215415075 5586042538
5586042538 1215414378
1215414378 5586042537
5586042537 1215414290
1219805874 1219805735
1219805735 1219805698
65311769 3732186335
3732186335 4865355969
4865355969 2705349513
2705349513 470171
244483517 2734029778
2734029778 249580371
116147905 2705349414
2705349414 2705349341
2705349341 256622941
256622941 470172
5387166534 6175031758
6175031758 2543366540
2543366540 3337535745
3337535745 174028240
174028240 3337535748
3337535748 2543366515
2543366515 2705349291
2705349291 174028241
2705349225 94260214
94260214 2705349264
2705349264 244455594
244455594 5432282510
5432282510 1262015811
1262015811 130096418
130096418 470170
470170 130096486
130096486 1262015848
1262015848 2353689492
2353689492 5554235425
5554235425 245926115
245926115 1262015779
1262015779 1262015823
1262015823 6919873727
6919873727 65311768
3374004998 2705349225
249580371 3722554643
3722554643 3722554642
3722554642 65306439
116147966 2705349422
2705349422 174042261
431487272 6659856274
6659856274 2705349286
2705349286 174026196
1848897441 230346458
230346458 230346464
230346464 230346472
230346472 6225982053
6225982053 6225982052
6225982052 6225982051
6225982051 6225982054
6225982054 230346486
230346486 230346492
230346492 230346496
230346452 1848897441
130096198 230346442
230346442 230346445
230346445 230346452
266630608 230346574
230346574 130096198
1940442054 230346434
230346434 1940442058
1940442058 266630608
5387166536 174026196
174026196 5387166534
174029645 1928784637
1928784637 174029932
174029932 3337535744
3337535744 6175057401
6175057401 2543366512
2543366512 5387166536
49809410 2705349640
94260215 94260216
1264875616 65306439
470171 116147982
116147982 116147905
174026196 2705349298
2705349298 256622742
256622742 470172
245925171 6190938222
6190938222 3759541435
3759541435 130095671
94261495 6190938223
6190938223 1249809134
1249809134 1249809145
1249809145 94260585
94260585 1249809144
1249809144 1249809138
1249809138 2705349228
2705349228 94260214
94260214 2705349262
2705349262 174032471
174032471 5400816000
5400816000 94270669
94270669 5455390847
5455390847 5432282490
5432282490 470172
470172 5432282489
5432282489 2705349338
2705349338 2705349452
2705349452 94266791
94266791 2705349511
2705349511 470173
