38658105 336095374 3
38658105 418044469 3
38658105 506830732 3
418044469 408443947 3
408443947 142778672 3
142778672 418044506 3
142778672 336097110 3
142778672 416166026 3
418044506 142764154 3
418044506 418044504 3
142764154 142764156 3
142764154 2371414043 3
142764154 2371414033 3
142764156 142764157 1
142764156 763699047 3
142764156 418044504 3
142764157 4017951689 1
4017951689 142764159 1
142764159 1239933804 1
142764159 1264984093 1
1239933804 142788274 1
1239933804 4017951690 1
142788274 142778362 1
142788274 142878838 1
142788274 142879477 1
142778362 144849104 1
142778362 4017951691 1
144849104 142778728 1
142778728 142841507 1
142778728 4017951692 1
142841507 2038070878 4
142841507 142841187 4
2038070878 476480550 4
476480550 3715892222 4
476480550 1906560788 4
3715892222 142834580 4
142834580 142834579 4
142834580 142835893 4
142834580 2000100505 4
142834579 142778727 4
142834579 763701320 4
142834579 142841187 4
142778727 763701618 3
142778727 142778670 3
142778727 4017951692 1
763701618 142778364 3
142778364 142778366 3
142778364 763699047 3
142778364 2283566001 1
142778366 142777825 3
142778366 2371414033 3
142777825 142765531 3
142777825 142778670 3
142765531 527338821 3
142765531 142776471 3
527338821 1956793912 3
1956793912 142773729 3
1956793912 2371414043 3
142773729 142770538 3
142773729 638029415 3
638029415 344370979 3
344370979 344370977 3
344370979 142773726 3
142773726 142848379 3
142773726 506830732 3
142776471 638029433 5
142776471 142778670 3
638029433 142843846 5
142843846 142778669 5
142843846 142776474 5
142778669 763701320 5
142778669 2339805986 3
763701320 142838875 5
142838875 142778668 5
142838875 142839132 5
142778668 142835893 5
142778668 142845279 5
142835893 763700655 5
763700655 148399176 5
148399176 148386059 4
148399176 4507066554 5
148399176 1110784471 4
148386059 148385552 4
148386059 1110784442 4
148385552 142778666 0
148385552 148386031 0
148385552 148385577 0
142778666 142778665 2
142778666 148385551 2
142778666 148391200 2
142778665 148386771 0
142778665 2322567459 2
148386771 142778663 0
148386771 2322568810 0
142778663 148386613 0
142778663 1210313638 0
148386613 148386030 0
148386613 148388114 0
148386030 148386031 0
148386030 148386611 0
148386030 148387041 0
148386031 142826986 0
148386031 2322568810 0
142826986 142826984 0
142826986 763698082 0
142826984 148386611 0
142826984 2217941634 0
763698082 1210535563 0
1210535563 148385577 0
1210535563 3715889949 0
148385577 763697545 4
763697545 142826990 4
142826990 142790212 4
142790212 1110784442 4
142790212 1110784469 4
142790212 2000100507 4
1110784442 1110784467 4
1110784469 2427530931 4
2427530931 142788266 4
142788266 142790213 4
142788266 1906560788 4
142788266 3358855931 4
1906560788 1906560781 4
3358855931 142825288 4
2000100507 2000100505 4
148388114 2217949342 0
2217949342 2217949343 0
1210313638 2217942284 0
2217942284 1210313623 2
2217942284 2217942282 0
1210313623 1210313614 2
1210313614 344023939 2
1210313614 1210313649 2
344023939 344023277 2
344023939 2217942281 2
344023277 1210313649 2
344023277 1210313612 2
1210313649 1210313661 2
1210313661 1210313647 2
1210313647 148389352 2
1210313647 2217944247 2
148389352 2322560059 2
148389352 2322567459 2
2322560059 148385551 2
148385551 148385550 2
148385551 148390866 2
148385550 148385549 2
148385549 2217944252 2
148385549 2217944248 2
2217944252 142776493 2
2217944252 148391892 2
142776493 344023473 2
142776493 344022144 2
344023473 2217944240 2
344023473 2217944248 2
2217944240 2217944248 2
2217944240 2217946352 2
2217944248 2217944249 2
2217944248 1210313629 2
2217944249 2217944247 2
2217944247 2217944244 2
2217944244 148389010 2
2217944244 2217944242 2
2217944244 344023476 2
148389010 1210313629 2
148389010 2217946352 2
2217946352 344023463 2
344023463 344023462 2
344023463 2217944242 2
344023462 344023461 2
344023461 344023432 2
2217944242 344023476 2
344023476 1210313612 2
344022144 340409017 2
344022144 2217948153 2
2217948153 3264348334 2
3264348334 344022142 2
148391892 148396679 2
148391892 4619569078 2
148396679 148390866 2
148396679 148396528 2
148390866 148391200 2
148391200 344370777 5
344370777 344370776 5
344370777 142778667 5
344370776 344370775 5
344370775 1110779093 5
344370775 142778667 5
1110779093 142790211 5
142790211 148396528 5
142790211 4619569039 5
148396528 344370754 5
148396528 344370757 2
344370757 344370758 2
344370757 344370760 2
344370758 344370760 2
4619569039 142776489 5
142776489 344370922 5
142776489 142776490 5
344370922 4619569077 5
344370922 344370921 5
4619569077 142776477 5
142776477 142845279 5
142776477 568894982 5
142845279 344370891 5
344370891 344370890 5
344370891 3163401069 5
3163401069 142778667 5
142778667 4507066554 5
568894982 568895099 5
568894982 568894980 5
568895099 142776474 5
568895099 568895056 5
142776474 142839132 5
568895056 568894980 5
568895056 568895052 5
568894980 568895005 5
568895005 568895009 5
568895005 568895014 5
568895009 568895032 5
568895009 568895014 5
568895032 568895025 5
568895014 568895052 5
142776490 4619569078 2
2217942281 2217942282 2
2339805986 142778670 3
763699047 1239933805 1
1239933805 1239940009 1
1239933805 4017951690 1
1239940009 4017951691 1
1239940009 2283566001 1
142878838 146145256 1
142878838 3861275695 1
146145256 146145845 1
146145256 146145255 1
146145845 142879477 1
146145845 146145846 1
146145846 146145255 1
146145846 146145847 1
146145847 3435152295 1
146145847 3435152294 1
3435152294 3435152293 1
3435152293 5274523429 1
3861275695 181358847 1
1264984093 2371414037 1
1264984093 4017950888 1
2371414037 142789557 3
142789557 417739523 3
142789557 2012416374 3
417739523 142874234 3
417739523 763700507 3
142874234 416166005 3
142874234 416166028 3
416166028 5305704475 3
5305704475 142779862 3
142779862 763703134 3
142779862 336097110 3
763703134 763703670 3
763703670 418044504 3
418044504 4017950888 1
763700507 763698957 3
416166026 638029402 3
638029402 416166003 3
416166003 2794984654 3
