259434544 400.9825860898509 1524.806932129204 23.7689282 90.40300980000001 50
317358932 125.7644808370861 1063.446344328965 23.7647626 90.4003098 50
317358935 20.80445010476558 367.1303237084778 23.7584756 90.3992801 50
318321811 670.5434302898784 1493.496523503598 23.7686455 90.40565429999999 50
318321817 647.0683452381807 1283.37233799034 23.7667483 90.405424 50
318321822 635.1014542916779 1206.275856050547 23.7660522 90.4053066 50
318321828 626.6920121872042 1140.45422235344 23.7654579 90.4052241 50
318321834 653.2250761865729 1131.815340595754 23.7653799 90.40548440000001 50
318321839 694.1612210253084 1109.121662748388 23.765175 90.405886 50
318321849 736.616162075589 1046.246109240419 23.7646073 90.4063025 50
318321853 744.3630420773925 1000.050242817583 23.7641902 90.4063785 50
318321855 734.6998286042572 961.407860187772 23.7638413 90.4062837 50
318321859 723.5789784998005 935.9010080244203 23.763611 90.4061746 50
318321863 697.4434517628121 903.6602582863993 23.7633199 90.4059182 50
318321866 682.0006580790846 889.5722357287841 23.7631927 90.4057667 50
318321869 633.6132378702447 869.3705430037196 23.7630103 90.405292 50
318321873 608.4562643986894 867.9196538878919 23.7629972 90.4050452 50
318321880 360.1381806175615 903.0289553889281 23.7633142 90.40260910000001 50
318321884 308.87626019913 910.7153450551059 23.7633836 90.40210620000001 50
318321888 305.7061553578395 886.7147594549633 23.7631669 90.4020751 50
318321892 218.0135124128357 321.9091003555379 23.7580673 90.40121480000001 50
318321895 197.1784825192547 206.923369067363 23.7570291 90.4010104 50
318321899 190.3388029397218 153.9050011538359 23.7565504 90.40094329999999 50
318321900 182.9588804140768 127.3902794526509 23.756311 90.4008709 50
318321901 164.6415865207577 82.667453124031 23.7559072 90.4006912 50
318321902 136.7120454689954 46.56135757435595 23.7555812 90.40041720000001 50
318321903 121.146932627413 32.46225952649002 23.7554539 90.40026450000001 50
318917540 62.79050105080017 0 23.7551608 90.399692 50
364769412 705.638835341688 1717.985618810674 23.7706724 90.4059986 50
364769765 170.0745957836618 1356.70315352299 23.7674104 90.4007445 50
364971904 973.4974045946847 1669.508201564458 23.7702347 90.4086264 50
364972028 192.9788580991355 1501.980348408686 23.7687221 90.40096920000001 50
364972147 659.5448993445738 1425.548395835357 23.768032 90.40554640000001 50
364972148 227.1874492558481 1498.591248642259 23.7686915 90.40130480000001 50
364972265 588.7628799788538 1144.928720084176 23.7654983 90.40485200000001 50
364972372 84.54292462829341 799.185166469935 23.7623766 90.39990539999999 50
364972373 285.9618046207179 769.9347988788867 23.7621125 90.40188139999999 50
368405733 413.775131352523 1610.708428167418 23.7697038 90.4031353 50
368405734 368.2927911433868 1324.462403784617 23.7671193 90.4026891 50
386845552 488.1451793490875 445.7441477003219 23.7591854 90.4038649 50
386845553 40.8545987352278 511.720838250026 23.7597811 90.3994768 50
386845646 63.12687873425301 653.2545177073215 23.761059 90.3996953 50
386845649 263.4244997788091 626.7951734528136 23.7608201 90.4016603 50
386845675 443.0705696665668 743.7191153915888 23.7618758 90.40342269999999 50
386845677 605.8060159763374 725.4445578279302 23.7617108 90.4050192 50
386845678 651.2985494484121 728.9111860208332 23.7617421 90.40546550000001 50
386845679 698.5443241835067 740.2303362206492 23.7618443 90.405929 50
386845680 755.1984808130885 766.1248305139096 23.7620781 90.4064848 50
386845683 847.274226914994 855.9470498115113 23.7628891 90.40738810000001 50
386845684 859.3634370193517 877.3670463740357 23.7630825 90.4075067 50
386845686 881.8497755452715 990.2705856489117 23.7641019 90.4077273 50
386845687 884.9485275446962 1039.523287154945 23.7645466 90.4077577 50
386845688 876.1517414394838 1087.369401502984 23.7649786 90.4076714 50
386845689 857.7732879672374 1131.737812169983 23.7653792 90.4074911 50
386845691 808.8354315467533 1196.662331222963 23.7659654 90.407011 50
386845692 775.1976631301552 1224.583640082494 23.7662175 90.40668100000001 50
386845693 740.5405683924798 1250.0683412664 23.7664476 90.406341 50
386845695 705.4859363937209 1267.135670482145 23.7666017 90.40599709999999 50
386845696 681.9191119755772 1272.684490687995 23.7666518 90.40576590000001 50
386846248 719.0327831306965 1082.274676364324 23.7649326 90.40613 50
386846250 963.6303258562963 1278.432669703572 23.7667037 90.40852959999999 50
386846392 1048.693106907418 1124.42798914452 23.7653132 90.4093641 50
386846417 831.8212399670313 829.8642721980699 23.7626536 90.4072365 50
386846418 711.8567258690077 919.9966051994577 23.7634674 90.40605960000001 50
386846419 532.0271772418739 586.7019017078796 23.7604581 90.4042954 50
386846420 579.9966736624567 869.8689400283912 23.7630148 90.404766 50
386846445 115.8974021012914 935.21432767992 23.7636048 90.40021299999999 50
386846447 202.4789793613653 925.6340293209767 23.7635183 90.4010624 50
386914948 178.9937010454322 117.8764340299319 23.7562251 90.40083199999999 50
386914949 269.3569789373683 88.64821741762489 23.7559612 90.4017185 50
386915002 319.1306829343666 248.7222661852338 23.7574065 90.4022068 50
386915091 357.9874020908645 376.2786779796779 23.7585582 90.40258799999999 50
386915099 278.7551675689169 331.8216633970089 23.7581568 90.4018107 50
386915100 286.9811309353114 336.53982189566 23.7581994 90.4018914 50
386915101 291.3438475689298 367.750551116402 23.7584812 90.4019342 50
386915102 460.9903262988024 396.6022010886988 23.7587417 90.4035985 50
399450908 682.6530269214099 1572.918858224252 23.7693626 90.4057731 50
399450916 741.702600392102 1027.484230141636 23.7644379 90.4063524 50
399450919 496.7482934545789 881.0330333756096 23.7631156 90.40394929999999 50
399450925 238.9097018866409 463.2323455142639 23.7593433 90.4014198 50
399450929 186.2411111502838 138.820184546878 23.7564142 90.40090309999999 50
399450931 98.4873086289461 16.01515771937284 23.7553054 90.4000422 50
411359929 345.3885288279131 1189.784452285596 23.7659033 90.4024644 50
642586847 194.3039823083663 181.2282335841828 23.7567971 90.4009822 50
642586848 207.7081233590165 268.923958910299 23.7575889 90.4011137 50
642586849 221.0103317802822 339.9067706829949 23.7582298 90.40124419999999 50
642586850 369.5159827219364 463.188043556077 23.7593429 90.4027011 50
642586852 242.0084538860655 481.0860344790219 23.7595045 90.4014502 50
642586853 553.8305671366529 726.8068430287931 23.7617231 90.4045093 50
642586855 147.6392235737311 1213.840415333119 23.7661205 90.40052439999999 50
642586856 345.4089153563837 1182.906573348228 23.7658412 90.4024646 50
642586857 395.1112665102192 1472.752131796732 23.7684582 90.4029522 50
642586860 835.8985452318891 1172.927557369477 23.7657511 90.40727649999999 50
642586862 902.5828728068745 1229.733742668535 23.766264 90.40793069999999 50
1551032372 5.901899367150179 183.5762373434329 23.7568183 90.3991339 50
1760524530 195.2621490453291 198.7718088448019 23.7569555 90.4009916 50
1760524532 28.2353389476965 217.644442837644 23.7571259 90.399353 50
1989815339 681.470608395911 1118.447224850575 23.7652592 90.4057615 50
1989815340 699.7369359745378 1221.991975555681 23.7661941 90.4059407 50
1989815341 709.9403923950822 1254.166272356421 23.7664846 90.4060408 50
1989815342 680.8692058695746 1168.087568487573 23.7657074 90.40575560000001 50
1989815343 706.0975321842925 1241.385157551583 23.7663692 90.40600310000001 50
1989815344 714.6089069194475 1264.78766672219 23.7665805 90.40608659999999 50
1989815345 689.2072951308855 1192.232135450414 23.7659254 90.4058374 50
3120389363 952.4585094384444 1295.411395003648 23.766857 90.40842000000001 50
3120389364 1011.650788592868 1348.429762916471 23.7673357 90.40900070000001 50
3220523976 980.9282934363188 1259.128091622282 23.7665294 90.40869929999999 50
3311208168 950.1446387008418 846.831922008247 23.7628068 90.4083973 50
3311208216 966.5252125943584 850.0991913910701 23.7628363 90.408558 50
3311208217 1033.790556172397 866.2694059626887 23.7629823 90.4092179 50
3311208232 880.5246513347439 947.5967248653028 23.7637166 90.40771429999999 50
3514754401 276.5941957792814 84.02973832419002 23.7559195 90.40178950000001 50
3876154061 435.2217570366756 1755.431848582118 23.7710105 90.4033457 50
3976386218 559.0495178739593 997.3810498642952 23.7641661 90.4045605 50
3976386251 478.5635119820532 1011.502298890903 23.7642936 90.4037709 50
3976386286 588.1920572413328 1056.623842838626 23.764701 90.4048464 50
3976386305 481.1016345081921 1072.362113322149 23.7648431 90.4037958 50
3976386345 481.2545334548624 1161.674860105884 23.7656495 90.40379729999999 50
3984027600 657.8120446061339 876.5806866243192 23.7630754 90.40552940000001 50
3984027601 742.966565024999 983.4037822003861 23.7640399 90.40636480000001 50
3984027606 729.3585587090959 1061.641039551516 23.7647463 90.4062313 50
3984027607 708.8191334472137 1095.609565641215 23.765053 90.4060298 50
4316690502 145.9063688352911 56.70650589419483 23.7556728 90.4005074 50
4316690504 188.0045456788359 15.43923226928382 23.7553002 90.4009204 50
4316690506 269.3671722003067 18.26348207411183 23.7553257 90.4017186 50
4395831845 434.5693881943503 1748.011270662596 23.7709435 90.4033393 50
4676042678 1041.170478696745 1314.583067210729 23.7670301 90.40929029999999 50
4676167518 351.2088820928526 126.0833716998739 23.7562992 90.40252150000001 50
4734357989 743.3946820761945 987.9668838467916 23.7640811 90.406369 50
4734357993 731.3768248149995 953.7879234581702 23.7637725 90.40625110000001 50
4734366931 837.4173414408408 789.3279808751413 23.7622876 90.40729140000001 50
4824769139 665.7220168162493 732.2338328506854 23.7617721 90.405607 50
4879751644 895.4272020697656 1544.122585699336 23.7691026 90.4078605 50
4879751645 967.2489342785497 1579.26511366866 23.7694199 90.4085651 50
4879751650 765.0043999712526 1399.476693711463 23.7677966 90.406581 50
4879751651 862.7985667035259 1540.722410443713 23.7690719 90.4075404 50
4879760276 619.2815098701503 725.234123529008 23.7617089 90.40515139999999 50
4879760279 634.0617414499108 660.7526240533183 23.7611267 90.4052964 50
4879760280 735.0871726036987 686.7467977510903 23.7613614 90.4062875 50
4879760283 826.9182803898946 720.0618699642248 23.7616622 90.4071884 50
4879760284 811.4958732320439 737.8712569718522 23.761823 90.4070371 50
4879760285 791.5374639693246 764.7846962924924 23.762066 90.4068413 50
4879760286 777.0528370238566 781.81879903995 23.7622198 90.40669920000001 50
4901026916 283.4236820932823 163.4409975549449 23.7566365 90.40185649999999 50
4932009080 227.4524740948413 199.724300936311 23.7569641 90.40130739999999 50
4932009081 259.5612530421427 202.9472683612989 23.7569932 90.40162239999999 50
4932009082 263.526432412084 189.3133408694639 23.7568701 90.4016613 50
4932009083 264.6171115698402 177.8391338174029 23.7567665 90.401672 50
4950789438 1046.552521644957 869.514524366066 23.7630116 90.4093431 50
4950789514 1074.186458063723 1054.36444299434 23.7646806 90.40961419999999 50
4952256609 0 220.446541664084 23.7571512 90.39907599999999 50
4952256610 79.68073810291037 6.678520127640013 23.7552211 90.3998577 50
4954044073 673.8460475545561 1143.16771726421 23.7654824 90.4056867 50
4970940860 128.9651654684888 38.89711888692 23.755512 90.4003412 50
4970940861 110.505165890141 23.5354150437588 23.7553733 90.40016009999999 50
4970940862 155.2026248361585 68.25824137273094 23.7557771 90.4005986 50
4970940863 172.2967271522248 98.30604420268992 23.7560484 90.4007663 50
4970940864 230.2556214651605 100.0670470226569 23.7560643 90.40133489999999 50
4970940865 262.1095688325167 92.32527990909693 23.7559944 90.4016474 50
4970940866 201.82661051904 109.315080699073 23.7561478 90.401056 50
4970940867 190.2062905189284 113.2579549368488 23.7561834 90.400942 50
4973279640 831.0363587039125 807.9680295899674 23.7624559 90.4072288 50
5035489885 704.2219717634175 1709.878360545947 23.7705992 90.4059847 50
5269913075 526.0641182957963 395.040557078461 23.7587276 90.4042369 50
5744756947 676.5676488148838 1130.530583821718 23.7653683 90.4057134 50
5744756948 674.3862905006681 1136.577801051887 23.7654229 90.405692 50
5749875969 278.6634281985805 18.35208598978102 23.7553265 90.4018098 50
6279806500 934.5081730160966 1384.491556508664 23.7676613 90.4082439 50
6279806501 982.3859300676398 1322.490966665376 23.7671015 90.4087136 50
6279806502 750.6828652340967 1351.420145063092 23.7673627 90.4064405 50
6281919800 818.7025102851417 717.1047142855401 23.7616355 90.40710780000001 50
6281919801 822.1682197594279 725.3116519551306 23.7617096 90.40714180000001 50
6281919802 284.014891357977 333.0953446822029 23.7581683 90.4018623 50
6281919803 534.9220639799361 597.6666362457227 23.7605571 90.4043238 50
6281919804 524.5860951360048 585.32854101747 23.7604457 90.40422239999999 50
6333909834 328.131334303535 1185.608992769803 23.7658656 90.4022951 50
6333909835 329.7928361975154 1147.398554227384 23.7655206 90.4023114 50
6333909836 220.4293157811195 1162.904239433243 23.7656606 90.40123850000001 50
6333909837 196.1285764145491 1055.471991938094 23.7646906 90.4010001 50
6333909838 201.7654509401125 1058.495600553003 23.7647179 90.4010554 50
6333909839 205.2413536773372 1066.691462733046 23.7647919 90.4010895 50
6333909840 226.5248871479906 1201.502320105219 23.7660091 90.40129829999999 50
6444050109 1040.008446697123 1310.507287099449 23.7669933 90.4092789 50
6444050110 1038.377524591958 1307.450452016252 23.7669657 90.4092629 50
6444050111 1027.297447539255 1296.773680203454 23.7668693 90.4091542 50
6444050112 985.3317831203941 1259.183469069664 23.7665299 90.4087425 50
6444050113 983.0790719630157 1258.640770087862 23.766525 90.40872040000001 50
6503024195 479.0120155604225 1022.167995214154 23.7643899 90.40377530000001 50
6503024196 399.3618572476242 1025.457415575718 23.7644196 90.4029939 50
6548180539 694.2223806055326 1644.843086598557 23.770012 90.4058866 50
6548200449 214.5376096756109 1645.862031626289 23.7700212 90.4011807 50
6782393666 1044.116331748202 872.0618869357485 23.7630346 90.4093192 50
6782393667 1033.688623539122 926.0327469400798 23.7635219 90.4092169 50
6782393668 1034.269639539581 929.0231290870526 23.7635489 90.40922260000001 50
6782393669 1033.790556172397 927.151371373028 23.763532 90.4092179 50
6782393670 1042.128645433708 875.1630239767794 23.7630626 90.40929970000001 50
6782393671 1041.313184380477 877.5331787151232 23.763084 90.4092917 50
6782393672 1043.331450487677 873.1583603892509 23.7630445 90.4093115 50
6782393673 1037.215492591039 900.1050261788837 23.7632878 90.4092515 50
6782393674 1033.759976382285 923.8619510114638 23.7635023 90.40921760000001 50
6782393675 1034.891428591794 930.0088476468489 23.7635578 90.4092287 50
6782393676 1055.186215537967 958.2845721676475 23.7638131 90.4094278 50
6782589403 541.2520803995785 579.8240227698074 23.760396 90.40438589999999 50
6782589404 548.9072210310457 568.4051931651276 23.7602929 90.404461 50
6782589405 551.0070332404568 561.5494652061486 23.760231 90.4044816 50
6782589406 550.7725881889824 556.5101175141651 23.7601855 90.40447930000001 50
6787271296 644.6015755539078 1062.693211047888 23.7647558 90.4053998 50
6787271297 657.6387591309931 1129.72207309326 23.765361 90.40552769999999 50
6787271298 634.7548833452867 1032.512502344425 23.7644833 90.40530320000001 50
6787271299 617.3447898703478 868.4291264017579 23.7630018 90.4051324 50
7030359372 1083.411361221428 1543.635264164211 23.7690982 90.40970470000001 50
7030359373 1087.519246273804 1573.539085632176 23.7693682 90.409745 50
7030359374 1042.403863538233 1587.948297383477 23.7694983 90.4093024 50
7030359375 1012.873980171418 1588.225184619679 23.7695008 90.40901270000001 50
7030359376 968.2071010155125 1593.153777417252 23.7695453 90.4085745 50
7283153510 635.5805376601593 658.9805457438055 23.7611107 90.40531129999999 50
7283153511 638.3123321847222 657.8065438641803 23.7611001 90.40533809999999 50
8635191195 1068.498617220874 976.3265444529383 23.763976 90.40955839999999 50
8635191196 1078.375889222201 990.3259630955886 23.7641024 90.4096553 50
8635191197 1079.272896378939 1014.448379080041 23.7643202 90.4096641 50
8635191198 1072.983653012348 1042.447216364989 23.764573 90.4096024 50
8635191199 1044.238650907354 1087.72381716531 23.7649818 90.4093204 50
8635191200 1037.643609644828 1090.991086548133 23.7650113 90.4092557 50
8635191201 1038.245012171164 1115.711578960711 23.7652345 90.40926159999999 50
8635191203 1050.099777221454 1056.889654585282 23.7647034 90.4093779 50
