3876154061 4395831845
4395831845 368405733
368405733 259434544
259434544 642586857
642586857 368405734
368405734 411359929
411359929 642586856
364769412 5035489885
5035489885 6548180539
6548180539 399450908
399450908 318321811
318321811 364972147
364972147 318321817
364769765 368405734
368405734 318321817
6548200449 368405733
368405733 399450908
399450908 4879751651
4879751651 4879751644
4879751644 4879751645
4879751645 7030359376
7030359376 364971904
4879751650 364972147
364972147 642586857
642586857 364972148
364972148 364972028
642586855 6333909840
6333909840 6333909834
6333909834 642586856
642586856 3976386345
3976386345 364972265
364972265 318321828
364972372 364972373
642586849 317358935
386845552 642586850
642586850 642586852
642586852 386845553
364972373 386845675
386845675 642586853
642586853 386845677
386845677 4879760276
4879760276 386845678
386845678 4824769139
4824769139 386845679
386845679 386845680
386845680 4879760286
4879760286 386846417
386846417 386845683
386845683 386845684
386845684 3311208232
3311208232 386845686
386845686 386845687
386845687 386845688
386845688 386845689
386845689 642586860
642586860 386845691
386845691 386845692
386845692 386845693
386845693 1989815344
1989815344 386845695
386845695 386845696
386845696 318321817
386846417 386846418
386846419 6281919803
6281919803 642586853
642586853 386846420
1551032372 386914948
386914948 4970940867
4970940867 4970940866
4970940866 4970940864
4970940864 4970940865
4970940865 386914949
386914949 3514754401
642586848 386915002
642586850 386915091
642586849 386915099
386915099 6281919802
6281919802 386915100
386915100 386915101
386915101 386915091
386915091 386915102
386845646 386845649
386845649 6281919804
6281919804 386846419
318321884 386846447
386846447 386846445
1760524530 1760524532
1760524532 4952256609
6279806502 1989815344
1989815344 1989815341
1989815341 1989815343
1989815343 1989815340
1989815340 1989815345
1989815345 1989815342
1989815342 4954044073
4954044073 5744756948
5744756948 5744756947
5744756947 1989815339
3120389363 6279806501
6279806501 3120389364
386846250 3220523976
3220523976 6444050113
6444050113 6444050112
6444050112 6444050111
6444050111 6444050110
6444050110 6444050109
6444050109 4676042678
4950789438 3311208217
3311208217 3311208216
3311208216 3311208168
3976386305 3976386286
3976386345 3976386305
3976386305 6503024195
6503024195 3976386251
3976386251 3976386218
4316690502 4316690504
4316690504 4316690506
4316690506 5749875969
386846417 4973279640
4973279640 4734366931
4879760283 6281919801
6281919801 4879760284
4879760284 4879760285
4879760285 4879760286
4901026916 4676167518
1760524530 4932009080
4932009080 4932009081
4932009081 4932009082
4932009082 4932009083
4932009083 4901026916
386846248 642586860
642586860 642586862
642586862 386846250
4734366931 3311208168
4879760279 7283153510
7283153510 7283153511
7283153511 4879760280
4879760280 6281919800
6281919800 4879760283
4879760276 4879760279
318321884 318321888
318321888 364972373
364972373 386845649
386845649 642586852
642586852 399450925
399450925 642586849
642586849 318321892
318321892 642586848
642586848 318321895
318321895 1760524530
1760524530 642586847
642586847 318321899
318321899 399450929
399450929 318321900
318321900 386914948
386914948 4970940863
4970940863 318321901
318321901 4970940862
4970940862 4316690502
4316690502 318321902
318321902 4970940860
4970940860 318321903
318321903 4970940861
4970940861 399450931
399450931 4952256610
4952256610 318917540
318321817 318321822
318321822 318321828
318321828 318321834
318321834 6787271297
6787271297 1989815339
1989815339 318321839
318321839 3984027607
3984027607 386846248
386846248 3984027606
3984027606 318321849
318321849 399450916
399450916 318321853
318321853 4734357989
4734357989 3984027601
3984027601 318321855
318321855 4734357993
4734357993 318321859
318321859 386846418
386846418 318321863
318321863 318321866
318321866 3984027600
3984027600 318321869
318321869 6787271299
6787271299 318321873
318321873 386846420
386846420 399450919
399450919 318321880
318321880 318321884
6279806501 6279806500
6333909836 6333909835
6333909840 6333909836
6333909836 6333909839
6333909839 6333909838
6333909838 6333909837
6333909837 317358932
6503024195 6503024196
386846392 8635191201
8635191201 8635191200
8635191200 8635191199
8635191199 8635191203
8635191203 4950789514
4950789514 8635191198
8635191198 8635191197
8635191197 8635191196
8635191196 8635191195
8635191195 6782393676
6782393676 6782393675
6782393675 6782393668
6782393668 6782393669
6782393669 6782393667
6782393667 6782393674
6782393674 6782393673
6782393673 6782393671
6782393671 6782393670
6782393670 6782393672
6782393672 6782393666
6782393666 4950789438
5269913075 6782589406
6782589406 6782589405
6782589405 6782589404
6782589404 6782589403
6782589403 386846419
6787271297 6787271296
6787271299 6787271298
7030359376 7030359375
7030359375 7030359374
7030359374 7030359373
7030359373 7030359372
