436836942 337.9969903717708 244.7960232288961 37.5725491 126.9915422 50
436836943 333.2973118771418 274.8627817944874 37.57282 126.991489 50
436836944 305.116908875501 384.7413014702152 37.57381 126.99117 50
436836945 287.0602493959004 460.945939458844 37.5744966 126.9909656 50
436836946 264.4805910672668 556.7733272243509 37.57536 126.99071 50
436836947 242.3956357341638 650.0035863430219 37.5762 126.99046 50
436836948 229.1446625347516 701.0582520500585 37.57666 126.99031 50
436836949 219.8689812949382 752.7455516594875 37.5771257 126.990205 50
436849195 212.2717566624367 782.6347287794251 37.577395 126.990119 50
436852118 0 249.857094438151 37.5725947 126.9877161 50
436880039 263.1908296744218 246.0390933498853 37.5725603 126.9906954 50
436880040 79.69135281726869 243.7860287542245 37.57254 126.9886182 50
1326151571 152.2360140901012 0 37.5703435 126.9894394 50
1326151616 122.3683205014537 164.7844829921343 37.5718282 126.9891013 50
1945254981 396.9991570343409 17.1921037348572 37.5704984 126.9922101 50
1949249839 132.5715698632254 123.74097129875 37.5714584 126.9892168 50
1949249840 24.1344391865008 338.3592475579033 37.5733921 126.9879893 50
1949263630 118.1280090768325 277.0270556662624 37.5728395 126.9890533 50
1949263631 284.5602324521896 365.2739354587256 37.5736346 126.9909373 50
1949263633 266.2915574014704 430.390831916116 37.5742213 126.9907305 50
1949263638 208.3318006306084 654.0657619184437 37.5762366 126.9900744 50
1949263639 213.7558656602674 634.609494747793 37.5760613 126.9901358 50
1949263640 234.0740245666323 552.1340119486122 37.5753182 126.9903658 50
1949263642 222.6958555772697 592.7224711866701 37.5756839 126.990237 50
1949263644 222.0863108119894 741.5024263628609 37.5770244 126.9902301 50
1949263646 258.4558152497746 485.6519581245364 37.5747192 126.9906418 50
1949263655 289.7722819107299 343.0984523969547 37.5734348 126.9909963 50
1949263656 198.5790843569019 739.3159548108204 37.5770047 126.989964 50
1949263660 263.6766986902575 448.8482034543459 37.5743876 126.9907009 50
1949263662 288.1733311431495 455.6073972406225 37.5744485 126.9909782 50
1949263666 78.3044176230548 256.8715615524227 37.5726579 126.9886025 50
1949263667 309.8695912617857 245.362064086962 37.5725542 126.9912238 50
1949263668 299.463160310838 296.6609042832731 37.5730164 126.991106 50
1949263669 108.2427830694911 274.8183864332505 37.5728196 126.9889414 50
2419011994 225.9555949860289 581.0797876367924 37.575579 126.9902739 50
2419011995 256.6713508613989 589.7257842865833 37.5756569 126.9906216 50
2420018430 146.6087674712661 31.52070665404472 37.5706275 126.9893757 50
2420018436 238.7206991651099 36.39309757751289 37.5706714 126.9904184 50
2420018440 354.9317341199318 46.2932631884259 37.5707606 126.9917339 50
2420018442 357.9352880433637 46.7261179634869 37.5707645 126.9917679 50
2420018475 347.1843317899101 95.86068428661099 37.5712072 126.9916462 50
2420018547 199.8600117678043 246.7050237719699 37.5725663 126.9899785 50
2420018555 228.1022526430435 263.7084472203345 37.5727195 126.9902982 50
2420018560 264.2155716022446 282.4765862886353 37.5728886 126.990707 50
2420018562 301.9808452161864 284.2634995888369 37.5729047 126.9911345 50
2420018563 292.1044531930353 291.5776353930467 37.5729706 126.9910227 50
2471407647 111.6085302638096 187.0043614151422 37.5720284 126.9889795 50
2523185898 459.632090354004 53.94036420438391 37.5708295 126.9929191 50
2523185900 138.640515588183 83.77404712224569 37.5710983 126.9892855 50
2523185901 312.881979169408 91.23246785171111 37.5711655 126.9912579 50
2523185902 334.3220538027169 93.9849802632294 37.5711903 126.9915006 50
2523185903 242.342631842508 97.43671961934859 37.5712214 126.9904594 50
2523185904 265.1608076880882 107.0816119015604 37.5713083 126.9907177 50
2523185905 331.5570173984793 108.4578681083786 37.5713207 126.9914693 50
2523185906 292.1397891230536 110.5222524168408 37.5713393 126.9910231 50
2523185908 432.5382671537844 122.2315290089269 37.5714448 126.9926124 50
2523185909 261.9275702296524 129.6344555363166 37.5715115 126.9906811 50
2523185910 129.7888654928548 135.1838757220022 37.5715615 126.9891853 50
2523185911 280.3817589034147 136.0051899094752 37.5715689 126.99089 50
2523185913 209.612728039263 142.8087790569888 37.5716302 126.9900889 50
2523185914 286.6008823258926 155.2838756337661 37.5717426 126.9909604 50
2523185915 298.3589125455315 167.6812803289083 37.5718543 126.9910935 50
2523185916 327.1135243824344 176.7379340720828 37.5719359 126.991419 50
2523185917 404.870235116055 182.1430693325127 37.5719846 126.9922992 50
2523185918 355.9653100296973 182.3650461401096 37.5719866 126.9917456 50
2523185920 380.6651240717653 197.992213382362 37.5721274 126.9920252 50
2523185921 158.4993074222923 245.6950292980043 37.5725572 126.9895103 50
2523185923 160.8138107407123 277.8594686945741 37.572847 126.9895365 50
2523185924 357.1490636347352 285.4510755084565 37.5729154 126.991759 50
2523185925 365.8417020528483 321.9551614894149 37.5732443 126.9918574 50
2523185926 340.9475404057946 399.7802301727242 37.5739455 126.9915756 50
2523185927 320.3378600885796 426.4840401053763 37.5741861 126.9913423 50
2523185928 327.8025749919417 485.8628360920005 37.5747211 126.9914268 50
2523185929 315.3554941650432 539.5812234887876 37.5752051 126.9912859 50
2523185930 296.6804559382197 571.2573139089267 37.5754905 126.9910745 50
2523185931 291.229888960485 592.0676396054241 37.575678 126.9910128 50
2523185932 294.6044701367462 663.5441715951345 37.576322 126.991051 50
2523185935 248.2702338518881 736.5412447176245 37.5769797 126.9905265 50
2523185936 280.7792880998241 765.4648227248333 37.5772403 126.9908945 50
2523185938 268.2350334715567 789.9599634244737 37.577461 126.9907525 50
3112732264 62.81844694495391 245.0512965568912 37.5725514 126.9884272 50
3514085494 95.89287604845697 141.8320811041274 37.5716214 126.9888016 50
3514085496 325.7884270640666 43.80712294574141 37.5707382 126.991404 50
3514138893 83.59597292132659 164.3183316966751 37.571824 126.9886624 50
3514138993 65.41563769228139 177.6480389827357 37.5719441 126.9884566 50
3514139193 213.9767152133287 35.08343441360921 37.5706596 126.9901383 50
3514139393 252.6960588995522 37.58067349642641 37.5706821 126.9905766 50
3514139394 253.8179746309917 7.136554358555912 37.5704078 126.9905893 50
3824379475 288.367678750383 245.6173374156631 37.5725565 126.9909804 50
3824379476 296.0179072790358 245.7394246606533 37.5725576 126.991067 50
3824379506 252.4752093464909 501.9672534712569 37.5748662 126.9905741 50
3833429841 396.1422607679236 23.48514622567461 37.5705551 126.9922004 50
3833430094 335.3114598027691 261.9548304419431 37.5727037 126.9915118 50
4197546881 492.6358475997184 246.6384307297615 37.5725657 126.9932927 50
4197546882 295.9118994934764 423.2209810371619 37.5741567 126.9910658 50
4197546883 336.5482173017106 428.5706220955161 37.5742049 126.9915258 50
4197546885 389.163414882645 51.1767529520269 37.5708046 126.9921214 50
4197560771 386.5838921014505 247.3265588335236 37.5725719 126.9920922 50
4197560772 367.6173324615291 246.3387620398234 37.572563 126.9918775 50
4197560773 396.9903230523983 119.1793479060585 37.5714173 126.99221 50
4197560774 373.836455884007 111.7542236984033 37.5713504 126.9919479 50
4197560775 382.5644302298907 188.8356700765809 37.5720449 126.9920467 50
4197560776 381.0626532681748 196.0832128385822 37.5721102 126.9920297 50
4197560777 399.4108341563777 201.5882376637368 37.5721598 126.9922374 50
4197560778 407.0610626827827 247.1933727484006 37.5725707 126.992324 50
4197560781 419.1901201530032 151.1440081752969 37.5717053 126.9924613 50
4198108261 214.330074500025 631.9235753784831 37.5760371 126.9901423 50
4198116860 113.1456431555439 183.8300930686956 37.5719998 126.9889969 50
4198116861 140.6281615657347 194.5293751868161 37.5720962 126.989308 50
4198116862 208.7558317728457 201.0998886866001 37.5721554 126.9900792 50
4198116863 230.6641074626005 215.151020596821 37.572282 126.9903272 50
4198116864 235.7789831152765 246.3276631996906 37.5725629 126.9903851 50
4198116865 235.7524811716963 129.057315837412 37.5715063 126.9903848 50
4198116866 231.264818248186 129.401379887881 37.5715094 126.990334 50
4198116867 229.1976664286551 140.0451678046317 37.5716053 126.9903106 50
4198116868 207.3247266689186 92.8196020252874 37.5711798 126.990063 50
4198116869 205.4077525446601 111.8874097828202 37.5713516 126.9900413 50
4198116870 211.0968370393414 123.5633898530961 37.5714568 126.9901057 50
4198116871 210.1781028970779 116.0938702834979 37.5713895 126.9900953 50
4198116872 209.5243882198367 165.6501925401383 37.571836 126.9900879 50
4198116873 316.1152166300916 220.5228593361467 37.5723304 126.9912945 50
4198116874 247.0423103348892 184.9510759461067 37.5720099 126.9905126 50
4198116875 227.9874108777893 213.4307003388278 37.5722665 126.9902969 50
4198116876 259.6307348728698 145.6389833515543 37.5716557 126.9906551 50
4198116877 250.637741061964 146.515791741103 37.5716636 126.9905533 50
4198116878 246.7861248540574 158.9353941165107 37.5717755 126.9905097 50
4198116879 255.0724000938185 162.9642731708284 37.5718118 126.9906035 50
4198116880 279.2333412261472 201.5327434616611 37.5721593 126.990877 50
4198116881 296.062077188749 165.2617331277263 37.5718325 126.9910675 50
4198116882 289.5249304118408 179.7235221320367 37.5719628 126.9909935 50
4198116883 250.8850925653487 174.4293752743462 37.5719151 126.9905561 50
4198116884 283.9330197207762 191.5659848071277 37.5720695 126.9909302 50
4198116885 241.485735573843 193.2641073848554 37.5720848 126.9904497 50
4198116886 293.8712496197734 223.3419647905795 37.5723558 126.9910427 50
4198116887 299.1804728819305 212.4651012268051 37.5722578 126.9911028 50
4198116888 220.5845338480257 208.6803966603497 37.5722237 126.9902131 50
4198117489 226.9184990380056 176.9932074000778 37.5719382 126.9902848 50
4198117490 224.2064665231761 190.5448914930293 37.5720603 126.9902541 50
4198117491 229.5068558033905 191.4993917649192 37.5720689 126.9903141 50
4198117492 236.3090220453209 178.8911091037249 37.5719553 126.9903911 50
4198117493 250.1430380619378 78.36891186110969 37.5710496 126.9905477 50
4198117494 253.0140822562302 69.24566507572681 37.5709674 126.9905802 50
4198117495 266.4859050087038 72.65300906990299 37.5709981 126.9907327 50
4198117496 99.85933402611329 116.9040856308381 37.5713968 126.9888465 50
4198117497 40.26529055990039 181.8988948446504 37.5719824 126.9881719 50
4532820273 281.9983776348803 591.4461045445767 37.5756724 126.9909083 50
7174127144 224.9220190762635 261.7994466772607 37.5727023 126.9902622 50
7174127146 283.4294827410552 369.3139133531761 37.573671 126.9909245 50
7174127147 270.0725017560836 416.905740865373 37.5740998 126.9907733 50
7208991758 192.8811658825257 246.5385411671548 37.5725648 126.9898995 50
7295777589 214.4625842314122 255.4953053463105 37.5726455 126.9901438 50
7295777600 307.8554433361584 255.2844273795524 37.5726436 126.991201 50
7862172972 98.80809015246257 209.7791818567893 37.5722336 126.9888346 50
8486350194 9.19617540008187 249.1689663350949 37.5725885 126.9878202 50
8536100975 236.8743969008881 776.5303665751003 37.57734 126.9903975 50
