436836942 1949263667
1949263667 3824379476
3824379476 3824379475
3824379475 436880039
436880039 4198116864
4198116864 2420018547
2420018547 7208991758
7208991758 2523185921
2523185921 436880040
436880040 3112732264
3112732264 8486350194
8486350194 436852118
436836942 4197560772
4197560772 4197560771
4197560771 4197560778
4197560778 4197546881
436849195 436836949
436836949 1949263644
1949263644 436836948
436836948 436836947
436836947 2419011995
2419011995 436836946
436836946 436836945
436836945 1949263662
1949263662 4197546882
4197546882 436836944
436836944 436836943
436836943 3833430094
3833430094 436836942
436836942 2523185918
2523185918 4197560774
4197560774 4197546885
4197546885 3833429841
3833429841 1945254981
436880040 7862172972
7862172972 2471407647
2471407647 4198116860
4198116860 1326151616
1326151616 2523185910
2523185910 1949249839
1949249839 2523185900
2523185900 2420018430
2420018430 1326151571
1949249840 1949263666
1949263666 436880040
2420018442 2420018475
2420018475 2523185916
2523185916 4198116873
4198116873 1949263667
2420018547 7295777589
7295777589 7174127144
7174127144 2420018555
2420018555 2420018560
2420018560 2420018563
2420018430 3514139193
3514139193 2420018436
2420018436 3514139393
3514139393 3514085496
3514085496 2420018440
2420018440 2420018442
2420018442 4197546885
2523185938 2523185936
2523185936 2523185932
2523185932 2523185931
2523185931 2523185930
2523185930 2523185929
2523185929 2523185928
2523185928 4197546883
4197546883 2523185926
2523185926 2523185925
2523185925 4197560771
2523185901 2523185902
2523185902 2420018475
2523185909 2523185911
2523185911 2523185906
2523185906 2523185905
2523185905 2523185902
2523185900 4198116868
4198116868 2523185903
2523185903 2523185904
2523185904 2523185909
2523185909 4198116876
2523185910 2523185913
2523185923 1949263630
1949263630 1949263669
1949263669 1949263666
4198117496 3514085494
3514085494 3514138893
3514138893 3514138993
3514138993 4198117497
4197560771 4197560777
4197560777 2523185917
2523185917 4197560781
4197560781 2523185908
2523185908 2523185898
4197560772 2523185924
2523185924 2523185927
2523185927 4532820273
4532820273 2523185935
2523185935 8536100975
4197560774 4197560773
4197560773 4197560775
4197560775 4197560776
4197560776 2523185920
2523185920 4197560772
4197560776 4197560777
1949263656 1949263638
1949263638 1949263639
1949263639 4198108261
4198108261 1949263642
1949263642 2419011994
2419011994 1949263640
1949263640 3824379506
3824379506 1949263646
1949263646 1949263660
1949263660 1949263633
1949263633 7174127147
7174127147 7174127146
7174127146 1949263631
1949263631 1949263655
1949263655 1949263668
1949263668 2420018562
2420018562 7295777600
7295777600 1949263667
4198116860 4198116861
4198116861 4198116862
4198116862 4198116888
4198116888 4198116875
4198116875 4198116863
4198116863 4198116864
4198116876 2523185914
2523185914 4198116881
4198116881 2523185915
2523185915 2523185916
2523185916 2523185918
2523185903 4198116865
4198116865 4198116866
4198116866 4198116867
4198116867 2523185913
4198116868 4198116869
4198116869 4198116871
4198116871 4198116870
4198116872 2523185913
4198116873 4198116887
4198116887 4198116880
4198116880 4198116874
4198116875 4198116885
4198116885 4198116874
4198116874 4198116883
4198116883 4198116879
4198116879 4198116878
4198116878 4198116877
4198116877 4198116876
4198116880 4198116884
4198116884 4198116882
4198116879 4198116882
4198116883 4198116884
4198116885 4198116886
4198116886 4198116887
4198116888 4198117490
4198117490 4198117489
4198117490 4198117491
4198117491 4198117492
4198117492 4198116874
2523185903 4198117493
3514139393 4198117494
4198117494 4198117495
4198116882 4198116881
3514139394 3514139393
