26836121 970.7742357294999 58.0437586634884 -4.3292484 15.3140817 50
26836139 866.2861862301506 399.0522230688513 -4.3261646 15.3131404 50
26836511 767.3594362949672 732.0104195550584 -4.3231536 15.3122492 50
26836513 715.5538772791645 898.069311505835 -4.3216519 15.3117825 50
26836514 698.8033761963413 970.9198129488864 -4.3209931 15.3116316 50
26836517 649.7840171620212 1135.784434384105 -4.3195022 15.31119 50
26836518 634.8983829987978 1186.364002325907 -4.3190448 15.3110559 50
26836519 623.2984667418552 1236.047867381194 -4.3185955 15.3109514 50
26836520 603.339950540818 1304.961699347371 -4.3179723 15.3107716 50
26836521 585.4461084292996 1364.321367189964 -4.3174355 15.3106104 50
26836522 572.2366344145562 1408.796885830513 -4.3170333 15.3104914 50
26853698 183.2453756651295 506.28223407273 -4.3251949 15.3069871 50
26853700 172.3336841044579 561.4177228698489 -4.3246963 15.3068888 50
26853747 78.36881222403531 780.5663624568261 -4.3227145 15.3060423 50
26853753 0 1000.455892085971 -4.320726 15.3053363 50
26853849 232.875256607654 700.5612959813095 -4.323438 15.3074342 50
26853851 450.6317706871788 763.2273238620668 -4.3228713 15.3093959 50
26909828 330.0481436059379 369.2839246649383 -4.3264338 15.3083096 50
26909829 423.4801963669289 395.5578760051014 -4.3261962 15.3091513 50
26909855 877.8195000967671 888.8358311316518 -4.3217354 15.3132443 50
26909856 929.6250591125698 724.9774931863166 -4.3232172 15.313711 50
26909857 911.9088233744308 782.2140134457746 -4.3226996 15.3135514 50
26909860 545.4624736376047 430.2359531947082 -4.3258826 15.3102502 50
26909861 661.861250547222 462.724534439404 -4.3255888 15.3112988 50
26909863 1117.488200483795 591.6062275661769 -4.3244233 15.3154034 50
26909864 1256.731597160892 630.5416579823219 -4.3240712 15.3166578 50
26909866 1370.666085640799 662.6984974170869 -4.3237804 15.3176842 50
26909869 1670.343539410885 747.0493816017138 -4.3230176 15.3203839 50
26909872 2052.163940837639 853.2620510553546 -4.3220571 15.3238236 50
26927849 1016.707684027458 929.1977513300953 -4.3213704 15.3144955 50
26927850 1158.814983474105 971.3289611810349 -4.3209894 15.3157757 50
26927851 1274.636539670504 1003.861774667061 -4.3206952 15.3168191 50
26927869 2549.39518372286 1364.100205983402 -4.3174375 15.328303 50
26927870 2599.946397726915 1356.84611840801 -4.3175031 15.3287584 50
26927871 2670.578232313506 1335.105971802456 -4.3176997 15.3293947 50
27038093 656.6440633313684 1673.040295436484 -4.3146437 15.3112518 50
27038094 668.1107748080117 1619.729386593634 -4.3151258 15.3113551 50
27038096 715.0876605493528 1448.517438529892 -4.3166741 15.3117783 50
27038097 728.6856485061943 1406.695854368088 -4.3170523 15.3119008 50
27038099 747.4453216870099 1340.756640630229 -4.3176486 15.3120698 50
27038100 764.4289311350919 1277.416071069521 -4.3182214 15.3122228 50
27038168 779.0148545434363 1228.616850840569 -4.3186627 15.3123542 50
27038169 794.3556050383779 1179.662817767007 -4.3191054 15.3124924 50
27038174 828.9000446477596 1059.284773032692 -4.320194 15.3128036 50
27038175 839.9893425814574 1011.149036423428 -4.3206293 15.3129035 50
27038352 963.8586875686262 605.2076417700914 -4.3243003 15.3140194 50
27038355 1011.612601192751 438.4852661996289 -4.325808 15.3144496 50
27038424 1030.316772382394 1412.888368152087 -4.3169963 15.3146181 50
27038646 1044.913796188831 1357.266324700513 -4.3174993 15.3147496 50
27038647 1059.9437355308 1305.359789519252 -4.3179687 15.314885 50
27038648 1073.763731454101 1260.231845319283 -4.3183768 15.3150095 50
27038649 946.5309657722322 1160.97469581208 -4.3192744 15.3138633 50
27038651 1108.452476241523 1144.2217344147 -4.3194259 15.315322 50
27038652 1123.493515981585 1089.362697125739 -4.319922 15.3154575 50
27038653 1091.54656958186 1206.644484968098 -4.3188614 15.3151697 50
27038669 1177.463652671867 911.4937967444295 -4.3215305 15.3159437 50
27038670 1190.884034255329 862.0642670767683 -4.3219775 15.3160646 50
27038672 1207.701137728478 804.2416696198418 -4.3225004 15.3162161 50
27038676 1240.769224359299 685.3564630298646 -4.3235755 15.316514 50
27038678 1274.69204166203 574.0017955234375 -4.3245825 15.3168196 50
27038680 1290.643314065176 520.513957715267 -4.3250662 15.3169633 50
27038684 1306.27267491655 468.5742483531183 -4.3255359 15.3171041 50
27038699 1323.234083568092 414.5887978302272 -4.3260241 15.3172569 50
27038723 1341.105724882718 347.8534037486061 -4.3266276 15.3174179 50
27038725 1351.973014849603 310.0348374256255 -4.3269696 15.3175158 50
27038872 1143.352128597663 1019.707975117571 -4.3205519 15.3156364 50
27040935 783.3218090962066 1713.722899384504 -4.3142758 15.312393 50
27040936 801.2156512077249 1655.999824470505 -4.3147978 15.3125542 50
27040937 819.298200090363 1594.881925035857 -4.3153505 15.3127171 50
27040938 849.0361672218232 1489.520726227313 -4.3163033 15.312985 50
27040939 862.5231511956117 1444.425956208408 -4.3167111 15.3131065 50
27040940 882.1708562433236 1372.836073642689 -4.3173585 15.3132835 50
27040941 900.1868027359885 1315.312043814806 -4.3178787 15.3134458 50
27040942 908.8118122399757 1290.91796273042 -4.3180993 15.3135235 50
27040943 929.3586495526774 1215.933255643879 -4.3187774 15.3137086 50
27040976 964.1916995184916 1101.946769779416 -4.3198082 15.3140224 50
27040977 979.4991488180937 1052.52829817211 -4.3202551 15.3141603 50
27040979 999.6130705959703 985.0520140484969 -4.3208653 15.3143415 50
27040980 1035.63386318356 867.6264714218815 -4.3219272 15.314666 50
27040982 1051.241023238394 819.1479349424193 -4.3223656 15.3148066 50
27040983 1067.791717151651 763.8244591197138 -4.3228659 15.3149557 50
27040985 1102.602566320925 643.9440271002954 -4.32395 15.3152693 50
27071002 313.6750560664134 1239.542214444942 -4.3185639 15.3081621 50
27071004 1142.908112664039 1451.337243913601 -4.3166486 15.3156324 50
27071008 384.7842077812629 982.9178084050945 -4.3208846 15.3088027 50
27071009 267.1976882502235 936.2196196386585 -4.3213069 15.3077434 50
27071010 176.5518354707151 898.0914276264559 -4.3216517 15.3069268 50
27122286 1106.565408525383 1563.244814436345 -4.3156366 15.315305 50
27122349 1039.396898218099 1786.860910396156 -4.3136144 15.3146999 50
27122363 914.4952161859941 1265.440191733933 -4.3183297 15.3135747 50
27122377 868.9724826263206 1254.503770069204 -4.3184286 15.3131646 50
27122442 288.0331359193576 1331.18036038585 -4.3177352 15.3079311 50
27125620 301.4313167062799 1287.534196269952 -4.3181299 15.3080518 50
27125624 337.2634025220435 1150.248377293646 -4.3193714 15.3083746 50
27125631 135.3804580572451 1039.745180432492 -4.3203707 15.3065559 50
27125632 230.0113538381048 1067.711015002845 -4.3201178 15.3074084 50
27125633 350.9279928688582 1109.643179767932 -4.3197386 15.3084977 50
27125635 156.2825081167053 970.7760581646299 -4.3209944 15.3067442 50
27125636 246.1513330127235 1010.662481768886 -4.3206337 15.3075538 50
27125637 166.916689718685 931.7189890849373 -4.3213476 15.30684 50
27125639 256.8854181996628 970.9529871298619 -4.3209928 15.3076505 50
27125640 374.4164357395288 1024.507173300072 -4.3205085 15.3087093 50
27125643 362.4835075323676 1063.155094147528 -4.320159 15.3086018 50
27153572 609.5783744035141 208.9752240849496 -4.3278835 15.3108278 50
27153574 578.208648717007 316.6254413814192 -4.32691 15.3105452 50
27153632 483.8885640898257 650.9990695897462 -4.3238862 15.3096955 50
27153641 267.3974954201428 583.9319336982821 -4.3244927 15.3077452 50
27153657 281.1952905469036 530.9195924842111 -4.3249721 15.3078695 50
27153662 298.6118155298107 469.7795769289427 -4.325525 15.3080264 50
27153670 515.1139845979402 532.998507826017 -4.3249533 15.3099768 50
27153674 498.6076922781164 591.9932596777044 -4.3244198 15.3098281 50
27153774 621.766611772121 167.7618332412335 -4.3282562 15.3109376 50
27153849 1355.380837137737 719.0724889710058 -4.3232706 15.3175465 50
27153872 1323.522693924878 831.7430656564503 -4.3222517 15.3172595 50
27153873 1308.037638251544 890.4503079396247 -4.3217208 15.31712 50
27153906 1175.254673403602 1338.799363952147 -4.3176663 15.3159238 50
27153907 1190.739729076936 1294.578180699135 -4.3180662 15.3160633 50
27153908 1226.016794976022 1179.430598500091 -4.3191075 15.3163811 50
27153909 1242.456484905873 1124.184529099691 -4.3196071 15.3165292 50
27154111 1813.771786258899 1277.183851802603 -4.3182235 15.321676 50
27154126 1930.314868346909 1307.549285464251 -4.3179489 15.3227259 50
27154129 2081.391289645855 1352.920506991403 -4.3175386 15.3240869 50
27154146 1159.714115739094 1391.679008442228 -4.3171881 15.3157838 50
27154151 1123.18270482826 1520.428004845099 -4.3160238 15.3154547 50
27154265 413.378833884734 885.872270963598 -4.3217622 15.3090603 50
27154267 433.7702656205965 819.9219991653863 -4.3223586 15.309244 50
27154278 200.5730974615235 818.9267737359452 -4.3223676 15.3071432 50
27154280 220.7203204340336 750.0239998300342 -4.3229907 15.3073247 50
27154283 311.6436831715279 779.7038337512871 -4.3227223 15.3081438 50
27154284 292.6953032188865 848.4849689935627 -4.3221003 15.3079731 50
27171661 2348.289267141552 1323.91521475019 -4.3178009 15.3264913 50
27301097 835.1273681120094 1542.687880285996 -4.3158225 15.3128597 50
435254525 205.7458830842971 693.9264597843617 -4.323498 15.3071898 50
435259019 2050.787491444391 1471.473971771537 -4.3164665 15.3238112 50
435274064 1896.669561002517 1431.322154719301 -4.3168296 15.3224228 50
435284243 1060.853968193884 266.7204151196584 -4.3273613 15.3148932 50
435286409 1780.492792059359 1400.636037308165 -4.3171071 15.3213762 50
435308796 811.7832304197315 1122.127729878682 -4.3196257 15.3126494 50
435329161 862.8339623489371 940.6981340715829 -4.3212664 15.3131093 50
435332241 556.196558824897 1464.14247777384 -4.3165328 15.3103469 50
435336464 184.1667087266594 614.4632382648955 -4.3242166 15.3069954 50
435340735 1292.263972221777 945.0328937202509 -4.3212272 15.3169779 50
435355895 393.0762053353847 499.1497851609737 -4.3252594 15.3088774 50
435401289 883.6583096196248 345.4095724160697 -4.3266497 15.3132969 50
435410669 1564.645546493221 717.2700251374464 -4.3232869 15.3194317 50
435431838 1442.818674799384 683.6314056186985 -4.3235911 15.3183342 50
435434315 1085.341446914504 702.496456538771 -4.3234205 15.3151138 50
435439935 1781.691635079228 778.6643760803403 -4.3227317 15.321387 50
435442949 899.0656625045394 289.9423418091077 -4.3271513 15.3134357 50
435443374 1437.945599931136 1175.549219324814 -4.3191426 15.3182903 50
435456427 979.0773336817151 552.4938681848878 -4.324777 15.3141565 50
435464168 518.1443933424221 973.1867153161908 -4.3209726 15.3100041 50
435470916 399.6254403514063 935.5229618379971 -4.3213132 15.3089364 50
435471755 2249.961938716126 1396.511380805704 -4.3171444 15.3256055 50
435472945 946.8972789170842 662.8754263823189 -4.3237788 15.3138666 50
435480615 898.066626654943 825.981816225396 -4.3223038 15.3134267 50
435490929 1260.472431398538 1058.002038034563 -4.3202056 15.3166915 50
435498441 834.3392398304256 511.0040258329253 -4.3251522 15.3128526 50
435499543 1366.847548614733 965.8883954995571 -4.3210386 15.3176498 50
435508645 639.5605502983267 1730.199409273637 -4.3141268 15.3110979 50
435515341 852.188680348511 451.6222418697104 -4.3256892 15.3130134 50
435529085 687.2922631259119 1556.952778109596 -4.3156935 15.3115279 50
435534805 1954.669142287583 1206.014175529388 -4.3188671 15.3229453 50
435538566 1042.405106166041 331.0672681701637 -4.3267794 15.314727 50
435545541 1070.289306776348 1678.901067410465 -4.3145907 15.3149782 50
435549175 1504.814399483541 463.2221471542124 -4.3255843 15.3188927 50
435560737 1026.797946111207 385.6609120112323 -4.3262857 15.3145864 50
435560992 1470.0479519077 1061.584849580972 -4.3201732 15.3185795 50
435567621 1349.209015665013 1027.71401079522 -4.3204795 15.3174909 50
435576008 1843.321046618887 1174.354948809344 -4.3191534 15.3219422 50
435584683 1206.757603870055 1239.486924143346 -4.3185644 15.3162076 50
435585280 1685.373478752501 1127.63464392211 -4.3195759 15.3205193 50
435586619 996.427256274649 491.9731040077995 -4.3253243 15.3143128 50
435593098 1403.134750761862 1295.772451214518 -4.3180554 15.3179767 50
435593099 375.8261863274103 556.5300602046882 -4.3247405 15.308722 50
435618667 1109.973230813164 105.1179214812732 -4.3288227 15.3153357 50
435680956 405.5530530607771 1363.04969025219 -4.317447 15.3089898 50
435690840 1055.492475799638 1731.526376513184 -4.3141148 15.3148449 50
435692121 819.6090112436884 561.7162904987165 -4.3246936 15.3127199 50
435697427 1095.576014176645 151.6060071015895 -4.3284023 15.315206 50
435711848 360.5631386208884 610.6039752103271 -4.3242515 15.3085845 50
435725364 161.2443861711132 853.560618684222 -4.3220544 15.3067889 50
435725848 434.9580082423718 1261.97901885107 -4.318361 15.3092547 50
435726662 2219.746654456408 1519.101037605727 -4.3160358 15.3253333 50
435732542 1490.872299178388 515.3166693609721 -4.3251132 15.3187671 50
435735000 1078.670107516983 204.9611481857702 -4.3279198 15.3150537 50
435744946 218.6667467422551 449.1562944165529 -4.3257115 15.3073062 50
435757491 501.0941815043671 1027.293804502805 -4.3204833 15.3098505 50
435758946 1943.213531209033 823.5048107117962 -4.3223262 15.3228421 50
435763270 2276.602894713132 1301.423120042291 -4.3180043 15.3258455 50
435765661 217.3568997393331 387.3306791208017 -4.3262706 15.3072944 50
435780603 2109.564100612594 1252.026764555693 -4.318451 15.3243407 50
435781551 1226.016794976022 741.984789971321 -4.3230634 15.3163811 50
435784455 315.6953285628523 413.5714562799892 -4.3260333 15.3081803 50
435794757 1382.032893532835 913.0861574316934 -4.3215161 15.3177866 50
435794945 532.2641000206019 479.8977021292859 -4.3254335 15.3101313 50
435796125 2761.568197440973 1304.574667235931 -4.3179758 15.3302144 50
435800025 1623.732966814396 1359.234659438863 -4.3174815 15.319964 50
435802574 2243.268398522065 904.5161606772842 -4.3215936 15.3255452 50
435802757 1335.788634081551 1081.235022784454 -4.3199955 15.31737 50
435803157 801.604165149117 618.8090559739179 -4.3241773 15.3125577 50
435808869 613.2859074461735 624.7140601892287 -4.3241239 15.3108612 50
435813985 745.7469607423429 177.0284877964801 -4.3281724 15.3120545 50
435821714 1655.746515604094 1234.278577728609 -4.3186115 15.3202524 50
435834961 2142.598886048428 878.2422093371212 -4.3218312 15.3246383 50
435842055 251.7015321787957 634.0802372874018 -4.3240392 15.3076038 50
435843604 470.8788972446486 1139.378303990869 -4.3194697 15.3095783 50
435850850 767.5703438633329 1765.651550686298 -4.3138062 15.3122511 50
435865023 936.0188885517523 160.3308167006098 -4.3283234 15.3137686 50
435871899 597.1570286700014 684.8256761340806 -4.3235803 15.3107159 50
435881225 950.6603139519763 111.9186285831865 -4.3287612 15.3139005 50
435886567 409.3826904852891 445.0095217933837 -4.325749 15.3090243 50
435889470 1397.651153986116 855.7058823879789 -4.322035 15.3179273 50
435891186 918.0029420590872 227.6080557381934 -4.327715 15.3136063 50
435891194 631.912375847396 568.7823910485217 -4.3246297 15.311029 50
435896935 456.3373754297372 1186.120724998724 -4.319047 15.3094473 50
435896959 648.1633590054209 512.7069671234701 -4.3251368 15.3111754 50
435898368 964.5358118668037 65.95027179821165 -4.3291769 15.3140255 50
435902256 468.6921187732769 700.8709216706194 -4.3234352 15.3095586 50
435903925 1389.858674356792 188.8384962270138 -4.3280656 15.3178571 50
435918072 344.3565570559434 661.4710527207293 -4.3237915 15.3084385 50
435920086 418.6293222959273 1319.70209376507 -4.317839 15.3091076 50
435930021 726.6875768062954 240.2805928745299 -4.3276004 15.3118828 50
435932554 701.1677610410923 1505.84242327201 -4.3161557 15.3116529 50
435934143 1259.040480013763 1364.83003796504 -4.3174309 15.3166786 50
435936098 710.469894843257 295.6925331798075 -4.3270993 15.3117367 50
435939791 563.7337292920687 796.1139952784687 -4.3225739 15.3104148 50
435940344 1243.899536689094 1418.550095040127 -4.3169451 15.3165422 50
435943116 1230.01293837582 1476.217879652354 -4.3164236 15.3164171 50
435945515 1339.007749597859 774.6613582416034 -4.3227679 15.317399 50
435949001 1212.807320960926 1542.72105446697 -4.3158222 15.3162621 50
435950813 1093.589042875192 1614.476807937654 -4.3151733 15.3151881 50
435958081 326.2851085713988 727.8968211130405 -4.3231908 15.3082757 50
435976456 115.1000303044358 720.9965914681128 -4.3232532 15.3063732 50
435987886 593.5493992119484 263.679448529387 -4.3273888 15.3106834 50
435987927 480.0478262672201 1104.678110680554 -4.3197835 15.3096609 50
435989647 561.9798663558751 369.2396924236963 -4.3264342 15.310399 50
435993053 279.7189375686959 893.7677260381425 -4.3216908 15.3078562 50
435997448 545.4735740360513 1508.772809259 -4.3161292 15.3102503 50
435999231 188.1406513295642 860.7594159580173 -4.3219893 15.3070312 50
435999827 695.1291443483155 350.6732091324034 -4.3266021 15.3115985 50
436005494 679.644088674981 403.1437053902482 -4.3261276 15.311459 50
436016620 530.6878434574345 921.8220250910681 -4.3214371 15.3101171 50
436018854 1429.220686842542 744.2074600972954 -4.3230433 15.3182117 50
436028262 549.7472273938351 848.4739109332082 -4.3221004 15.3102888 50
436029546 1024.511264054875 1839.497277559055 -4.3131384 15.3145658 50
436030378 2475.555334018055 1360.539510557614 -4.3174697 15.3276378 50
436034982 1413.602426388909 800.6920322544074 -4.3225325 15.318071 50
436035658 1198.054891577649 1591.387577972019 -4.3153821 15.3161292 50
436036007 2357.324991383471 1326.226349358825 -4.31778 15.3265727 50
436042437 1476.641588516802 568.9703780741082 -4.324628 15.3186389 50
436047068 491.8253488971889 1070.6745751709 -4.320091 15.309767 50
436058446 1460.446107350303 623.0885253209892 -4.3241386 15.318493 50
436067597 667.5668552901334 1082.241306274251 -4.3199864 15.3113502 50
436088268 1319.28234176208 1144.995798637667 -4.3194189 15.3172213 50
436088808 1185.011923537838 1641.911855612224 -4.3149252 15.3160117 50
436091427 731.904764022502 847.6003241672267 -4.3221083 15.3119298 50
436093978 1304.463309988477 1201.00487420068 -4.3189124 15.3170878 50
436096140 685.3052918244595 1019.564220333226 -4.3205532 15.31151 50
436099615 1287.779411295627 1262.58721216916 -4.3183555 15.3169375 50
436105470 1271.517327739156 1317.954920233195 -4.3178548 15.316791 50
2176341483 184.6218250580245 383.0512097736424 -4.3263093 15.3069995 50
2176341490 130.9513991226221 600.0767017776597 -4.3243467 15.306516 50
2176341572 144.5937886728966 553.2679324078548 -4.32477 15.3066389 50
2176341609 978.4779121716042 0 -4.3297733 15.3141511 50
2176341684 170.6020219648044 439.5136658102213 -4.3257987 15.3068732 50
2176341688 144.2607767230312 601.9012817318401 -4.3243302 15.3066359 50
2176341694 972.4836970726134 50.4136970370116 -4.3293174 15.3140971 50
2176341700 129.1531345929955 841.6842618915615 -4.3221618 15.3064998 50
2176341701 158.8133989363891 500.4656943400791 -4.3252475 15.306767 50
2176341712 978.8997273086889 22.42574634594913 -4.3295705 15.3141549 50
2176341740 150.0107830590226 498.5637079635932 -4.3252647 15.3066877 50
2176341745 54.98027293832433 851.326890497981 -4.3220746 15.3058316 50
2176341777 66.06957087202215 820.4859602421458 -4.3223535 15.3059315 50
2176341870 46.52176940962295 848.5844915364893 -4.3220994 15.3057554 50
3325473884 1369.300736645997 250.531414798951 -4.3275077 15.3176719 50
3325473894 1361.996674543378 541.4026336755487 -4.3248773 15.3176061 50
3325473895 1514.03883049764 432.4475652604161 -4.3258626 15.3189758 50
3663942106 2203.218161339691 1279.2406510237 -4.3182049 15.3251844 50
4219637587 977.5787799069674 29.77935646426739 -4.329504 15.314143 50
4269926238 1091.579870776847 1620.901540988395 -4.3151152 15.31517 50
4269926243 836.9256326419891 1547.851994459402 -4.3157758 15.3128759 50
4269926244 700.301929971089 1508.960796284588 -4.3161275 15.3116451 50
4269926247 554.9422138131487 1467.869044104506 -4.3164991 15.3103356 50
4269926248 1019.238574846789 1448.395799866257 -4.3166752 15.3145183 50
4269937764 2515.638872395062 1364.431947793245 -4.3174345 15.3279989 50
4269937765 2495.902364160484 1363.469896544691 -4.3174432 15.3278211 50
4269937774 2012.224707639024 1223.165227098737 -4.318712 15.3234638 50
4544020981 2236.064240004406 904.9695411507627 -4.3215895 15.3254803 50
4544020982 2227.372628110446 904.7373218838462 -4.3215916 15.325402 50
4545313334 718.5287840321199 1157.867380859856 -4.3193025 15.3118093 50
5556651646 1153.298085503019 484.1771714763573 -4.3253948 15.315726 50
5556651647 617.9702755425955 946.5810221662728 -4.3212132 15.3109034 50
5556746709 1497.321630609097 492.1168587921439 -4.325323 15.3188252 50
5556746711 1415.90020884404 736.4557598070952 -4.3231134 15.3180917 50
5556746713 763.18568652179 112.8364475904099 -4.3287529 15.3122116 50
5556746714 760.1552777773081 123.8392176170891 -4.3286534 15.3121843 50
5556746720 619.0359137821649 173.4235601294492 -4.328205 15.310913 50
5556809117 1296.060308451302 1233.327584540323 -4.3186201 15.3170121 50
5556809118 1028.007889529169 1121.375781776248 -4.3196325 15.3145973 50
5556863991 594.437431078492 1113.104352650706 -4.3197073 15.3106914 50
5556864006 707.5837912771678 1207.009400958917 -4.3188581 15.3117107 50
5556864007 541.144418686741 1160.56554757993 -4.3192781 15.3102113 50
5556864008 529.6777072093917 1084.563498943239 -4.3199654 15.310108 50
5559046252 2574.837296699644 1361.83330361601 -4.317458 15.3285322 50
5559046253 1762.166034413369 1150.513770741451 -4.319369 15.3212111 50
5559209137 2716.556082204545 1319.912196911278 -4.3178371 15.3298089 50
5635501625 70.33212383135935 894.5417902611096 -4.3216838 15.3059699 50
5635501626 44.16848496296541 885.5294710934884 -4.3217653 15.3057342 50
5635501629 198.0644074383798 382.7084099035329 -4.3263124 15.3071206 50
5635501680 8.758214283933398 1002.833375056556 -4.3207045 15.3054152 50
5635501682 28.69452968807764 936.1422132162651 -4.3213076 15.3055948 50
5637202962 294.2937605785938 1311.806638690701 -4.3179104 15.3079875 50
5811604195 184.0224035482667 440.0665688266263 -4.3257937 15.3069941 50
5811604197 152.1087583435282 555.9660991279287 -4.3247456 15.3067066 50
5811604198 92.41081611379536 783.5852129264765 -4.3226872 15.3061688 50
5811604199 89.91322648945129 828.3814153166024 -4.3222821 15.3061463 50
5811604201 39.76162682488246 939.9130117881735 -4.3212735 15.3056945 50
6138249628 979.6212531999464 13.38025299726453 -4.3296523 15.3141614 50
6150142268 133.3712859592526 724.4688224112416 -4.3232218 15.3065378 50
6152344570 620.068250827101 170.2167226341244 -4.328234 15.3109223 50
7452884679 2592.886544387648 1358.250492069689 -4.3174904 15.3286948 50
7459166637 866.7524029599624 1200.197635796649 -4.3189197 15.3131446 50
7459166638 836.9700342350691 1150.237319233293 -4.3193715 15.3128763 50
7459166639 829.2219561995316 1127.159147328011 -4.3195802 15.3128065 50
