4269926248 27038424
27038424 27038646
27038646 27038647
27038647 27038648
27038648 27038653
27038653 27038651
27038651 27038652
27038652 27038872
27038872 26927850
26927850 27038669
27038669 27038670
27038670 27038672
27038672 435781551
435781551 27038676
27038676 26909864
26909864 27038678
27038678 27038680
27038680 27038684
27038684 27038699
27038699 27038723
27038723 27038725
27038725 3325473884
3325473884 435903925
435850850 27040935
27040935 27040936
27040936 27040937
27040937 4269926243
4269926243 27301097
27301097 27040938
27040938 27040939
27040939 27040940
27040940 27040941
27040941 27040942
27040942 27122363
27122363 27040943
27040943 27038649
27038649 27040976
27040976 27040977
27040977 27040979
27040979 26927849
26927849 27040980
27040980 27040982
27040982 27040983
27040983 435434315
435434315 27040985
27040985 26909863
26909866 27153849
27153849 435945515
435945515 27153872
27153872 27153873
27153873 435340735
435340735 26927851
26927851 435490929
435490929 27153909
27153909 27153908
27153908 435584683
435584683 27153907
27153907 27153906
27153906 27154146
27154146 27071004
27071004 27154151
27154151 27122286
27122286 435950813
435950813 4269926238
4269926238 435545541
435545541 435690840
435690840 27122349
27122349 436029546
26853753 5635501680
5635501680 27125631
27125631 27125632
27125632 27125633
27125633 435843604
435843604 5556864007
5556864007 26836518
26836518 5556864006
5556864006 27038168
27038168 27122377
27122377 27122363
27122363 27038647
27038647 27153906
27153906 435934143
5635501682 5811604201
5811604201 27125635
27125635 27125636
27125636 27125643
27125643 435987927
5635501626 5635501625
5635501625 27125637
27125637 27125639
27125639 27125640
27125640 436047068
436047068 5556864008
5556864008 5556863991
5556863991 26836517
26836517 4545313334
4545313334 27038169
27122442 5637202962
5637202962 27125620
27125620 27071002
27071002 27125624
27125624 27125633
27125633 27125643
27125643 27125640
27125640 27071008
27071008 435470916
435470916 27154265
27154265 27154267
27154267 26853851
435680956 435920086
435920086 435725848
435725848 435896935
435896935 435843604
435843604 435987927
435987927 436047068
436047068 435757491
435757491 435464168
435464168 436016620
436016620 436028262
436028262 435939791
2176341483 5635501629
5635501629 435765661
435765661 435784455
435784455 435886567
435886567 435794945
435794945 435896959
435896959 435692121
435803157 435891194
435891194 27153670
27153670 435355895
435355895 27153662
27153662 435744946
435744946 5811604195
5811604195 2176341684
435958081 435918072
435918072 435711848
435711848 435593099
435593099 435355895
435355895 435886567
435886567 26909829
27153774 6152344570
6152344570 5556746720
5556746720 27153572
27153572 435987886
435987886 27153574
27153574 435989647
435989647 26909860
26909860 435794945
435794945 27153670
27153670 27153674
27153674 27153632
27153632 435902256
435902256 26853851
5556746713 5556746714
5556746714 435813985
435813985 435930021
435930021 435936098
435936098 435999827
435999827 436005494
436005494 26909861
26909861 435896959
435896959 435891194
435891194 435808869
435808869 435871899
2176341740 2176341701
2176341701 26853698
26853698 27153657
27153657 435593099
435593099 27153674
27153674 435808869
2176341572 5811604197
5811604197 26853700
26853700 27153641
27153641 435711848
435711848 27153632
27153632 435871899
435871899 26836511
2176341490 2176341688
2176341688 435336464
435336464 435842055
435842055 435918072
435918072 435902256
2176341777 5811604199
5811604199 2176341700
2176341700 435725364
435725364 435999231
435999231 435993053
435993053 435470916
435470916 435464168
435464168 436096140
26853747 5811604198
5811604198 27154278
27154278 27154284
27154284 27154265
27154265 436016620
436016620 5556651647
5556651647 26836514
435976456 6150142268
6150142268 27154280
27154280 27154283
27154283 27154267
27154267 436028262
436028262 26836513
26836139 27038355
27038355 5556651646
5556651646 27038680
27038680 3325473894
3325473894 436042437
435515341 435586619
435586619 27038678
27038678 436058446
435692121 27038352
27038352 27040985
27040985 27038676
27038676 27153849
27153849 5556746711
5556746711 436018854
435803157 435472945
435472945 435434315
435434315 435781551
435781551 435945515
435945515 436034982
26909856 27040983
27040983 27038672
27038672 27153872
27153872 435889470
26909857 27040982
27040982 27038670
27038670 27153873
27153873 435794757
435480615 27040980
27040980 27038669
27038669 435340735
435340735 435499543
435329161 27040979
27040979 27038872
27038872 435490929
435490929 435802757
26836514 27038175
27038175 27040977
27040977 27038652
27038652 27153909
27153909 436088268
436093978 27153908
27153908 27038651
27038651 5556809118
5556809118 27040976
27040976 27038174
27038174 436096140
436088268 435443374
435443374 435821714
435821714 27154111
27154111 27154126
27154126 27154129
27154129 435471755
436091427 26836511
26836511 435803157
435803157 435692121
435692121 435498441
435498441 435515341
435515341 26836139
26836139 435401289
435401289 435442949
435442949 435891186
435891186 435865023
435865023 435881225
435881225 435898368
435898368 26836121
26836121 2176341694
2176341694 4219637587
4219637587 2176341712
2176341712 6138249628
6138249628 2176341609
435508645 27038093
27038093 27038094
27038094 435529085
435529085 4269926244
4269926244 435932554
435932554 27038096
27038096 27038097
27038097 27038099
27038099 27038100
27038100 27038168
27038168 27038169
27038169 435308796
435308796 27038174
27038174 27038175
27038175 435329161
435329161 26909855
26909855 435480615
435480615 26909857
26909857 26909856
26909856 435472945
435472945 27038352
27038352 435456427
435456427 435586619
435586619 27038355
27038355 435560737
435560737 435538566
435538566 435284243
435284243 435735000
435735000 435697427
435697427 435618667
435802574 4544020981
4544020981 4544020982
4544020982 435834961
435834961 26909872
26909872 435758946
435758946 435439935
435439935 26909869
26909869 435410669
435410669 435431838
435431838 26909866
26909866 26909864
26909864 26909863
26909863 435456427
435456427 435498441
435498441 26909861
26909861 26909860
26909860 26909829
26909829 26909828
435254525 26853849
26853849 435958081
435958081 26853851
26853851 435939791
435939791 436091427
436091427 26909855
26909855 26927849
26927849 26927850
26927850 26927851
26927851 435567621
435567621 435560992
435560992 435585280
435585280 5559046253
5559046253 435576008
435576008 435534805
435534805 4269937774
4269937774 435780603
435780603 3663942106
3663942106 435763270
435763270 27171661
27171661 436036007
436036007 436030378
436030378 4269937765
4269937765 4269937764
4269937764 26927869
26927869 5559046252
5559046252 7452884679
7452884679 26927870
26927870 26927871
26927871 5559209137
5559209137 435796125
3325473895 435549175
435549175 5556746709
5556746709 435732542
435732542 436042437
436042437 436058446
436058446 435431838
435431838 436018854
436018854 436034982
436034982 435889470
435889470 435794757
435794757 435499543
435499543 435567621
435567621 435802757
435802757 436088268
436088268 436093978
436093978 5556809117
5556809117 436099615
436099615 436105470
436105470 435934143
435934143 435940344
435940344 435943116
435943116 435949001
435949001 436035658
436035658 436088808
2176341870 2176341745
2176341745 27071010
27071010 27071009
27071009 27071008
27071008 435757491
435757491 436067597
436067597 435308796
435308796 7459166639
7459166639 27038649
27038649 27038653
27038653 435584683
435584683 436099615
436099615 435593098
435593098 435800025
435800025 435286409
435286409 435274064
435274064 435259019
435259019 435726662
7459166637 7459166638
7459166638 7459166639
435997448 4269926247
4269926247 435332241
435332241 26836522
26836522 26836521
26836521 26836520
26836520 26836519
26836519 26836518
26836518 26836517
26836517 436067597
436067597 436096140
436096140 26836514
26836514 26836513
26836513 436091427
