344889214 344889215 0
344889214 2246309801 0
344889214 2246309833 0
344889214 5367829508 0
344889215 344889216 0
344889215 4160788556 0
2246309801 2246309772 0
2246309772 2246309769 0
2246309833 2246309837 0
2246309833 2246309889 0
2246309833 5388869175 0
2246309837 2246309896 0
2246309896 2246309889 0
2246309896 2246309927 0
2246309889 2246309989 0
2246309989 2246309978 0
2246309978 2246309927 0
5388869175 5388869174 0
5388869175 5388869183 0
5388869174 3803044746 0
3803044746 5388869180 0
5388869183 5367829508 0
5367829508 5367829507 0
5367829508 5541880409 0
5367829507 5367829506 0
344890606 5458429243 2
344890606 5490831639 2
344890606 5490831643 2
5458429243 5458429005 2
5458429243 5490831651 2
5458429005 5458429007 2
5458429005 5458429240 2
5458429007 5458429008 2
5458429008 5458429009 2
5458429009 344891112 2
5458429009 5458747507 2
5458429009 5458429010 2
344891112 4161002574 2
344891112 344891113 0
344891112 2246309843 2
4161002574 5458429240 2
5458429240 344890758 2
344890758 344890759 2
344890758 5458429248 2
5458429248 5430882515 2
5458429248 5458429004 2
5430882515 5458429003 2
5458429003 5430882516 2
5458429003 5458429004 2
5430882516 5490831647 2
5490831647 5490831644 2
5490831647 5490831645 2
5490831644 5490831645 2
5490831644 5490831640 2
5490831645 5490831639 2
5490831639 5490831651 2
5490831651 5458429004 2
5490831640 5490831641 2
5490831640 5490831643 2
5490831641 2246309890 2
5490831641 5490831669 2
5490831641 2246309913 2
2246309890 5490831643 2
2246309890 5490831670 2
5490831670 344890612 2
5490831670 5490831669 2
5490831670 5490831671 2
344890612 4135892276 2
344890612 5490831642 2
4135892276 4161002526 2
4161002526 344891592 2
4161002526 5490831674 2
344891592 5490831675 2
344891592 5490831678 2
5490831675 4161002520 2
5490831675 5490831678 2
5490831675 5490831674 2
4161002520 344892350 2
4161002520 344891595 2
344892350 344892349 2
344892350 344892364 2
344892350 4161002522 2
344892349 344892348 1
344892349 4161002501 1
344892348 344892347 1
344892348 344892364 2
344892347 344892365 1
344892347 4161002501 1
344892365 344891597 2
344892365 344892366 2
344892365 344892364 2
344891597 5522073607 2
344891597 5522073609 2
5522073607 344891598 2
344891598 344892366 0
5522073609 344891595 2
344891595 344892364 2
4161002501 344891861 1
344891861 344891610 1
344891610 344891611 1
344891611 2246309632 1
344891611 4161002519 1
2246309632 4160878478 1
2246309632 4160878485 1
2246309632 5418119801 1
4160878485 2246309630 1
4160878485 2246309698 1
2246309630 478490208 1
2246309630 5834344979 1
478490208 2246465117 1
478490208 2246465156 1
2246465156 4135892266 1
4135892266 2246465137 1
4135892266 4135892268 1
2246465137 2246465147 1
4135892268 4135892305 1
4135892305 4135892312 1
4135892312 3738650786 1
3738650786 2246465230 1
3738650786 5518394918 1
2246465230 4135892314 1
2246465230 4135892315 1
4135892315 2246465242 1
4135892315 2246465262 1
2246465242 2246465262 1
2246465242 5518394917 1
5518394917 5518394918 1
5518394918 344890722 1
344890722 2246309903 1
344890722 2246309946 1
2246309903 2246309900 1
2246309900 2246309864 1
2246309864 4135892296 1
2246309864 5490880916 1
4135892296 4135892291 1
4135892291 2246465199 1
4135892291 5490880916 1
2246309946 2246309899 1
2246309946 4161002916 1
2246309899 2246309879 1
2246309879 2246309878 1
2246309879 5834344979 1
2246309878 2246309880 1
2246309878 5763641225 1
2246309880 2246309901 1
2246309880 5496237563 1
2246309901 2246309887 1
2246309901 2246309925 1
2246309901 5496237555 1
2246309887 2246309873 1
2246309887 5496237554 1
2246309873 2246309852 2
2246309873 5496237553 2
2246309852 5490831642 2
2246309852 5496237552 2
5490831642 5490831669 2
5490831669 5496237552 2
5496237552 2246309913 2
5496237552 5496237553 2
2246309913 2246309928 2
2246309928 2246309934 2
2246309928 5496237553 2
2246309934 2246309960 2
2246309934 5496237554 1
2246309960 2246309983 2
2246309960 5496237555 1
2246309983 2246309993 1
2246309983 5496237556 1
2246309993 5496237558 1
2246309993 5496237557 1
5496237558 2246309954 1
5496237558 5496237557 1
5496237558 5496237559 1
2246309954 2246309933 1
2246309954 2246309973 1
2246309933 2246309925 1
2246309933 5496237557 1
2246309925 5496237556 1
5496237556 5496237555 1
5496237556 5496237557 1
5496237555 5496237554 1
5496237554 5496237553 1
2246309973 344890613 1
2246309973 5496237559 1
344890613 4161002916 1
344890613 5496237559 1
5496237563 2246309770 2
2246309770 5418119801 1
5418119801 2246309708 1
2246309708 2246309698 1
2246309698 5763641225 1
4161002519 4161002522 1
4161002522 5490831678 2
5490831674 4965763752 2
5490831674 5490831672 2
4965763752 2246309815 2
2246309815 2246309814 2
2246309815 2246309821 2
2246309821 2246309784 2
2246309821 4161002534 2
2246309784 5430832712 2
4161002534 5458747507 2
5490831672 5490831671 2
344891113 344891115 0
344891115 344891866 0
344891866 344891116 0
344891116 344891872 0
344891872 5458429226 0
5458429226 344891897 0
344891897 344891875 0
344891897 2246309589 0
344891897 5490831636 0
2246309589 2246309593 0
5490831636 5458429014 0
5490831636 5458429224 0
5458429014 5458429013 0
5458429013 5458429230 0
5458429230 5458429012 0
5458429012 5458429010 0
2246309843 344891182 2
