21672789 2770187499
21672789 21672798
2770187499 21672793
2770187499 21672798
2770187499 298261924
3837365566 3837365614
3837365535 3837365516
3837365516 3837365513
3837365516 3837365614
3837365614 3837365526
3837365526 3837365562
3837365526 3837365548
3837365526 3837365595
3837365548 2497916974
2497916974 2552726368
2552726368 5262035683
5262035683 2552705836
5262035683 5622748795
2552705836 427512152
2552705836 1936597478
1936597478 5262035715
5262035715 3279047005
3279047005 5262035710
3279047005 3572177101
3572177101 3572177116
3572177101 5262035705
3572177116 3572177117
5262035705 3393943615
5622748795 5262035686
5262035686 21672810
3837365595 1334013707
1334013707 197648161
1334013707 3837365601
197648161 2497916910
2497916910 427510502
427510502 5259514085
5259514085 2215369444
2215369444 2186324551
2215369444 2552760531
2186324551 2552759442
2186324551 4295415172
2552759442 2215314972
2552759442 2552760531
2552760531 5261859919
5261859919 21672806
5261859919 2552840924
21672806 444805849
21672806 4948240473
444805849 2552840924
444805849 4948240473
444805849 5261860025
2552840924 2552759446
2552759446 1242073081
4948240473 3457855703
3457855703 2552944780
2552944780 21672801
21672801 21672798
5261860025 1242187724
1242187724 2552840928
2552840928 5261860032
5261860032 1242187561
1734229659 298261924
298261924 5256314765
