21672789 792.5310060022805 354.0433990428901 40.8371322 14.2488745 50
2770187499 782.8556887844962 373.6876593082787 40.8373081 14.24876 50
21672798 807.3355088546211 386.0058054552925 40.8374184 14.2490497 50
21672793 768.5074891021294 357.2597418269481 40.837161 14.2485902 50
298261924 752.2918264459031 384.2077804959961 40.8374023 14.2483983 50
3837365566 663.5831101540177 700.0682768410611 40.8402306 14.2473485 50
3837365614 688.2319313985206 696.5727376358465 40.8401993 14.2476402 50
3837365535 667.0983345758112 728.1777726262983 40.8404823 14.2473901 50
3837365516 691.1979020040226 725.754347682673 40.8404606 14.2476753 50
3837365513 693.8005200854652 751.2729006696018 40.8406891 14.2477061 50
3837365526 715.7030722505259 692.6304841547919 40.840164 14.2479653 50
3837365562 720.9167584720697 747.6545150384245 40.8406567 14.248027 50
3837365548 763.3107029980368 685.8962664515141 40.8401037 14.2485287 50
3837365595 709.0275258730117 619.8830643903191 40.8395126 14.2478863 50
2497916974 805.4004454109568 677.45336664425 40.8400281 14.2490268 50
2552726368 897.2272333651365 663.5605526765701 40.8399037 14.2501135 50
5262035683 936.3932554658467 666.0509847622106 40.839926 14.250577 50
2552705836 951.7216619579661 734.7668081903188 40.8405413 14.2507584 50
5622748795 987.7696123961133 652.9064172062428 40.8398083 14.251185 50
427512152 893.2388056560523 762.7646254076616 40.840792 14.2500663 50
1936597478 1005.328834386286 716.8759014576372 40.8403811 14.2513928 50
5262035715 1049.911344117283 700.8835303940782 40.8402379 14.2519204 50
3279047005 1063.389187752859 695.9361697927391 40.8401936 14.2520799 50
5262035710 1071.746295812807 742.6959865797278 40.8406123 14.2521788 50
3572177101 1071.323792877467 692.6528198673761 40.8401642 14.2521738 50
3572177116 1079.275298119391 737.971983117019 40.84057 14.2522679 50
5262035705 1139.253814812178 669.8033846759977 40.8399596 14.2529777 50
3572177117 1080.55125698407 747.7438578937347 40.8406575 14.252283 50
3393943615 1176.273522001688 643.7041031306193 40.8397259 14.2534158 50
5262035686 1031.845118604783 641.034985335069 40.839702 14.2517066 50
21672810 1045.382112651103 637.2267461359139 40.8396679 14.2518668 50
1334013707 706.4418079091546 594.8558971058197 40.8392885 14.2478557 50
197648161 751.7087723951122 590.5897757755981 40.8392503 14.2483914 50
3837365601 704.5996951112704 575.4126582650563 40.8391144 14.2478339 50
2497916910 796.8151857660222 581.3651259852591 40.8391677 14.2489252 50
427510502 849.8477542026126 575.5355046903084 40.8391155 14.2495528 50
5259514085 911.5669829885761 568.745447702373 40.8390547 14.2502832 50
2215369444 965.030504419165 562.9269942647802 40.8390026 14.2509159 50
2186324551 976.176131851847 605.7557254273615 40.8393861 14.2510478 50
2552760531 1013.854943620343 558.3593407972655 40.8389617 14.2514937 50
2552759442 1025.423073988499 591.8740793170394 40.8392618 14.2516306 50
4295415172 987.7696123961133 652.9064172062428 40.8398083 14.251185 50
2215314972 1038.427714336382 626.8183035175117 40.8395747 14.2517845 50
5261859919 1006.368191607185 535.5657448905447 40.8387576 14.2514051 50
21672806 1002.836067068209 526.3745986722788 40.8386753 14.2513633 50
2552840924 1029.910055161118 516.0554989077659 40.8385829 14.2516837 50
444805849 1007.990602878741 502.9667706364557 40.8384657 14.2514243 50
4948240473 984.1276370940402 493.485260138965 40.8383808 14.2511419 50
5261860025 1032.478873007658 463.9909500989085 40.8381167 14.2517141 50
2552759446 1051.685856445631 572.7882118960954 40.8390909 14.2519414 50
1242073081 1055.944686033263 627.6558927845339 40.8395822 14.2519918 50
3457855703 925.9827831406135 467.7545178707637 40.8381504 14.2504538 50
2552944780 886.6393098071358 448.8250004464347 40.8379809 14.2499882 50
21672801 844.4481666896427 429.6051187428808 40.8378088 14.2494889 50
1242187724 1053.223767130065 414.8747155088891 40.8376769 14.2519596 50
2552840928 1078.286641250846 357.2150703996482 40.8371606 14.2522562 50
5261860032 1102.64816049935 311.3040107356187 40.8367495 14.2525445 50
1242187561 1107.971697483856 301.286443106978 40.8366598 14.2526075 50
1734229659 743.8502177989681 382.0188805462277 40.8373827 14.2482984 50
5256314765 762.8712999453799 360.6100988929055 40.837191 14.2485235 50
