304185463 451.0414133196522 579.3139339338675 -8.825692999999999 13.2365254 50
304185888 595.517678713139 686.1981787178631 -8.8247266 13.2378387 50
304185892 584.362654490909 640.0335638866565 -8.825144 13.2377373 50
304185894 655.3411715335092 616.9733765549647 -8.825352499999999 13.2383825 50
304185895 668.5533846405826 619.638846649312 -8.8253284 13.2385026 50
304185896 694.5267694420054 637.2021931638945 -8.825169600000001 13.2387387 50
304185897 732.3372410900164 687.5585638695967 -8.8247143 13.2390824 50
304185898 729.0369380657967 717.3432566678916 -8.824445000000001 13.2390524 50
304185903 672.7557704916497 773.5614495731797 -8.823936700000001 13.2385408 50
304185904 648.6195543741555 739.4412203557987 -8.8242452 13.2383214 50
304185955 534.4510717535675 641.6704500859234 -8.825129199999999 13.2372836 50
304186114 855.3395348054238 683.2230274505105 -8.8247535 13.2402005 50
304186115 800.8735338946415 691.6839594931482 -8.824676999999999 13.2397054 50
304186116 746.5175430845792 698.109843828746 -8.824618900000001 13.2392113 50
304186172 776.1982682830425 683.411048162573 -8.8247518 13.2394811 50
304186174 723.8774643377844 668.2809108629793 -8.8248886 13.2390055 50
304186190 712.4584158736868 507.8881834356903 -8.8263388 13.2389017 50
304186191 683.7347785523433 562.5911506024784 -8.825844200000001 13.2386406 50
304186192 673.3718270562408 586.6135615783064 -8.825627000000001 13.2385464 50
304186193 672.5467513000547 601.7658189618999 -8.82549 13.2385389 50
304186194 680.6654967397577 623.7974223983355 -8.825290799999999 13.2386127 50
304186315 1168.923327163569 470.8702232440759 -8.8266735 13.243051 50
304186316 1131.871925210927 497.3369034767168 -8.8264342 13.2427142 50
304186317 1101.256114155557 514.2919476874642 -8.8262809 13.2424359 50
304186319 1058.770213222842 521.6026353739031 -8.826214800000001 13.2420497 50
304186357 1168.879323123141 490.3580170467554 -8.8264973 13.2430506 50
304186358 1116.492513117766 525.9492318351649 -8.8261755 13.2425744 50
304186362 948.2980699896248 651.9120488718916 -8.825036600000001 13.2410455 50
304186363 915.3280427769611 667.1638466324281 -8.8248987 13.2407458 50
304186556 815.317860130722 368.4763554657571 -8.827599299999999 13.2398367 50
304186557 850.9831348133838 380.7751220425889 -8.8274881 13.2401609 50
304186558 902.1158296698877 397.3320047455634 -8.8273384 13.2406257 50
304186560 970.2450851009921 455.3861646040051 -8.8268135 13.241245 50
304186561 1006.383403217117 507.7554629329234 -8.82634 13.2415735 50
304186572 1031.344695090972 498.9295495081604 -8.8264198 13.2418004 50
304186573 1004.546234533538 482.4390270566573 -8.8265689 13.2415568 50
304186605 762.2819905306973 363.632057119779 -8.8276431 13.2393546 50
304186646 737.2876956266084 435.068867659956 -8.826997199999999 13.2391274 50
304186647 725.5276158499818 475.1504594536906 -8.826634800000001 13.2390205 50
304186668 786.5062147288725 367.469891654149 -8.827608400000001 13.2395748 50
304186707 728.6188996827813 286.5656852599019 -8.8283399 13.2390486 50
304186771 1153.477909009941 890.6762331014954 -8.822877800000001 13.2429106 50
304186894 904.5360518876489 988.4248832878986 -8.821994 13.2406477 50
304186895 814.6247964958195 916.9880727477216 -8.8226399 13.2398304 50
347556071 453.7036577592419 882.171060891386 -8.8229547 13.2365496 50
347556075 235.9166611864244 1102.818896512395 -8.8209597 13.2345699 50
347558620 354.6175599600642 643.8492783372026 -8.8251095 13.2356489 50
347558621 421.6357133734257 693.2766055245919 -8.8246626 13.2362581 50
348002707 459.248166840036 375.0792004715934 -8.8275396 13.2366 50
348002719 394.9582639269061 116.0751395908839 -8.8298814 13.2360156 50
348003342 531.0187566084139 329.9763496614663 -8.827947399999999 13.2372524 50
348003347 630.6329028913269 332.4759191275748 -8.8279248 13.2381579 50
348003348 639.6317291378384 388.6166917397435 -8.827417199999999 13.2382397 50
348003349 633.2951473312665 422.3276994073518 -8.827112400000001 13.2381821 50
348003351 623.361235228024 451.9243714937602 -8.8268448 13.2380918 50
348003352 614.3074039314149 469.6314985529336 -8.826684699999999 13.2380095 50
348003484 423.7039032684635 2.455329298636798 -8.8309087 13.2362769 50
348003485 606.8377180861866 282.3407492594071 -8.8283781 13.2379416 50
348003551 542.26178891115 352.1185535166691 -8.827747199999999 13.2373546 50
348003553 547.1352363769057 367.5141318216206 -8.827608 13.2373989 50
348003554 549.4894525341999 411.035396642128 -8.8272145 13.2374203 50
348003557 544.9130323405452 427.4595588425116 -8.827066 13.2373787 50
430420644 614.670437263983 1167.586501795089 -8.8203741 13.2380128 50
430420648 682.8436967356903 1079.172526960517 -8.8211735 13.2386325 50
430593001 889.3106539354603 824.9574642163136 -8.823472000000001 13.2405093 50
430593002 922.1376680169958 742.6043923352139 -8.8242166 13.2408077 50
430593003 995.4483991965013 773.7937104530658 -8.823934599999999 13.2414741 50
430593004 1057.681113224788 805.6798112095205 -8.8236463 13.2420398 50
430593005 1112.059106055064 846.7568067733908 -8.823274899999999 13.2425341 50
430593018 1119.044747456461 583.5167498505385 -8.825654999999999 13.2425976 50
430593019 1005.5693284713 751.8948275190453 -8.8241326 13.2415661 50
430593021 1000.332847672626 694.913491723859 -8.824647799999999 13.2415185 50
430593023 1085.040625296191 717.155235956005 -8.824446699999999 13.2422885 50
430593027 992.4671254649464 892.7444609341832 -8.822859100000001 13.241447 50
430593029 964.8765921817347 925.7255058375412 -8.822560899999999 13.2411962 50
747238067 474.7705920645006 742.2504709947367 -8.8242198 13.2367411 50
747238106 534.3740646830811 805.6908712515203 -8.823646200000001 13.2372829 50
747238296 489.808972845133 725.5829878728192 -8.824370500000001 13.2368778 50
747238315 497.4876778816067 713.715562929408 -8.8244778 13.2369476 50
747238330 462.4384597637109 676.2662611045488 -8.8248164 13.236629 50
747238343 447.2460648417558 665.7813413965191 -8.824911200000001 13.2364909 50
747238472 311.1305671099753 533.1824992284844 -8.826110099999999 13.2352536 50
747238526 310.459505494937 458.2396554104149 -8.826787700000001 13.2352475 50
747238658 37.61245346678515 622.4591573302499 -8.825302900000001 13.2327673 50
747238680 71.69358269754156 598.7796076528991 -8.825517 13.2330771 50
747238699 102.7384331461208 573.3525713573382 -8.8257469 13.2333593 50
747238742 202.6386056912903 484.3634743445784 -8.826551500000001 13.2342674 50
747238750 228.7770056438804 471.6997263856214 -8.826665999999999 13.234505 50
747238763 271.0318853649621 460.5401441226369 -8.826766900000001 13.2348891 50
747238778 372.8462336640215 466.0591050237456 -8.826717 13.2358146 50
747238794 425.9151062948044 482.1404059256517 -8.826571599999999 13.236297 50
747238805 467.6969425824234 502.4134627022291 -8.8263883 13.2366768 50
747238818 500.1389213111769 522.0007968818519 -8.826211199999999 13.2369717 50
747238833 516.7614475435398 534.7419651342802 -8.826096 13.2371228 50
747238841 536.62927174985 550.2813239838226 -8.825955499999999 13.2373034 50
747238858 578.8511484403484 582.3775655359876 -8.825665300000001 13.2376872 50
747238926 474.6605819634308 596.7003197782115 -8.825535800000001 13.2367401 50
747239287 419.3475032764235 560.7773037333245 -8.8258606 13.2362373 50
748854463 422.9668355929582 0 -8.8309309 13.2362702 50
748854467 957.9899598708638 380.6092214143501 -8.8274896 13.2411336 50
748854468 977.131717412038 344.8742260813499 -8.827812700000001 13.2413076 50
748854469 991.2900173862118 319.5024899956122 -8.828042099999999 13.2414363 50
748854471 957.5829224980429 255.4648474771692 -8.828621099999999 13.2411299 50
748854476 917.3192256015125 207.9840876615248 -8.8290504 13.2407639 50
748854487 682.975708856799 191.7700662570276 -8.829197000000001 13.2386337 50
771144545 680.1374482560225 236.330975014791 -8.8287941 13.2386079 50
771231700 660.489644251327 495.7442574450973 -8.826448600000001 13.2384293 50
771231701 673.5368422074081 466.1365253170409 -8.826716299999999 13.2385479 50
771231702 682.0296219898735 441.0744704037811 -8.826942900000001 13.2386251 50
771231703 686.9030694558041 400.3845763062114 -8.827310799999999 13.2386694 50
771231704 688.4212088468928 366.2754071303024 -8.827619200000001 13.2386832 50
771231705 682.7776906753983 332.6418197558135 -8.8279233 13.2386319 50
771231706 670.5995725157563 300.3907376168819 -8.828214900000001 13.2385212 50
771231707 661.6997553601201 283.3361530291912 -8.8283691 13.2384403 50
771231708 647.4754493253043 256.8252326290786 -8.8286088 13.238311 50
771239792 0 645.5414647455895 -8.825094200000001 13.2324254 50
1565420646 364.0124225693771 970.1205139670658 -8.8221595 13.2357343 50
1567205313 1199.011089735028 444.0496216709579 -8.826916000000001 13.2433245 50
1567205480 766.2423541597609 355.8789677579196 -8.8277132 13.2393906 50
1567205542 745.1204148040549 401.5348206622344 -8.8273004 13.2391986 50
1567205746 734.7354612877386 360.0817836744147 -8.8276752 13.2391042 50
1567306650 981.8181477062376 688.5429075975569 -8.824705399999999 13.2413502 50
1567306655 956.5158245202031 679.5621535863791 -8.824786599999999 13.2411202 50
1567306665 1153.444905979532 645.0216427770495 -8.8250989 13.2429103 50
1567306670 1019.573614304501 679.7722943820895 -8.8247847 13.2416934 50
1567306720 1072.499473803981 682.4156443927889 -8.8247608 13.2421745 50
1572484618 408.9185457196792 924.7743422354046 -8.8225695 13.2361425 50
1572484623 131.1760442053828 549.6398415543397 -8.825961299999999 13.2336178 50
1572484632 150.7578421494365 529.1677040236999 -8.826146400000001 13.2337958 50
1640655883 138.0846785361178 542.5724747894349 -8.8260252 13.2336806 50
2049307646 417.6643487339927 153.126279908146 -8.8295464 13.236222 50
2049307647 491.2281031455212 104.7385966580126 -8.8299839 13.2368907 50
2049308476 410.7337123830438 390.7733999073747 -8.827397700000001 13.236159 50
2069177397 700.1702876133249 227.3944611710849 -8.828874900000001 13.23879 50
2131536670 781.9407955450624 346.6548928252078 -8.827796599999999 13.2395333 50
2131901451 627.2995968370487 716.3257328144596 -8.8244542 13.2381276 50
2131949268 606.5626928344743 33.20224574089229 -8.8306307 13.2379391 50
2173581955 541.0846808325903 501.3848788067972 -8.8263976 13.2373439 50
2173581956 607.464775661147 481.0344017369245 -8.826581600000001 13.2379473 50
2173581960 560.5894717059825 311.3954792934516 -8.8281154 13.2375212 50
2323253849 1181.035439262744 701.6158771064627 -8.8245872 13.2431611 50
2323253858 1166.800132217734 671.1233416275651 -8.824862899999999 13.2430317 50
2323253860 1076.855873795846 759.8691177187908 -8.8240605 13.2422141 50
2323253867 1084.237551560394 711.9459562277258 -8.824493800000001 13.2422812 50
2487916213 746.2315168224975 1001.387252378037 -8.8218768 13.2392087 50
2487947869 854.6464711703463 868.4234288275254 -8.823079 13.2401942 50
2487947875 896.9123519014476 395.4075574576423 -8.827355799999999 13.2405784 50
2487947880 863.6672994368969 799.5304279211044 -8.8237019 13.2402762 50
2487947881 859.5199186361021 674.607254821282 -8.824831400000001 13.2402385 50
2487947905 869.2338105377301 672.6275073238894 -8.8248493 13.2403268 50
2487947923 847.2097883557012 720.2299276003009 -8.8244189 13.2401266 50
2487947930 770.4777430410617 695.2231728965127 -8.824645 13.2394291 50
2487947985 838.0679489784113 781.7901207362834 -8.8238623 13.2400435 50
3071379762 868.3207267012128 148.0276005988099 -8.8295925 13.2403185 50
3071379777 991.3340214262898 298.0017685698924 -8.828236499999999 13.2414367 50
3878871232 396.0143608949013 550.889626287306 -8.825950000000001 13.2360252 50
3882503597 573.6256686520442 663.4034323911776 -8.8249327 13.2376397 50
3882503600 545.8041141571983 646.5479285571976 -8.825085100000001 13.2373868 50
3882503601 560.7104828170719 646.1165869237768 -8.825089 13.2375223 50
3882503602 574.5057494585028 650.1313821282095 -8.825052700000001 13.2376477 50
3882503604 671.8316856447633 597.4302825426378 -8.8255292 13.2385324 50
3882503605 677.2551836144681 615.0931694341637 -8.825369500000001 13.2385817 50
3882503606 733.6023572496067 699.1163076403542 -8.824609799999999 13.2390939 50
3882503607 729.5759875599013 678.0801079737028 -8.8248 13.2390573 50
3882503608 740.312973399116 702.345839870889 -8.824580600000001 13.2391549 50
3882503609 759.6747511415549 695.7429948650525 -8.8246403 13.2393309 50
4189768212 681.1385401732205 1081.3071150445 -8.821154200000001 13.238617 50
4231195441 643.2070574141202 618.3448217486981 -8.8253401 13.2382722 50
4231223239 950.9493134191951 406.456539301332 -8.827255900000001 13.2410696 50
4231223240 951.7083831149143 419.7507096481239 -8.827135699999999 13.2410765 50
4231223241 953.2595255362362 393.0628285775967 -8.827377 13.2410906 50
4231223248 1114.820359585354 507.9656037289856 -8.826338099999999 13.2425592 50
4231223249 1108.021735355339 511.7370780118842 -8.826304 13.2424974 50
4231223250 1050.442448591544 526.856155269654 -8.8261673 13.241974 50
4231223251 1047.406169809016 530.804590222967 -8.8261316 13.2419464 50
4231223258 1062.730576851905 556.8509888638353 -8.8258961 13.2420857 50
4236319481 599.3130271908606 7.730969278035559 -8.830861000000001 13.2378732 50
4241426908 994.5573173801981 309.5042121308265 -8.828132500000001 13.241466 50
4257223895 766.7924046637102 370.0579414555526 -8.827584999999999 13.2393956 50
4257303148 466.0687930904401 870.4031763249181 -8.8230611 13.236662 50
4257303149 437.4661668798359 897.7989000760476 -8.822813399999999 13.236402 50
4257303157 245.6855581383247 1093.882382668513 -8.821040500000001 13.2346587 50
4257303171 578.4991161177999 672.1408654809971 -8.8248537 13.237684 50
4257303178 363.484374085292 539.895944652912 -8.8260494 13.2357295 50
4257397490 624.9013766395014 622.8351987543749 -8.8252995 13.2381058 50
4257397491 655.9902311281587 594.7316323226428 -8.825553599999999 13.2383884 50
4257397492 646.2213341762583 608.1253430462021 -8.8254325 13.2382996 50
4257397493 637.4755311619449 615.4692108584645 -8.8253661 13.2382201 50
4257397496 711.64434112787 490.4464973818747 -8.826496499999999 13.2388943 50
4257397497 725.648626960721 453.6054978603231 -8.8268296 13.2390216 50
4257397498 735.9455723967066 400.1191353006776 -8.827313200000001 13.2391152 50
4257397499 736.6716390618425 377.8220908592359 -8.827514799999999 13.2391218 50
4257397503 724.6145320132898 308.5088083612182 -8.828141499999999 13.2390122 50
4257397504 732.0842178583432 338.2492609920415 -8.827872599999999 13.2390801 50
4257397510 690.9184381353152 229.5732894225399 -8.8288552 13.2387059 50
4257397512 666.0891583823936 176.4740283290193 -8.8293353 13.2384802 50
4257397513 618.344774630965 79.63230157728105 -8.830210900000001 13.2380462 50
4257397518 606.4306807135406 53.20986151228772 -8.8304498 13.2379379 50
4261412634 651.8648523479278 128.4845065868347 -8.829769199999999 13.2383509 50
4274242692 608.0588302053491 37.80322316551224 -8.830589099999999 13.2379527 50
4321224207 1045.954036478395 506.9148997497299 -8.8263476 13.2419332 50
4330990492 1210.716164461207 425.988573271835 -8.827079299999999 13.2434309 50
4330990495 1203.466498817943 437.8006980055986 -8.8269725 13.243365 50
4330990502 1197.063910950555 476.2122234747702 -8.826625200000001 13.2433068 50
4330990504 1221.541158380928 469.4324177988711 -8.826686499999999 13.2435293 50
4330990506 1238.493714915625 467.5190305525982 -8.826703800000001 13.2436834 50
4330990511 1185.677865516865 481.5099835381687 -8.8265773 13.2432033 50
4330990512 1158.219344354588 496.8723817174725 -8.826438400000001 13.2429537 50
4330990513 1105.183474754563 551.9956304760332 -8.825939999999999 13.2424716 50
4330990514 1109.253848484521 537.8940770715196 -8.826067500000001 13.2425086 50
4330990518 1087.779876806442 555.4242434606304 -8.825908999999999 13.2423134 50
4330990519 1100.178015167523 563.2105129481375 -8.825838600000001 13.2424261 50
4330990540 1056.713024337824 555.8998252616987 -8.825904700000001 13.242031 50
4330990542 1037.516261746552 560.4565625184952 -8.825863500000001 13.2418565 50
4330990543 1186.557946323324 456.669129462795 -8.8268019 13.2432113 50
4350987070 737.8047431004991 301.2313008002513 -8.828207300000001 13.2391321 50
4350987071 793.4368510799964 354.8614439043117 -8.827722400000001 13.2396378 50
4350987073 767.540473349235 348.5904001551287 -8.827779100000001 13.2394024 50
4350987631 484.1764556834831 95.40392130635769 -8.830068300000001 13.2368266 50
4351154772 364.5514720631318 70.12066555556345 -8.8302969 13.2357392 50
4351256244 728.5638946323338 322.1679600899595 -8.828018 13.2390481 50
4351256245 712.2273946620527 275.1296019499115 -8.8284433 13.2388996 50
4351256246 719.2460390936824 291.9408656164199 -8.8282913 13.2389634 50
4351256253 755.5383713507797 375.4994820631902 -8.8275358 13.2392933 50
4351256254 752.1170572158208 382.3677680742084 -8.827473700000001 13.2392622 50
4351256257 748.6847420704921 391.0499009545565 -8.8273952 13.239231 50
4351256258 759.7957622522944 326.7799975564033 -8.8279763 13.239332 50
4351256259 763.3270864883232 330.153310331529 -8.8279458 13.2393641 50
4351256260 777.7274086843256 343.2262798404347 -8.827827600000001 13.239495 50
4351256263 764.4821925468439 336.2031532431776 -8.8278911 13.2393746 50
4351256265 766.3743662806949 342.2198160288266 -8.827836700000001 13.2393918 50
4351286634 923.787819529543 216.1574586151568 -8.8289765 13.2408227 50
4351302545 984.6894113377724 467.9946123536665 -8.8266995 13.2413763 50
4351302546 993.8752547551402 475.4159004590484 -8.826632399999999 13.2414598 50
4351302548 1045.458991025068 551.121887167192 -8.825947899999999 13.2419287 50
4571199796 952.5774629111785 755.4008607971136 -8.824100899999999 13.2410844 50
4572264259 957.4179073468756 436.7831741521666 -8.826981699999999 13.2411284 50
4602961088 765.8463177969595 683.676489167755 -8.8247494 13.239387 50
4602985281 772.171898593337 369.8588607013144 -8.827586800000001 13.2394445 50
4602985282 758.8826784154273 369.5934196961324 -8.8275892 13.2393237 50
4604299269 189.8004269269793 493.1230275182218 -8.826472300000001 13.2341507 50
4604299270 173.0568895835272 506.0964566501843 -8.826355 13.2339985 50
4604722426 1055.117877875723 511.0845355405773 -8.8263099 13.2420165 50
4604722432 1105.854536369426 545.8130670617936 -8.825995900000001 13.2424777 50
4604722433 1105.689521218259 557.3597507907272 -8.825891499999999 13.2424762 50
4604722434 1093.467399018189 557.6030717120854 -8.8258893 13.2423651 50
4604722435 1030.112581961615 538.9226609669516 -8.8260582 13.2417892 50
4604722437 770.3127278898944 336.8114555468368 -8.8278856 13.2394276 50
4654422869 249.5469126766881 464.9973410026658 -8.826726600000001 13.2346938 50
4654422870 342.7914741231456 461.40282738983 -8.8267591 13.2355414 50
4654422879 870.8839620499274 680.3916567275728 -8.824779100000001 13.2403418 50
4654422880 1013.490055729602 684.4838722254767 -8.8247421 13.2416381 50
4654422881 1001.685971912548 705.2214507612983 -8.824554600000001 13.2415308 50
4654422882 1084.974619235549 721.9884742599833 -8.824403 13.2422879 50
4654422885 1033.918931450056 666.7878052083031 -8.824902099999999 13.2418238 50
4654422886 1038.044310230287 664.5757968310245 -8.8249221 13.2418613 50
4654422887 1130.683816121998 865.7911388586501 -8.823102799999999 13.2427034 50
4654422888 1038.352338512757 837.6322722174465 -8.823357400000001 13.2418641 50
4654472089 1072.576480874292 771.9688035417362 -8.8239511 13.2421752 50
4654472090 1006.471411297973 747.6920116025501 -8.8241706 13.2415743 50
4654472091 1006.625425438945 743.2901149319925 -8.8242104 13.2415757 50
4654472092 1005.88835776344 736.2559282925597 -8.824274000000001 13.241569 50
4657149363 714.4495986984131 752.5252499067043 -8.8241269 13.2389198 50
4657149364 840.499172206192 751.0874444614996 -8.8241399 13.2400656 50
4657149367 1079.012071771739 819.9030250746251 -8.8235177 13.2422337 50
4657149375 381.2400043557866 545.7577668526739 -8.825996399999999 13.2358909 50
4657149376 337.1259539312622 535.4940479823545 -8.8260892 13.2354899 50
4657149377 730.3680602856789 433.918623303757 -8.8270076 13.2390645 50
4657149378 718.4319643476906 472.7061901970536 -8.8266569 13.238956 50
4657149379 733.3163309873503 454.7225620908742 -8.826819499999999 13.2390913 50
4657149380 668.201352318209 479.8620372970777 -8.8265922 13.2384994 50
4657149381 678.4982977538447 452.2561727502376 -8.8268418 13.238593 50
4657149382 686.4960320828083 350.1941062285721 -8.8277646 13.2386657 50
4657149383 688.90525329055 378.7732544613725 -8.8275062 13.2386876 50
4657149384 686.0669926894236 420.4474922869025 -8.8271294 13.2386618 50
4657149385 676.2540916972703 315.4323945817081 -8.8280789 13.2385726 50
4657149386 635.6493634883859 346.9866940816852 -8.8277936 13.2382035 50
4657149387 638.4546210592788 404.15605058911 -8.827276700000001 13.238229 50
4657149388 629.543802893623 437.6790375448317 -8.826973600000001 13.238148 50
4657149490 550.6665606129345 392.4213461482898 -8.827382800000001 13.237431 50
4700192634 496.2225617221912 711.5146145941293 -8.8244977 13.2369361 50
4700192635 497.1906506093307 716.2704326049881 -8.8244547 13.2369449 50
4700192636 451.8224850352355 667.6836686009681 -8.824894 13.2365325 50
4700192637 442.3726173760001 667.3961075119623 -8.824896600000001 13.2364466 50
4745316579 837.1878681717778 777.7642654898509 -8.823898700000001 13.2400355 50
4745316580 868.826773164734 805.3922501205147 -8.8236489 13.2403231 50
4745316581 842.5013560411128 787.1431810091534 -8.823813899999999 13.2400838 50
4745316582 860.3449943924631 796.8870779104052 -8.8237258 13.240246 50
4745332027 968.715944700059 659.0789560139154 -8.8249718 13.2412311 50
4745332028 1067.560020277408 651.1599660236413 -8.8250434 13.2421296 50
4745332029 1074.347643497404 647.5765124526295 -8.8250758 13.2421913 50
4745332030 1092.499310131225 633.9394808075361 -8.825199100000001 13.2423563 50
4745332032 1131.673907029526 602.0201999252579 -8.8254877 13.2427124 50
4745332034 933.8207407231359 960.0226957251609 -8.822250800000001 13.2409139 50
4745332037 1114.688347464421 696.8711191374277 -8.8246301 13.242558 50
4745332038 1004.337215342293 755.4229808805857 -8.824100700000001 13.2415549 50
4745332039 1026.779275907337 789.5432100983186 -8.8237922 13.2417589 50
4745332040 1084.380564691347 725.8705489620008 -8.8243679 13.2422825 50
4745332041 1093.742424270076 830.6533857876609 -8.823420499999999 13.2423676 50
4745332042 1025.514159747921 855.6601404912733 -8.8231944 13.2417474 50
4787692365 572.0415232003138 656.2144051653299 -8.824997700000001 13.2376253 50
4787692368 553.7578444457341 646.9571501071463 -8.8250814 13.2374591 50
4787692369 572.7125848151771 653.2060737725054 -8.825024900000001 13.2376314 50
4787692373 661.7987644509953 617.9356001987494 -8.825343800000001 13.2384412 50
4787692380 735.1975037111818 708.329322531242 -8.824526499999999 13.2391084 50
4787692381 731.941204727215 707.0131775468044 -8.8245384 13.2390788 50
4787767348 820.0262924454853 913.8912610197779 -8.822667900000001 13.2398795 50
4787767349 804.668882372538 923.3807769578475 -8.8225821 13.2397399 50
4787767354 824.5697096090817 908.7704616266178 -8.8227142 13.2399208 50
4787767360 800.8075278339998 928.3467357645925 -8.822537199999999 13.2397048 50
4892751290 1105.381492935963 548.6997379942029 -8.825969799999999 13.2424734 50
4892751293 1040.200508206181 547.4941934285324 -8.825980700000001 13.2418809 50
4892751306 1179.044256438017 463.1060738402167 -8.8267437 13.243143 50
4899494302 652.6129210332776 521.3703744943689 -8.8262169 13.2383577 50
4899494303 678.8173270463346 534.7198450504565 -8.8260962 13.2385959 50
4899494306 683.4377512802422 544.8397833760092 -8.8260047 13.2386379 50
4899494307 666.5842038362451 528.1391201284439 -8.826155699999999 13.2384847 50
4899494308 659.4775513241095 525.0423084005001 -8.8261837 13.2384201 50
4899494309 650.4897260877925 514.6016288602938 -8.8262781 13.2383384 50
4899494310 655.792212946758 514.0928669335777 -8.8262827 13.2383866 50
4899494311 659.7965806160747 517.5657200858225 -8.826251299999999 13.238423 50
4899494312 674.7139502859677 524.0026644632442 -8.826193099999999 13.2385586 50
4899494313 682.4476603728889 524.920647939733 -8.8261848 13.2386289 50
4899494314 696.3309350953505 519.1915462429139 -8.8262366 13.2387551 50
4899494315 650.0056816441353 518.5943039809026 -8.826242000000001 13.238334 50
4899494316 535.9582101348116 445.0007852732704 -8.8269074 13.2372973 50
5170532642 852.380263093733 705.132970426355 -8.824555399999999 13.2401736 50
5591497496 1245.985402780718 467.6959912228368 -8.8267022 13.2437515 50
5855124033 1142.608911049792 879.0521290797942 -8.8229829 13.2428118 50
5855124075 1122.114029269046 856.5007036746428 -8.8231868 13.2426255 50
5855124079 1146.723288820353 883.8190071323011 -8.8229398 13.2428492 50
5855125157 1211.816265469281 471.2905048356727 -8.8266697 13.2434409 50
5855125158 1203.686519019208 473.5025132127754 -8.826649700000001 13.243367 50
5855125159 1042.939759716082 539.7964042759687 -8.8260503 13.2419058 50
5855125160 1068.572113204801 518.6164240647264 -8.8262418 13.2421388 50
5855125161 1072.323457642444 556.1431461832327 -8.8259025 13.2421729 50
5855125164 1014.777173908882 520.2311901801697 -8.8262272 13.2416498 50
5855125165 1024.436060760237 532.7843377203596 -8.826113700000001 13.2417376 50
5855125167 1045.073955671936 535.3613274799393 -8.8260904 13.2419252 50
5855125168 1051.157514246835 553.7984173033632 -8.825923700000001 13.2419805 50
5855246026 1106.998641417577 542.3291538680768 -8.826027399999999 13.2424881 50
5855246027 1081.894336412944 554.9265415757383 -8.8259135 13.2422599 50
5855246029 1050.299435460415 509.1711482944802 -8.8263272 13.2419727 50
5855246030 1054.215795049401 523.792523667358 -8.826195 13.2420083 50
5855246032 1066.393913209043 514.8560098238277 -8.826275799999999 13.242119 50
5915107916 1207.657883658816 431.3637536281769 -8.8270307 13.2434031 50
5921880164 578.9171545008153 644.9663425677538 -8.825099399999999 13.2376878 50
5921880165 612.1952099957745 700.8084940489168 -8.8245945 13.2379903 50
5921880289 619.301862508085 625.6555094351369 -8.825274 13.2380549 50
5921880297 725.1975855474724 726.0917497997111 -8.8243659 13.2390175 50
5921880298 716.3637744526529 747.8136720633172 -8.8241695 13.2389372 50
5921880315 568.1141626014835 643.9488187141458 -8.8251086 13.2375896 50
5921880323 841.4672610933314 744.7058002933735 -8.8241976 13.2400744 50
5921880324 758.0906056894746 682.5815450210275 -8.8247593 13.2393165 50
5921880326 896.4063054377514 674.1095529367417 -8.8248359 13.2405738 50
5921880327 927.7261811382177 661.9213867785012 -8.8249461 13.2408585 50
5921880328 961.9063194600244 645.5635848295891 -8.825094 13.2411692 50
5971043322 653.7240230517202 507.7886430587471 -8.8263397 13.2383678 50
5971043371 638.4546210592788 370.8763845549223 -8.8275776 13.238229 50
5971055178 672.0847088766114 590.8495576206253 -8.825588700000001 13.2385347 50
5971055179 673.6358512981085 606.5658771404062 -8.825446599999999 13.2385488 50
5984579627 851.2691610752904 709.6012273480321 -8.824515 13.2401635 50
5984579628 849.2779782507389 714.8879273692548 -8.824467200000001 13.2401454 50
5984579629 839.7621045306868 784.4998309982782 -8.8238378 13.2400589 50
5984579630 866.0985226645025 801.9415170520937 -8.823680100000001 13.2402983 50
5984579631 884.5912206108524 677.416505460396 -8.824806000000001 13.2404664 50
5984579632 825.3837843550732 688.3548868856702 -8.824707099999999 13.2399282 50
5984579633 786.2861945272579 693.8517277027793 -8.8246574 13.2395728 50
5984579637 1086.448754586384 825.2450253054952 -8.8234694 13.2423013 50
5984579638 1103.775345464019 839.0258374951795 -8.823344799999999 13.2424588 50
5984579639 1023.302956721931 676.4100416489638 -8.8248151 13.2417273 50
5984579640 1026.768274897317 673.0367288738381 -8.8248456 13.2417588 50
5984579641 1030.090579941751 669.6634160985366 -8.824876099999999 13.241789 50
5984579642 1080.91524651561 643.4953569969014 -8.8251127 13.242251 50
5984579643 1087.251828322532 638.5183381483323 -8.8251577 13.2423086 50
5984579644 1071.542385926861 684.9815741101929 -8.824737600000001 13.2421658 50
5984579645 1075.161718243221 680.5796774398111 -8.8247774 13.2421987 50
5984579646 1071.98242633009 687.9124852100738 -8.8247111 13.2421698 50
5984579651 1079.804144497692 748.6652952883346 -8.824161800000001 13.2422409 50
5984579652 1074.424650568065 767.135565237758 -8.823994799999999 13.242192 50
5984579653 1034.810013266359 843.1291130345555 -8.823307700000001 13.2418319 50
5984579654 1029.936565800778 849.9420988362781 -8.8232461 13.2417876 50
5984579655 929.398334670629 964.6347331916047 -8.8222091 13.2408737 50
5984579656 924.5248872046984 969.324190951168 -8.8221667 13.2408294 50
5984734192 1177.196086744594 485.8123398316071 -8.8265384 13.2431262 50
5984734193 1229.890925032265 468.3485336939678 -8.8266963 13.2436052 50
5984734194 1192.718511968709 450.5529263000269 -8.826857199999999 13.2432673 50
5984734196 1063.401638466944 519.8662087980446 -8.826230499999999 13.2420918 50
5984734197 1019.903644606661 527.1215962750118 -8.8261649 13.2416964 50
5984734198 1039.386433460189 503.7406677284908 -8.8263763 13.2418735 50
5984734199 1020.057658747983 492.1718639160852 -8.8264809 13.2416978 50
5984734200 953.3695356371311 426.3535546539601 -8.827076 13.2410916 50
5984734201 951.0483225097205 413.2805851450545 -8.827194199999999 13.2410705 50
5984734202 951.5983730141943 399.6103733741375 -8.827317799999999 13.2410755 50
5984937677 993.4242133418915 314.0830694716227 -8.8280911 13.2414557 50
5984937678 994.0952749567549 303.8967708947744 -8.8281832 13.2414618 50
5984937915 937.3630659691843 657.2761691864096 -8.824988100000001 13.2409461 50
6045029747 1252.486999738457 468.0388525211382 -8.826699100000001 13.2438106 50
6045029755 1076.250818241449 517.6984405884135 -8.826250099999999 13.2422086 50
6045029757 1092.675326292236 516.8357573212203 -8.8262579 13.2423579 50
6045029760 1061.080425339708 513.3739642109754 -8.8262892 13.2420707 50
6045029762 1216.348681622507 413.7008667366512 -8.827190399999999 13.2434821 50
6045033218 602.492319104341 20.4721375304639 -8.830745800000001 13.2379021 50
6045033234 955.4047225019353 386.7586047027661 -8.827434 13.2411101 50
6045033235 930.7294568901615 414.1432684118959 -8.8271864 13.2408858 50
6045033236 944.2937023201332 424.3627471143919 -8.827094000000001 13.2410091 50
6045033237 916.8681841882637 405.1735744427178 -8.8272675 13.2407598 50
6045033238 909.4975074340855 400.8269779814561 -8.827306800000001 13.2406928 50
6045033239 924.0188407410021 409.4427506105086 -8.8272289 13.2408248 50
6045033240 937.7371003119467 419.0318069253457 -8.827142200000001 13.2409495 50
6045033241 950.5642780664131 430.1360889788585 -8.8270418 13.2410661 50
6045033242 933.9637538540893 399.2453919918364 -8.827321100000001 13.2409152 50
6045033243 917.8912781258506 401.8998020445356 -8.827297099999999 13.2407691 50
6045033244 947.0109518101704 391.8351639282785 -8.8273881 13.2410338 50
6045033245 940.5643599027037 396.4250813108985 -8.8273466 13.2409752 50
6045033246 926.0760296261953 401.3799800758197 -8.827301800000001 13.2408435 50
6045033247 909.7835336963419 400.074895133206 -8.8273136 13.2406954 50
6045033248 953.0945103848942 386.515283781408 -8.827436199999999 13.2410891 50
6045033249 833.2825095931616 374.371357790815 -8.827546 13.24 50
6045033250 804.118831868414 361.4864089939717 -8.827662500000001 13.2397349 50
6045033251 732.6452693724868 351.0125493281176 -8.827757200000001 13.2390852 50
6045033252 732.1722259388491 345.0733068355881 -8.827810899999999 13.2390809 50
6045033253 733.5583532090041 355.5471665012662 -8.827716199999999 13.2390935 50
6045033254 731.0941269509899 330.5846519651255 -8.827941900000001 13.2390711 50
6045033257 760.5878349780721 366.6072083869558 -8.8276162 13.2393392 50
6045033258 800.7855258139607 366.695688722251 -8.827615399999999 13.2397046 50
6045033259 808.0461924672441 367.2044506487911 -8.8276108 13.2397706 50
6045033260 793.5138581503079 366.7067487640749 -8.8276153 13.2396385 50
6045033261 778.8275096922239 369.1178378950641 -8.827593500000001 13.239505 50
6045033262 787.6943238174517 350.7581683645838 -8.827759500000001 13.2395856 50
6045033265 667.057247269708 521.9454966725563 -8.8262117 13.238489 50
6045033266 688.4212088468928 523.8920640443012 -8.8261941 13.2386832 50
6045033267 682.2936462317411 539.5862634802583 -8.826052199999999 13.2386275 50
6084512993 1219.869004848691 401.0481788191663 -8.8273048 13.2435141 50
6084512994 1261.606837095708 468.9900161234507 -8.8266905 13.2438935 50
6130551396 396.5094063482281 937.7035311998955 -8.8224526 13.2360297 50
6130551397 349.755113504153 983.1050031406764 -8.822042100000001 13.2356047 50
6130551400 444.0007668678085 891.1296948189158 -8.822873700000001 13.2364614 50
6130551401 525.4412444972114 814.3066438805729 -8.8235683 13.2372017 50
6130551402 541.2496959837575 798.6456245700875 -8.823709900000001 13.2373454 50
6202559563 995.2943850555284 625.1246274245971 -8.8252788 13.2414727 50
6202559565 818.079113661187 682.0838431363113 -8.824763799999999 13.2398618 50
6202559566 797.2872046081652 683.1898473248627 -8.8247538 13.2396728 50
6202559567 838.7940156437223 679.2192922877259 -8.8247897 13.2400501 50
6202559570 930.0253922452395 745.9224049006921 -8.824186600000001 13.2408794 50
6202561195 965.272628544711 632.2583544407973 -8.825214300000001 13.2411998 50
6202561196 918.4963336802471 656.7121070503979 -8.8249932 13.2407746 50
6202561198 1028.242410247978 587.7527458926814 -8.825616699999999 13.2417722 50
6202561199 1034.633997105173 572.2355071269628 -8.825756999999999 13.2418303 50
6202561200 986.2185517387055 618.0351405756926 -8.825342900000001 13.2413902 50
6202561201 941.9614881830529 645.5304047037655 -8.8250943 13.2409879 50
6202561202 893.6120488772278 665.4384800982176 -8.8249143 13.2405484 50
6268063215 605.3855847557397 279.2881776991107 -8.828405699999999 13.2379284 50
6268063216 528.3565121688242 324.7449498493633 -8.8279947 13.2372282 50
6268063217 437.2021426377934 388.9374329545728 -8.827414299999999 13.2363996 50
6268063219 423.967927510506 392.2001453105796 -8.827384800000001 13.2362793 50
6287613229 667.2332634308947 766.0295610490307 -8.824004800000001 13.2384906 50
6287613230 660.2916260699262 755.633121676472 -8.8240988 13.2384275 50
6287613232 654.3840836563893 747.2717300107774 -8.8241744 13.2383738 50
6288850311 636.9914867182877 726.4567311818363 -8.824362600000001 13.2382157 50
6288850312 740.1039542073459 676.896683491856 -8.8248107 13.239153 50
6288850313 651.6998371967605 601.8653593388431 -8.8254891 13.2383494 50
6290466702 762.1389773993942 331.4915753997905 -8.827933700000001 13.2393533 50
6453239925 559.6323838288627 659.0900160557394 -8.824971700000001 13.2375125 50
6453239926 657.7943967815038 591.4578599244604 -8.825583200000001 13.2384048 50
6453239927 671.9636977658721 594.1012099349839 -8.8255593 13.2385336 50
6517846772 1006.812442610326 607.9262622923156 -8.8254343 13.2415774 50
6559153866 979.0128901356945 636.3395098968773 -8.825177399999999 13.2413247 50
6559153867 996.5154971746909 612.7595005962938 -8.8253906 13.2414838 50
6559153868 1124.589256537255 591.00439820704 -8.8255873 13.242648 50
6559177789 1083.797511157164 517.9196414259479 -8.826248100000001 13.2422772 50
6874274304 691.963534092941 210.3951767926899 -8.829028599999999 13.2387154 50
6874274305 713.6905290030437 255.5201476864649 -8.828620600000001 13.2389129 50
8089517299 448.2251547389147 382.0027866919073 -8.827477 13.2364998 50
