304185892 5921880289
5921880289 4257397490
304185955 3882503600
3882503600 4787692368
4787692368 3882503601
3882503601 5921880315
5921880315 304185892
4257397490 4257397493
4257397493 4257397492
4257397492 6288850313
6288850313 4257397491
4351256258 4351256259
4351256259 4604722437
4604722437 4351256260
4351256260 2131536670
2131536670 6045033262
6045033262 4350987071
4350987071 6045033250
6045033250 304186556
304186560 4351302545
4351302545 4351302546
4351302546 304186573
304186573 5984734199
5984734199 304186572
304186572 5984734198
5984734198 4321224207
4321224207 5855246029
5855246029 4604722426
4604722426 6045029760
6045029760 5855246032
5855246032 6045029755
4351256258 6290466702
6290466702 4351256263
4351256263 4351256265
4351256265 4350987073
4350987073 1567205480
1567205480 304186605
304186605 6045033257
6045033257 4602985282
4257397503 4351256246
4351256246 4351256245
4351256245 4257397510
4257397510 4257397512
4257397512 4257397513
4257397513 4257397518
4236319481 6045033218
6045033218 2131949268
2131949268 4274242692
4274242692 4261412634
4261412634 748854487
748854487 6874274304
6874274304 2069177397
2069177397 6874274305
6874274305 304186707
304186707 4350987070
4350987070 4351256258
2131901451 6130551402
6130551402 747238106
747238106 6130551401
6130551401 4257303148
4257303148 347556071
347556071 6130551400
6130551400 4257303149
4257303149 1572484618
1572484618 6130551396
6130551396 1565420646
1565420646 6130551397
6130551397 4257303157
4257303157 347556075
4257397510 771144545
771144545 771231708
771231708 348003485
348003485 2173581960
2173581960 348003342
348003342 348002707
348002707 8089517299
8089517299 6268063217
6268063217 6268063219
6268063219 2049308476
430593002 6202559570
6202559570 4571199796
4571199796 430593003
430593003 4745332039
4745332039 430593004
430593004 4657149367
4657149367 5984579637
5984579637 4745332041
4745332041 5984579638
5984579638 430593005
430593005 5855124075
5855124075 4654422887
4654422887 5855124033
5855124033 5855124079
5855124079 304186771
430593003 4745332038
4745332038 430593019
430593019 4654472090
4654472090 4654472091
4654472091 4654472092
4654472092 4654422881
4654422881 430593021
304186894 5984579656
5984579656 5984579655
5984579655 4745332034
4745332034 430593029
430593029 430593027
430593027 4745332042
4745332042 5984579654
5984579654 5984579653
5984579653 4654422888
4654422888 430593004
430593004 4654472089
4654472089 5984579652
5984579652 2323253860
2323253860 5984579651
5984579651 4745332040
4745332040 4654422882
4654422882 430593023
430593023 2323253867
2323253867 5984579646
5984579646 5984579644
5984579644 1567306720
771239792 747238658
747238658 747238680
747238680 747238699
747238699 1572484623
1572484623 1640655883
1640655883 1572484632
1572484632 4604299270
4604299270 4604299269
4604299269 747238742
747238742 747238750
747238750 4654422869
4654422869 747238763
747238763 747238526
747238526 4654422870
4654422870 747238778
747238778 747238794
747238794 747238805
747238805 747238818
747238818 747238833
2173581955 747238833
304186558 6045033247
6045033247 6045033243
6045033243 6045033246
6045033246 6045033242
6045033242 6045033245
6045033245 6045033244
6045033244 6045033248
6045033248 748854467
304185955 747238926
747238926 304185463
304185463 747239287
747239287 3878871232
3878871232 4657149375
4657149375 4257303178
4257303178 4657149376
4657149376 747238472
430593021 4654422880
4654422880 1567306670
1567306670 5984579639
5984579639 5984579640
5984579640 5984579641
5984579641 4654422885
4654422885 4654422886
4654422886 4745332028
4745332028 4745332029
4745332029 5984579642
5984579642 5984579643
5984579643 4745332030
4745332030 4745332032
304186174 6288850312
6288850312 5921880324
430420644 4189768212
4189768212 430420648
430420648 2487916213
2487916213 4787767360
4787767360 4787767349
4787767349 304186895
304186895 4787767348
4787767348 4787767354
4787767354 2487947869
2487947869 430593001
430593001 430593002
4257397499 1567205746
4351154772 348002719
348002719 2049307646
2049307646 6268063216
6268063216 348003342
348003342 348003551
348003551 348003553
348003553 4657149490
4657149490 348003554
348003554 348003557
348003557 4899494316
748854467 748854468
748854468 748854469
748854469 5984937677
5984937677 4241426908
4241426908 5984937678
5984937678 3071379777
3071379777 748854471
748854471 4351286634
4351286634 748854476
748854476 3071379762
748854467 6045033234
6045033234 4231223241
4231223241 5984734202
5984734202 4231223239
4231223239 5984734201
5984734201 4231223240
4231223240 5984734200
5984734200 4572264259
4602985282 4351256253
4351256253 4351256254
4351256254 4351256257
4351256257 1567205542
1567205542 304186646
304186646 4657149379
4657149379 304186647
304186647 304186190
304186190 304186191
304186191 304186192
304186317 4231223249
4231223249 4231223248
4231223248 304186316
304186316 304186315
304186315 4892751306
4892751306 4330990543
4330990543 5984734194
5984734194 1567205313
1567205313 4330990495
4330990495 5915107916
5915107916 4330990492
4330990492 6045029762
6045029762 6084512993
304186556 6045033249
6045033249 304186557
304186557 2487947875
5855125161 6202561198
748854463 348003484
348003484 4350987631
4350987631 2049307647
2049307647 6268063215
6268063215 348003485
348003485 348003347
348003347 4657149386
4657149386 5971043371
5971043371 348003348
348003348 4657149387
4657149387 348003349
348003349 4657149388
4657149388 348003351
348003351 348003352
348003352 2173581956
2323253860 2323253849
2323253867 4745332037
4745332037 2323253858
4257397504 6045033254
6045033254 4351256244
4351256244 4257397503
430593001 4745316580
4745316580 5984579630
5984579630 2487947880
2487947880 4745316582
4745316582 4745316581
4745316581 5984579629
5984579629 2487947985
2487947985 4745316579
4745316579 4657149364
4657149364 5921880323
5921880323 2487947923
2487947923 5984579628
5984579628 5984579627
5984579627 5170532642
5170532642 304186114
304186192 5971055178
5971055178 6453239927
6453239927 3882503604
3882503604 304186193
304186193 5971055179
5971055179 3882503605
3882503605 304186194
304186358 4330990514
4330990514 5855246026
5855246026 4604722432
4604722432 4892751290
4892751290 4330990513
4330990513 4604722433
4604722433 430593018
430593018 4330990519
4330990519 4604722434
4604722434 4330990518
4330990518 5855246027
5855246027 5855125161
4330990540 5855125168
5855125168 4351302548
4351302548 4892751293
4604722435 5855125165
5855125165 5984734197
5984734197 5855125164
5855125164 304186561
304186561 304186560
6084512994 6045029747
6045029747 5591497496
5591497496 4330990506
4330990506 5984734193
5984734193 4330990504
4330990504 5855125157
5855125157 5855125158
5855125158 4330990502
4330990502 4330990511
4330990511 5984734192
5984734192 304186357
304186357 4330990512
4330990512 304186358
304186358 5855125161
4257303171 6453239925
6453239925 304185955
1567205746 6045033253
6045033253 6045033251
6045033251 6045033252
6045033252 4257397504
5855125161 4231223258
4231223258 4330990540
304186556 6045033259
6045033259 6045033258
6045033258 6045033260
6045033260 304186668
304186668 6045033261
6045033261 4602985281
4602985281 4257223895
4257223895 4602985282
4892751293 5855125159
5855125159 5855125167
5855125167 4231223251
4231223251 4231223250
4231223250 5855246030
5855246030 304186319
304186319 5984734196
5984734196 5855125160
5855125160 6045029755
6045029755 6559177789
6559177789 6045029757
6045029757 304186317
747238106 747238067
747238067 347558621
347558621 347558620
347558621 4700192637
4700192637 747238343
747238343 4700192636
4700192636 747238330
747238330 4700192634
4700192634 747238315
747238315 4700192635
4700192635 747238296
747238296 747238067
747238833 747238841
747238841 747238858
747238833 747238926
1567306655 1567306650
1567306650 430593021
1567306720 5984579645
5984579645 1567306665
4257397490 4231195441
4231195441 304185894
304185894 4787692373
4787692373 304185895
304185895 304186194
304186194 304185896
304185896 304186174
4257397491 6453239926
6453239926 4899494306
4899494306 4899494314
4899494314 4257397496
4257397496 4657149378
4657149378 4257397497
4257397497 4657149377
4657149377 4257397498
4257397498 4257397499
304186174 3882503607
3882503607 304185897
304185897 3882503606
3882503606 4787692381
4787692381 304185898
304186172 6202559566
6202559566 6202559565
6202559565 6202559567
6202559567 2487947881
2487947881 2487947905
2487947905 6202561202
6202561202 6202561196
6202561196 6202561201
6202561201 6202561195
6202561195 6202561200
6202561200 6559153867
6559153867 6517846772
304185898 5921880297
5921880297 5921880298
5921880298 4657149363
4892751293 4604722435
4899494306 6045033267
6045033267 4899494303
4899494303 4899494307
4899494307 4899494308
4899494308 4899494302
4899494302 4899494315
4899494315 4899494309
4899494309 5971043322
5971043322 4899494310
4899494310 4899494311
4899494311 6045033265
6045033265 4899494312
4899494312 4899494313
4899494313 6045033266
6045033266 4899494314
5971043322 771231700
771231700 4657149380
4657149380 771231701
771231701 4657149381
4657149381 771231702
771231702 4657149384
4657149384 771231703
771231703 4657149383
4657149383 771231704
771231704 4657149382
4657149382 771231705
771231705 4657149385
4657149385 771231706
771231706 771231707
771231707 771231708
304185903 6287613229
6287613229 6287613230
6287613230 6287613232
6287613232 304185904
304185904 6288850311
6288850311 2131901451
2131901451 5921880165
5921880165 304185888
304185888 4257303171
430593002 1567306655
1567306655 4745332027
4745332027 6202559563
2487947875 304186558
304186558 6045033238
6045033238 6045033237
6045033237 6045033239
6045033239 6045033235
6045033235 6045033240
6045033240 6045033236
6045033236 6045033241
6045033241 4572264259
4572264259 304186560
3882503609 304186116
304186116 3882503608
3882503608 4787692380
4787692380 304185898
5921880324 4602961088
4602961088 304186172
4257303171 3882503597
3882503597 4787692365
4787692365 4787692369
4787692369 3882503602
3882503602 5921880164
5921880164 304185892
1567306665 4745332032
4745332032 6559153868
6559153868 430593018
6517846772 6202561198
6202561198 6202561199
6202561199 4330990542
4330990542 4892751293
6202559563 6559153866
6559153866 5921880328
5921880328 304186362
304186362 5984937915
5984937915 5921880327
5921880327 304186363
304186363 5921880326
5921880326 5984579631
5984579631 4654422879
4654422879 304186114
304186114 5984579632
5984579632 304186115
304186115 5984579633
5984579633 2487947930
2487947930 3882503609
6202559563 6517846772
