308525941 589.3709357583568 155.7063672216728 17.3755549 78.4693709 50
308527202 150.2040932228768 281.8408094156692 17.3766946 78.4652384 50
308780154 379.7823460795511 247.8087474913565 17.3763871 78.4673987 50
308780155 460.9418663807611 210.8659758814994 17.3760533 78.4681624 50
734864521 419.0921621834877 358.3935809043499 17.3773863 78.4677686 50
734864523 414.6818962513187 386.0287219198331 17.377636 78.4677271 50
734864525 412.6308569149388 416.0212057619939 17.377907 78.4677078 50
1210844251 410.112223117499 441.398609987078 17.3781363 78.4676841 50
1210844252 421.9402375335297 513.8453993700077 17.3787909 78.4677954 50
1210844254 492.0050165487363 945.7371666926185 17.3826933 78.4684547 50
1210844257 479.5287461768016 874.5520537513826 17.3820501 78.4683373 50
1210846552 476.5106364785123 854.475904050496 17.3818687 78.4683089 50
1210846554 624.4617745729166 871.5860073788604 17.3820233 78.46970109999999 50
1210846557 604.939705856108 767.3427581884227 17.3810814 78.4695174 50
1210846560 619.7752028238318 846.5959599566374 17.3817975 78.469657 50
1210846565 470.8782486620629 822.2146160806108 17.3815772 78.4682559 50
1210846579 610.4339407654514 794.7897544714899 17.3813294 78.4695691 50
1210846580 615.8962942336535 826.1213861159167 17.3816125 78.4696205 50
1210847712 584.4824482185313 885.8186030322479 17.3821519 78.4693249 50
1210847725 590.6143119371822 930.8626654810591 17.3825589 78.4693826 50
1210847727 483.6733334386512 903.9801033955916 17.382316 78.4683763 50
1210848644 394.734741661188 835.7278348152543 17.3816993 78.46753940000001 50
1210848646 356.8277089363754 968.5690833589611 17.3828996 78.4671827 50
1210848652 467.2331373010628 804.3187318102553 17.3814155 78.46822160000001 50
1210848655 398.9749732437576 895.3475803710132 17.382238 78.4675793 50
1210848658 412.8752812920653 827.7150826745494 17.3816269 78.46771010000001 50
1210848677 383.62937322994 918.4451131303438 17.3824467 78.4674349 50
1210851300 437.8065677427418 868.9298464482749 17.3819993 78.4679447 50
1210851307 425.0433644059427 912.3138083152064 17.3823913 78.4678246 50
1210851312 430.8245322787985 955.3768174035797 17.3827804 78.467879 50
1210851315 428.4227970966235 818.8833475798781 17.3815471 78.4678564 50
1210851322 422.5247306085029 881.0485806943786 17.3821088 78.4678009 50
1210851324 447.8704757859049 953.4843027403351 17.3827633 78.46803939999999 50
1210852818 466.096032590906 949.610734716653 17.3827283 78.4682109 50
1320897013 729.6173924053869 909.0821458500479 17.3823621 78.4706906 50
1320897015 638.7234056122638 797.6561948091417 17.3813553 78.4698353 50
1320897017 656.9702167104577 816.6366781260999 17.3815268 78.470007 50
1320897025 638.7234056122638 655.7286624151003 17.3800729 78.4698353 50
1320897027 625.6095064310218 746.2262787898819 17.3808906 78.46971189999999 50
1320897029 644.14325049408 808.7013973459675 17.3814551 78.4698863 50
1320897030 714.5480982084852 862.8096089708147 17.381944 78.4705488 50
1320897033 628.4682089276603 569.8793276693709 17.3792972 78.4697388 50
1320897036 634.0262067152305 622.8586708983146 17.3797759 78.46979109999999 50
1320897038 601.7728161014123 411.5167995171128 17.3778663 78.46948759999999 50
1320897041 632.4640161331035 699.9094725613479 17.3804721 78.4697764 50
1320897047 687.8952139713269 839.5792681646381 17.3817341 78.470298 50
1320897049 636.4385690453539 675.7052060811163 17.3802534 78.4698138 50
1320897052 723.666190184284 889.7253730679058 17.3821872 78.4706346 50
1320897058 700.4352472241924 847.6473569912648 17.381807 78.470416 50
1320899892 490.1346387085522 326.0990909224892 17.3770945 78.4684371 50
1320899903 622.1981922991996 320.5764896542522 17.3770446 78.46967979999999 50
1320899906 577.1603440567416 326.2429663063084 17.3770958 78.469256 50
1320899908 529.986439301076 324.737808445573 17.3770822 78.46881209999999 50
1320899909 716.4397303418623 310.0846539780529 17.3769498 78.4705666 50
1320899911 556.6393235368821 325.1140979107568 17.3770856 78.4690629 50
1320901077 530.1245922095339 178.3833411672228 17.3757598 78.4688134 50
1320901083 533.8228393048684 210.644629137108 17.3760513 78.4688482 50
1320901850 500.0497666966611 370.2356317201402 17.3774933 78.46853040000001 50
1320901851 523.4613711502443 423.6576684375148 17.377976 78.4687507 50
1320901852 515.6504182342017 369.6490628475381 17.377488 78.4686772 50
1320902147 418.071956088596 323.5536033640996 17.3770715 78.467759 50
1320902149 419.963588223325 339.2138855176503 17.377213 78.4677768 50
1320902153 419.3684680017556 235.4797338388906 17.3762757 78.4677712 50
1320902155 415.670220907773 284.1649502300194 17.3767156 78.46773640000001 50
1320902158 422.9391893338765 267.5971464249565 17.3765659 78.4678048 50
1320927469 228.7280811113818 269.9544892509302 17.3765872 78.46597730000001 50
1320927472 247.9950983044675 393.8422619907967 17.3777066 78.4661586 50
1320927567 235.4444379036537 403.0945558996007 17.3777902 78.46604050000001 50
1320927568 249.4403902726816 528.9965840118806 17.3789278 78.4661722 50
1320928046 298.3890285464591 487.4498001219198 17.3785524 78.4666328 50
1320928047 114.3374726878478 534.995080780172 17.378982 78.4649009 50
1320928048 23.30533298626665 540.8829041766196 17.3790352 78.4640443 50
1320928051 112.8390449852996 487.9256956219742 17.3785567 78.4648868 50
1320928194 0 441.7084954283108 17.3781391 78.463825 50
1320928195 170.650723711153 413.0551593894718 17.3778802 78.46543079999999 50
1320928434 174.7953109743547 454.6904819773299 17.3782564 78.46546979999999 50
1320928436 117.2280566242756 458.7521947337801 17.3782931 78.46492809999999 50
1320928438 176.2087215027792 485.9667769354827 17.378539 78.4654831 50
2852234088 367.5186186436016 310.9368389432911 17.3769575 78.46728330000001 50
2852234202 376.6898463523826 360.9833378116882 17.3774097 78.4673696 50
2852234251 91.09590258115986 507.6698252062736 17.3787351 78.4646822 50
2852234286 352.9594274927936 680.3313530351663 17.3802952 78.4671463 50
2852234288 359.1656812376197 705.0447170277801 17.3805185 78.4672047 50
2852234298 336.0197554530038 715.9349768431096 17.3806169 78.46698689999999 50
2852234301 367.6567715520595 736.586628078921 17.3808035 78.4672846 50
2852234305 302.37420860801 764.7530012810844 17.381058 78.4666703 50
2852234306 271.4385842005443 771.028181479689 17.3811147 78.46637920000001 50
2852234310 239.7803138082955 799.6151134956331 17.381373 78.4660813 50
2852234311 389.0704724035971 806.55433392706 17.3814357 78.4674861 50
2852234319 350.865879568676 824.7822383136509 17.3816004 78.4671266 50
2852234320 247.6656567518654 828.3569882327215 17.3816327 78.4661555 50
2852234321 353.5120391279773 830.9135431284362 17.3816558 78.4671515 50
2852234322 145.4006228571749 831.1238225355025 17.3816577 78.4651932 50
2852234325 386.0523627053078 839.6014028392885 17.3817343 78.4674577 50
2852234329 297.6663825643801 916.2537803621358 17.3824269 78.46662600000001 50
2852234331 361.9818751478723 879.1449986938089 17.3820916 78.4672312 50
2852234336 360.5684646194477 899.7081112320752 17.3822774 78.46721789999999 50
2852234337 350.6427094847425 916.5747331417497 17.3824298 78.4671245 50
2852234339 350.4195394008088 931.4713690276076 17.3825644 78.46712239999999 50
2852234343 358.1773565838693 961.2646408000273 17.3828336 78.46719539999999 50
2852234344 309.0374296672994 972.8853448714262 17.3829386 78.466733 50
2852277936 454.172373852803 9.927401477895586 17.3742377 78.4680987 50
2852277937 530.4646609073804 33.58936843517789 17.3744515 78.4688166 50
2852277938 500.7936669746369 41.71279394843039 17.3745249 78.4685374 50
2852277939 496.5321810961703 43.07407642499449 17.3745372 78.4684973 50
2852277940 446.8927782787511 45.76343936755539 17.3745615 78.4680302 50
2852277941 470.2406198527556 51.4741853685603 17.3746131 78.4682499 50
2852277942 449.6877178931069 59.0553113578073 17.3746816 78.4680565 50
2852277943 450.2615838201315 62.80713867267269 17.3747155 78.4680619 50
2852277945 450.6654154002607 66.00559912655949 17.3747444 78.4680657 50
2852277950 406.7434175734145 83.35918387326161 17.3749012 78.46765240000001 50
2852277953 367.7417887261831 109.6662444238041 17.3751389 78.46728539999999 50
2852277955 448.6462575036702 113.6947551686308 17.3751753 78.4680467 50
2852277956 523.5251340311751 132.4206897299263 17.3753445 78.46875129999999 50
2852277959 373.9161610312198 128.0712262058376 17.3753052 78.4673435 50
2852277967 382.7898286312441 145.2809355690725 17.3754607 78.467427 50
2852277970 385.4359881891934 155.075529000474 17.3755492 78.4674519 50
2852277977 390.1225599396303 176.2916144342372 17.3757409 78.467496 50
2852277986 397.4552912480166 208.7299797995652 17.376034 78.46756499999999 50
2852277993 311.9492678955683 234.8820976296673 17.3762703 78.4667604 50
2852278002 557.0537822636079 260.6357913192312 17.376503 78.46906679999999 50
2852278003 315.7325321650263 257.0831760748109 17.3764709 78.466796 50
2852278006 280.4078961199365 260.1488284822036 17.3764986 78.4664636 50
2852278007 283.8192102504067 273.6288452052234 17.3766204 78.4664957 50
2852278013 193.5947337063802 275.4438885078957 17.3766368 78.46564669999999 50
2852278017 163.1692123477125 282.0400214854103 17.3766964 78.46536039999999 50
2852278024 131.5003148088672 297.3461488484276 17.3768347 78.46506239999999 50
2852278037 560.7732836521353 325.2911753058476 17.3770872 78.4691018 50
2852278044 156.2084311783141 344.2495239485077 17.3772585 78.4652949 50
2852278045 188.3768046166566 348.5547181236477 17.3772974 78.4655976 50
2852278046 181.73483785056 340.7743800643076 17.3772271 78.4655351 50
2852278047 144.9117741042741 352.7160369146165 17.377335 78.4651886 50
2852278048 462.7484813400146 349.3847684142357 17.3773049 78.4681794 50
2852278050 42.26416292129511 351.6425052053388 17.3773253 78.46422269999999 50
2852278054 52.61500392797075 372.8807253134004 17.3775172 78.46432009999999 50
2852278055 465.4477766336502 375.9131757091696 17.3775446 78.4682048 50
2852278057 808.4070589642115 380.9266794657286 17.3775899 78.47143199999999 50
2852278058 194.5511769216932 375.2380681393741 17.3775385 78.4656557 50
2852278059 213.8394484079718 391.6509292232926 17.3776868 78.4658372 50
2852278060 229.7376600596771 396.044662095978 17.3777265 78.4659868 50
2852278061 523.057539571467 404.2123569578271 17.3778003 78.4687469 50
2852278063 311.2159947655408 411.8709543076464 17.3778695 78.4667535 50
2852278065 155.6770738363234 413.3429101567583 17.3778828 78.4652899 50
2852278067 434.8841023665244 415.9326670644485 17.3779062 78.4679172 50
2852278070 59.89459950607875 430.9842456710989 17.3780422 78.46438860000001 50
2852278074 38.05581277986687 464.4186713854843 17.3783443 78.4641831 50
2852278077 39.81991915138235 477.2235805387086 17.37846 78.46419969999999 50
2852278078 5.834303605837931 485.5130161097267 17.3785349 78.46387989999999 50
2852278083 273.1920634268153 528.387880465332 17.3789223 78.46639570000001 50
2852278084 56.7383368966274 538.271012594631 17.3790116 78.46435889999999 50
2852278086 251.9590240701214 554.2411801904705 17.3791559 78.4661959 50
2852278087 397.0620868158356 554.7502777021484 17.3791605 78.4675613 50
2852278088 267.0283182670231 555.5471259811128 17.3791677 78.4663377 50
2852278089 387.4126374993981 569.4809035298887 17.3792936 78.4674705 50
2852278090 272.2568745060472 586.7459495793976 17.3794496 78.4663869 50
2852278092 408.2737267171041 625.8579192828123 17.379803 78.4676668 50
2852278093 396.4988480354075 627.6950972597829 17.3798196 78.467556 50
2852278095 442.4506309040887 656.3816353109494 17.3800788 78.4679884 50
2852278096 422.0465090008463 660.9967149276742 17.3801205 78.4677964 50
2852278097 403.0132890369387 665.4679191609318 17.3801609 78.4676173 50
2852278098 386.5518386061573 670.5146249291145 17.3802065 78.4674624 50
2852278099 432.4079771568223 817.1679103120762 17.3815316 78.46789390000001 50
2852278100 418.8689920995541 823.9632553596841 17.381593 78.4677665 50
2854814652 338.8465765085008 453.9711050585857 17.3782499 78.46701349999999 50
2854814655 305.5198440668086 461.5300963735343 17.3783182 78.46669989999999 50
2854814662 324.0535881298669 491.3012334709517 17.3785872 78.4668743 50
2854814663 387.2638574443437 490.869607319846 17.3785833 78.4674691 50
2854814665 339.8349011636033 499.2475815887615 17.378659 78.4670228 50
2854814668 350.7702352466039 497.1337201814776 17.3786399 78.4671257 50
2854814677 381.9396568845996 529.6716915816761 17.3789339 78.46741900000001 50
2854814678 363.8309986948635 536.1792858619974 17.3789927 78.4672486 50
2854814687 359.5588856711526 613.1526161644585 17.3796882 78.4672084 50
2854814697 362.417588167791 613.5621076412658 17.3796919 78.4672353 50
2854814698 347.7308712564736 614.5581679903235 17.3797009 78.4670971 50
2854814699 335.350245203907 612.8537980598469 17.3796855 78.4669806 50
2854814805 379.7610917850062 630.8714230390194 17.3798483 78.4673985 50
2854814807 366.2539881702314 633.6050553305289 17.379873 78.4672714 50
3059834359 639.5735773575562 318.440493572318 17.3770253 78.46984329999999 50
3059834361 437.253956107558 619.0625742348526 17.3797416 78.4679395 50
3506488554 162.7547536223386 532.2282464773907 17.378957 78.4653565 50
3612559217 556.3523905733698 229.8243245238075 17.3762246 78.4690602 50
3612559647 652.868138036346 317.3226925140916 17.3770152 78.4699684 50
3612559666 464.8420292654843 323.1883812358889 17.3770682 78.46819910000001 50
3612559699 174.8803281498303 339.5459056338855 17.377216 78.4654706 50
3612559777 661.3486012014854 372.858590639102 17.377517 78.47004819999999 50
3612559791 628.1281402298138 376.9092360578751 17.3775536 78.46973560000001 50
3612559878 668.713213952365 428.6490375201275 17.3780211 78.4701175 50
3612559883 725.3346522350794 434.913150381055 17.3780777 78.4706503 50
3612559888 679.5422765666971 437.8570620792788 17.3781043 78.4702194 50
3612559889 731.7959575049804 437.4365032651463 17.3781005 78.4707111 50
3612559890 675.8121480315732 437.613580660589 17.3781021 78.4701843 50
3612559907 736.0468162341465 446.091160964023 17.3781787 78.4707511 50
3612559935 755.218189106512 453.8050950004681 17.3782484 78.47093150000001 50
3612559939 741.2541181799777 458.2873665710509 17.3782889 78.47080010000001 50
3612559954 411.6850408462223 467.5175258045005 17.3783723 78.4676989 50
3612559958 579.572706386865 465.879559897623 17.3783575 78.4692787 50
3612559963 610.9971795472316 461.6297024084049 17.3783191 78.4695744 50
3612559965 698.5648693826563 469.6535218867868 17.3783916 78.47039839999999 50
3612559969 520.6983129756779 476.1611161664041 17.3784504 78.4687247 50
3612560005 489.7095528352299 480.5327143651431 17.3784899 78.4684331 50
3612560024 458.6357755193063 490.8364053082225 17.378583 78.46814070000001 50
3612560489 337.5819460378347 638.6960304476601 17.379919 78.4670016 50
3612560496 544.3118332213539 636.7813811101173 17.3799017 78.46894690000001 50
3612560579 552.3353290733817 687.7354016293225 17.3803621 78.4690224 50
3612560701 493.4396813703538 697.9173518635851 17.3804541 78.4684682 50
3612560706 868.7479986368053 696.9212915145274 17.3804451 78.47199980000001 50
3612560720 861.882861788127 703.6391652019151 17.3805058 78.4719352 50
3612560757 808.5452118740213 721.7231942043345 17.3806692 78.4714333 50
3612560780 763.7199065675484 727.4892768916134 17.3807213 78.4710115 50
3612560818 691.3171552497456 746.2152114525568 17.3808905 78.47033020000001 50
3612560820 797.174164771102 749.0484497785849 17.3809161 78.4713263 50
3612560828 765.4096229115368 753.2872399304779 17.3809544 78.4710274 50
3612560841 627.4692571259615 760.8462312454267 17.3810227 78.46972940000001 50
3612560863 786.6639165627756 776.5618500848991 17.3811647 78.4712274 50
3612560865 802.8596883218856 776.3737053524833 17.381163 78.47137979999999 50
3612560868 234.5942661570093 780.855976923066 17.3812035 78.4660325 50
3612560873 770.149330396308 779.1958763411862 17.3811885 78.47107200000001 50
3612560878 804.6769304304396 785.1390364235558 17.3812422 78.4713969 50
3612560881 756.05773370656 781.8409699344463 17.3812124 78.47093940000001 50
3612560886 314.3084944913574 781.1658623646508 17.3812063 78.4667826 50
3612560892 497.0954198779505 789.5659713082166 17.3812822 78.46850259999999 50
3612560893 735.0691187256406 789.5659713082166 17.3812822 78.47074189999999 50
3612560894 751.179873313331 782.4828754929704 17.3812182 78.4708935 50
3612560907 864.539648494025 804.2191257753848 17.3814146 78.4719602 50
3612560917 640.4237491042006 800.7550492285097 17.3813833 78.4698513 50
3612560919 612.3999629277077 805.7464183107704 17.3814284 78.4695876 50
3612560920 698.5648693826563 802.2823417635436 17.3813971 78.47039839999999 50
3612560937 807.1424284935453 810.604979346185 17.3814723 78.4714201 50
3612560938 830.3521171577398 809.8302657411671 17.3814653 78.4716385 50
3612560943 754.4424073887468 803.1566614030801 17.381405 78.4709242 50
3612560951 645.9711197478783 810.0737471602088 17.3814675 78.4699035 50
3612560956 755.7070378607649 811.1804808807581 17.3814775 78.4709361 50
3612560962 756.6847353692709 817.3560550448442 17.3815333 78.4709453 50
3612560975 758.3425702721179 829.9174827793788 17.3816468 78.47096089999999 50
3612560988 899.5667244290059 839.0369686409847 17.3817292 78.4722898 50
3612560997 759.8835065637561 841.6267255483231 17.3817526 78.4709754 50
3612561005 834.9642988792974 847.5698856310446 17.3818063 78.47168189999999 50
3612561007 358.5811881639985 851.4323863177538 17.3818412 78.4671992 50
3612561021 761.8920373123981 856.8996508997168 17.3818906 78.4709943 50
3612561088 620.9866975628677 877.8390529031667 17.3820798 78.4696684 50
3612561402 765.5690301131876 884.8557446951659 17.3821432 78.47102889999999 50
3612561414 840.6391952848367 889.160938869954 17.3821821 78.47173530000001 50
3636433759 480.4426808043768 794.800821808815 17.3813295 78.4683459 50
3636433764 423.3855295017437 894.8716848709589 17.3822337 78.467809 50
3636637068 419.9742153712735 740.8032835565157 17.3808416 78.4677769 50
3636637071 403.9165965179174 745.4847671968394 17.3808839 78.46762579999999 50
3636734323 408.7413211768121 82.50699890802335 17.3748935 78.4676712 50
3636734324 413.2259771351563 80.64768625675441 17.3748767 78.46771339999999 50
3636734325 391.8866663138498 87.52050266458239 17.3749388 78.46751260000001 50
3636734326 381.9184025914067 92.24625565385496 17.3749815 78.4674188 50
3636734327 372.6090219728158 98.22261774749597 17.3750355 78.4673312 50
3659761748 852.9773127483134 712.4155636103126 17.3805851 78.47185140000001 50
3659761749 728.3315076401758 736.6419647651949 17.380804 78.47067850000001 50
3659761750 661.1466854148007 753.3425766163998 17.3809549 78.47004630000001 50
3670020551 664.2285579926688 402.2645056086608 17.3777827 78.4700753 50
3670020560 346.1686806716426 477.8212167479319 17.3784654 78.4670824 50
3670020562 311.3222662328573 485.4355447495065 17.3785342 78.46675449999999 50
3670020606 275.7957143983789 788.3928335637163 17.3812716 78.4664202 50
3673131280 708.8625746563496 855.2174156435385 17.3818754 78.4704953 50
3678476357 560.4438421008851 295.7856543014183 17.3768206 78.4690987 50
3730102046 908.9823765149134 796.1067675994575 17.3813413 78.4723784 50
3977712891 627.6286643276123 721.9334736117528 17.3806711 78.4697309 50
3977712892 649.6693668418609 719.4765247509085 17.3806489 78.4699383 50
3977712893 802.7746711477621 692.4168852696464 17.3804044 78.471379 50
3998474545 352.5981045004021 359.9762101256575 17.3774006 78.4671429 50
3998474546 331.9495582200333 270.6627988323492 17.3765936 78.46694859999999 50
3998474547 406.2439416725651 229.3484290237531 17.3762203 78.4676477 50
3998474548 410.2184945848154 235.7121479202552 17.3762778 78.4676851 50
4003605904 459.1352514201557 909.8125901057654 17.3823687 78.4681454 50
4003605905 484.3428436877479 906.9793517797373 17.3823431 78.4683826 50
4254130617 128.3334250568755 363.7059027655206 17.3774343 78.4650326 50
4254130618 105.2406350052419 372.7036479179576 17.3775156 78.4648153 50
4254130619 130.1081585763396 378.0159697791283 17.3775636 78.4650493 50
4254130620 130.1081585763396 378.8681547447186 17.3775713 78.4650493 50
4254130621 53.85838010814803 382.8302614659463 17.3776071 78.4643318 50
4254130622 131.8935192424001 391.8944106419824 17.377689 78.4650661 50
4254130623 55.17614631314848 393.3110298048204 17.3777018 78.4643442 50
4254130624 134.8159846199694 405.4961680745231 17.3778119 78.4650936 50
4254130625 56.7383368966274 405.7617841675112 17.3778143 78.46435889999999 50
4254130626 135.9530893301261 416.9729967621028 17.3779156 78.46510429999999 50
4254130627 58.49181612289851 419.8283697627812 17.3779414 78.46437539999999 50
5573849466 423.3642752071988 252.9993286437103 17.376434 78.4678088 50
5573849467 415.5320679979632 294.225159754761 17.3768065 78.4677351 50
6556957636 620.9548161230783 852.8932748295404 17.3818544 78.46966810000001 50
6559524151 287.2730329686148 859.2237917140669 17.3819116 78.4665282 50
6559524152 332.013321100964 852.6055240619019 17.3818518 78.4669492 50
6559524153 336.9974529628616 852.6055240619019 17.3818518 78.4669961 50
6559524154 338.9953565649072 855.5826377721012 17.3818787 78.4670149 50
6559524155 340.270614183522 861.3819224699475 17.3819311 78.46702689999999 50
7682109956 417.5405987479572 77.65950520958189 17.3748497 78.467754 50
7682109957 411.1749378001284 237.8038746528887 17.3762967 78.4676941 50
7682109976 420.8137599699695 870.4018022970349 17.3820126 78.4677848 50
7682183529 885.0500418645838 841.0069546648015 17.381747 78.47215319999999 50
7682183530 878.0467521074477 801.7511095775674 17.3813923 78.4720873 50
7682183531 845.7295986140508 730.8537474036177 17.3807517 78.4717832 50
7682183532 853.7105858783409 774.4811906892387 17.3811459 78.47185829999999 50
7682183533 854.9220806173768 778.5871727949898 17.381183 78.4718697 50
7682183534 855.9210324177236 779.8709839113337 17.3811946 78.4718791 50
7682183535 856.9199842207743 780.6456975159997 17.3812016 78.47188850000001 50
7682183536 858.6203277113592 781.7745659115512 17.3812118 78.47190449999999 50
7682183537 860.4056883801238 783.7666866093143 17.3812298 78.47192130000001 50
7682183538 767.9601381487661 903.0172450581576 17.3823073 78.47105139999999 50
7682183539 806.4941725362894 796.3281143442009 17.3813433 78.471414 50
7682183540 618.1173679196328 878.8019112402487 17.3820885 78.4696414 50
7682183541 623.6116028276242 875.54811410044 17.3820591 78.4696931 50
7682183542 445.2349433732001 810.604979346185 17.3814723 78.4680146 50
7682224113 604.6527728939477 380.3511779308037 17.3775847 78.4695147 50
7682224114 817.0575564803021 429.5565591709356 17.3780293 78.47151340000001 50
7682224115 796.6321802838668 435.4443825673833 17.3780825 78.47132120000001 50
7682224116 729.149797945679 435.5882579508505 17.3780838 78.4706862 50
7682224117 682.6135219993207 438.0009374630981 17.3781056 78.47024829999999 50
7682224118 670.7855075819377 434.459389555651 17.3780736 78.47013699999999 50
7682224119 463.4179915904632 596.3634656153562 17.3795365 78.46818570000001 50
7682224120 450.017159444357 500.177237914572 17.3786674 78.4680596 50
7682224121 447.732322877447 508.9647036599427 17.3787468 78.4680381 50
7682224122 448.0192558409593 520.4415323475224 17.3788505 78.4680408 50
7682476600 448.1255273082759 0 17.374148 78.46804179999999 50
7682476601 453.0140148494535 4.117049442372092 17.3741852 78.46808780000001 50
7682476602 454.2255095871374 6.241978186981186 17.3742044 78.4680992 50
7682476603 454.076729530731 8.156627524523998 17.3742217 78.4680978 50
7682570848 624.5149103072508 545.3873104215006 17.3790759 78.46970159999999 50
7682570850 508.7108913566442 406.1159389580448 17.3778175 78.4686119 50
7682570851 503.4610808271312 386.4382133969924 17.3776397 78.4685625 50
7682570852 519.2849024486054 377.1637848142421 17.3775559 78.4687114 50
7682570853 517.8608647749363 372.0617423597856 17.3775098 78.468698 50
7702258960 245.3064301574283 487.781820238155 17.3785554 78.4661333 50
7702258961 90.16071366174373 467.2961790604611 17.3783703 78.4646734 50
7702381202 363.235878471942 889.9024504633485 17.3821888 78.467243 50
7702381203 353.2888690440438 957.8116315897737 17.3828024 78.4671494 50
7702381204 351.0571682128201 950.2858422864485 17.3827344 78.46712840000001 50
7702381205 402.1737444395948 882.221718438527 17.3821194 78.4676094 50
7702381206 401.4298441616188 870.2579269132157 17.3820113 78.4676024 50
7702381207 356.5832845606009 770.4194779331406 17.3811092 78.4671804 50
7702381208 336.1366540696207 713.5665666798106 17.3805955 78.466988 50
7702381209 337.5606917446419 712.1056781680238 17.3805823 78.4670014 50
7702381210 353.6183105952939 676.8230071396947 17.3802635 78.4671525 50
7702381211 356.6576745881281 674.6648763834621 17.380244 78.4671811 50
7702381212 386.6687372214222 435.7099986607234 17.3780849 78.46746349999999 50
7702381213 395.648676287411 470.0408786885918 17.3783951 78.46754799999999 50
7702381214 254.445776427772 557.0744185164986 17.3791815 78.46621930000001 50
7702381215 258.9516866806611 557.4839099929541 17.3791852 78.4662617 50
7702381216 301.8534784112636 583.3261423807671 17.3794187 78.4666654 50
7702381217 297.9001797935582 555.2925772254499 17.3791654 78.4666282 50
7702381218 297.2519238363024 552.5810796085906 17.3791409 78.4666221 50
7702381219 295.0839858846574 550.98738305031 17.3791265 78.4666017 50
7702381220 291.5238916977809 550.9763157129846 17.3791264 78.4665682 50
7702381221 337.4863017157625 615.1890062111702 17.3797066 78.4670007 50
7702381222 340.5044114140519 615.753440409122 17.3797117 78.4670291 50
7702381223 364.0966773651829 615.9415851418901 17.3797134 78.4672511 50
7702381224 303.9045177503475 326.8295351785586 17.3771011 78.4666847 50
7702381225 292.8416579054854 259.0752967722219 17.3764889 78.4665806 50
7702381226 367.1572956512101 307.6719744661573 17.376928 78.46727989999999 50
7702381227 368.7619948210748 303.023692837457 17.376886 78.46729499999999 50
7702381228 371.5781887299755 298.9730474183319 17.3768494 78.4673215 50
7702381229 374.6069255748614 295.3208261386891 17.3768164 78.46735 50
7702381230 375.4677244667503 291.7792782308899 17.3767844 78.4673581 50
7702381231 375.276435826662 286.5886970792402 17.3767375 78.46735630000001 50
7702381232 366.3496324923035 249.3249726897691 17.3764008 78.4672723 50
7702381233 354.2240579648118 362.8647851376075 17.3774267 78.4671582 50
7702381234 358.2730009059414 363.8055088003911 17.3774352 78.4671963 50
7702381235 268.377965913165 391.1861010605634 17.3776826 78.4663504 50
7702381236 262.9049852983665 359.4449779389773 17.3773958 78.4662989 50
7702381237 261.6616091208932 356.4789315668071 17.377369 78.4662872 50
7702381238 258.5584822471282 354.5753495662374 17.3773518 78.466258 50
7702381239 241.9376246146959 354.9184370201498 17.3773549 78.4661016 50
7702381240 247.9738440099226 396.4652209101105 17.3777303 78.4661584 50
7702381241 245.9971946997179 399.3095265734638 17.377756 78.46613979999999 50
7702381242 145.2837242419099 348.1009572982437 17.3772933 78.4651921 50
7702381243 148.8756998672239 345.8210858321382 17.3772727 78.46522589999999 50
7702381244 186.2088666650117 344.0171098671431 17.3772564 78.4655772 50
7702381245 196.8997763695338 380.8602754424816 17.3775893 78.46567779999999 50
7702381246 206.889294386522 389.8026839089968 17.3776701 78.4657718 50
7702381247 200.3429719424975 385.3314796757392 17.3776297 78.4657102 50
7702381248 222.3943016033425 393.0232790375339 17.3776992 78.46591770000001 50
7702381249 233.000194135093 398.9000350966564 17.3777523 78.46601750000001 50
7702381250 284.4037033253798 488.8553519477847 17.3785651 78.4665012 50
7702381252 88.52413305073765 463.5775537575712 17.3783367 78.464658 50
7702381253 84.17762999949935 461.8510491527964 17.3783211 78.4646171 50
7702381254 113.5829452632755 461.6075677341065 17.3783189 78.4648938 50
7702381255 112.5839934629286 465.6803478278819 17.3783557 78.4648844 50
7702381256 92.28614302700282 355.2283224620866 17.3773577 78.4646934 50
7702381257 95.84623721387936 374.5518932322534 17.3775323 78.4647269 50
7702381258 97.92915799004862 385.0658635827511 17.3776273 78.4647465 50
7702381259 99.62950148333755 397.848638061677 17.3777428 78.46476250000001 50
7702381260 100.7772333400906 411.8930889822967 17.3778697 78.4647733 50
7702381261 102.2012710137597 423.1928402747856 17.3779718 78.4647867 50
8530661773 253.6168589743205 265.2287362620097 17.3765445 78.4662115 50
8530661774 248.6646085535642 246.1597142471538 17.3763722 78.4661649 50
