308527202 2852278017
2852278017 2852278013
2852278013 1320927469
1320927469 8530661773
8530661773 2852278006
2852278006 7702381225
7702381225 2852278003
2852278003 7702381232
7702381232 308780154
308780154 7682109957
7682109957 1320902153
1320902153 308780155
308780155 1320901077
1320901077 308525941
1320902153 5573849466
5573849466 1320902158
1320902158 1320902155
1320902155 5573849467
5573849467 1320902147
1320902147 1320902149
1320902149 734864521
734864521 734864523
734864523 734864525
734864525 1210844251
1210844251 3612559954
3612559954 1210844252
1210844252 3059834361
3059834361 2852278095
2852278095 1210848652
1210846560 6556957636
6556957636 1210846554
1210846557 1210846579
1210846579 1210846565
1210846579 3612560919
3612560919 1210846580
1210846580 1210846552
1210846580 1210846560
1210846560 1210844257
1210847725 1210847712
1210847712 1210847727
1210848652 1210846565
1210846565 1210846552
1210846552 1210844257
1210844257 1210847727
1210847727 4003605905
4003605905 1210844254
1210851300 1210851324
1210851312 1210851307
1210851307 3636433764
3636433764 1210851322
1210851322 7682109976
7682109976 1210848658
2852278096 7682183542
7682183542 4003605904
4003605904 1210852818
1210848652 7682183542
7682183542 2852278099
2852278099 1210851315
1210851315 2852278100
2852278100 1210848658
1210848658 1210848644
1210848644 7702381206
7702381206 7702381205
7702381205 1210848655
1210848655 1210848677
1210848677 2852234343
2852234343 1210848646
1210851315 1210851300
1210851300 7682109976
1320897038 3612559963
3612559963 7682570848
7682570848 1320897033
1320897033 1320897036
1320897036 1320897025
1320897025 1320897049
1320897049 1320897041
1320897041 3977712891
3977712891 1320897027
1320897027 3612560841
3612560841 1320897015
1320897015 3612560917
3612560917 1320897029
1320897029 3612560951
3612560951 1320897017
1320897017 1320897047
1320897047 1320897058
1320897058 3673131280
3673131280 1320897030
1320897030 1320897052
1320897052 1320897013
1320901851 2852278061
2852278061 7682570852
7682570852 7682570853
7682570853 1320901852
1320901852 1320901850
1320901850 1320899892
1320899892 1320899908
1320899908 1320899911
1320899911 2852278037
2852278037 1320899906
1320899906 1320899903
1320899903 3059834359
3059834359 3612559647
3612559647 1320899909
1320901077 1320901083
1320901083 1320899908
1320928047 3506488554
3506488554 1320927568
1320927568 7702258960
7702258960 1320927567
1320927567 7702381241
7702381241 7702381240
7702381240 1320927472
1320927472 7702381239
7702381239 1320927469
3612559954 7702381213
7702381213 3670020560
3670020560 3670020562
3670020562 1320928046
1320928046 7702381250
7702381250 7702258960
7702258960 1320928438
1320928438 1320928051
1320928051 1320928047
1320928047 2852278084
2852278084 1320928048
1320928195 2852278065
2852278065 4254130626
4254130626 7702381261
7702381261 2852278070
2852278070 1320928194
1320928438 1320928434
1320928434 1320928436
1320928436 7702381254
7702381254 7702381255
7702381255 1320928051
2852234320 2852234310
2852234310 3612560868
734864521 2852234202
2852234202 2852234088
2852234344 2852234329
2852234329 6559524151
6559524151 3670020606
3670020606 2852234306
2852278095 2852278096
2852278096 2852278097
2852278097 2852278098
2852278098 7702381211
7702381211 7702381210
7702381210 2852234286
2852234286 2852234288
2852234288 2852234301
2852234301 2852234311
2852234288 7702381209
7702381209 7702381208
7702381208 2852234298
2852234298 7702381207
7702381207 2852234325
2852234325 1210848644
2852234343 7702381203
7702381203 7702381204
7702381204 2852234339
2852234339 2852234337
2852234337 2852234336
2852234336 7702381202
7702381202 2852234331
2852234331 3612561007
3612561007 2852234321
2852234321 2852234319
7682109957 3998474548
3998474548 3998474547
3998474547 2852277986
2852277986 2852277977
2852277977 2852277970
2852277970 2852277967
2852277967 2852277959
2852277959 2852277953
2852277953 3636734327
3636734327 3636734326
3636734326 3636734325
3636734325 2852277950
2852277950 3636734323
3636734323 3636734324
3636734324 7682109956
7682109956 2852277945
2852277945 2852277955
2852278003 2852277993
734864523 2852278055
1320928434 1320928195
2852277939 2852277956
2852278099 3636637068
3636637068 2852278097
2852278092 2852278087
2852278087 2854814663
2852278037 3678476357
3678476357 2852278002
2852278055 2852278048
2852278093 2852278089
2852278089 2854814677
2852278100 3636637071
3636637071 2852278098
2852278059 2852278013
2852277942 2852277940
2852277940 2852277936
2852277936 7682476603
7682476603 7682476602
7682476602 7682476601
7682476601 7682476600
2852278006 2852278007
2852278007 2852278063
2852278070 4254130627
4254130627 4254130625
4254130625 4254130623
4254130623 4254130621
4254130621 2852278054
2852278054 2852278050
1210844251 1320901851
1320901851 1320897038
1320897038 3670020551
3670020551 2852278057
734864525 2852278067
2852278067 7682570850
7682570850 2852278061
3059834361 2852278092
2852278092 2852278093
2852278093 2854814805
2854814805 2854814807
2854814807 3612560489
2852278078 2852278077
2852278077 2852278074
2852278074 7702381253
7702381253 7702381252
7702381252 7702258961
7702258961 2852234251
2852278017 3612559699
3612559699 2852278046
2852278046 7702381244
7702381244 2852278045
2852278045 2852278058
2852278058 7702381245
7702381245 7702381247
7702381247 7702381246
7702381246 2852278059
2852278059 7702381248
7702381248 2852278060
2852278090 2852278088
2852278088 7702381215
7702381215 7702381214
7702381214 2852278086
2852278086 1320927568
1320927568 2852278083
2852277937 2852277938
2852277938 2852277939
2852277939 2852277941
2852277941 2852277942
2852277942 2852277943
2852277943 2852277945
2852278060 7702381249
7702381249 1320927567
2854814668 3670020560
3670020560 2854814652
2854814698 2854814662
2854814805 2854814678
2854814687 2854814665
2854814665 2854814668
2854814668 2854814663
2854814655 3670020562
3670020562 2854814699
2854814699 7702381221
7702381221 7702381222
7702381222 2854814698
2854814698 2854814687
2854814687 2854814697
2854814697 7702381223
7702381223 2854814807
3612559647 3612559777
3612559777 3670020551
3670020551 3612559878
3612559878 7682224118
7682224118 3612559890
3612559890 3612559888
3612559888 7682224117
7682224117 3612559883
3612559883 7682224116
7682224116 3612559889
3612559889 3612559907
3612559907 3612559939
3612560937 3612560938
3612560938 3612561005
3612561005 3612561414
3612560962 3612560975
3612560975 3612560997
3612560997 3612561021
3612561021 3612561402
3612561402 7682183538
1210848652 3636433759
3636433759 3612560892
3612560892 1210846557
1210846557 3612560841
3612560841 3659761750
3659761750 3612560818
3612560818 3659761749
3659761749 3612560780
3612560780 3612560757
3612560757 3659761748
3659761748 3612560720
3612560720 3612560706
3612560907 7682183530
7682183530 3730102046
3612560868 2852234306
2852234306 2852234305
3612560938 3612560907
7682224119 7682224122
7682224122 7682224121
7682224121 7682224120
7682224120 3612560024
7682224113 3612559791
3612559791 3612559777
2852278002 3612559217
3612561005 7682183529
7682183529 3612560988
3612561021 3612561005
3612559666 1320899892
3612561007 2852234325
2852278055 1320901850
1320901850 7682570851
7682570851 7682570850
2852278065 2852278047
2852278047 7702381242
7702381242 7702381243
7702381243 2852278044
2852278044 3612559699
3612560919 3612560917
1320902147 3612559666
3612560701 3612560579
3612560951 3612560920
3612560920 3673131280
3612559965 3612559939
3612559939 3612559935
3612559935 7682224115
7682224115 7682224114
2852234322 2852234310
2852234310 3670020606
3670020606 3612560886
3612560496 3612560579
1210847712 7682183540
7682183540 3612561088
3612561088 7682183541
7682183541 1210846554
3612560873 3612560863
3612560863 3612560865
3612560865 3612560820
3612560024 3612560005
3612560005 3612559969
3612559969 3612559958
3612559958 3612559963
3612560920 3612560893
3612560893 3612560894
3612560894 3612560881
3612560881 3612560873
3612560873 3612560828
3612560865 3612560878
3612560878 7682183539
7682183539 3612560937
3612560937 3612560962
3612560962 3612560956
3612560956 3612560943
3612560943 3612560894
2852278044 2852278024
3977712891 3977712892
3977712892 3977712893
2852234202 7702381234
7702381234 7702381233
7702381233 3998474545
3998474545 3998474546
4003605904 4003605905
4254130623 7702381258
7702381258 4254130620
4254130627 7702381260
7702381260 4254130624
4254130621 7702381257
7702381257 4254130618
4254130625 7702381259
7702381259 4254130622
4254130626 4254130624
4254130624 4254130622
4254130622 4254130620
4254130620 4254130619
4254130619 4254130617
3612560579 1320897049
1320897047 6556957636
2852234337 6559524155
6559524155 6559524154
6559524154 6559524153
6559524153 6559524152
6559524152 6559524151
7682183531 7682183532
7682183532 7682183533
7682183533 7682183534
7682183534 7682183535
7682183535 7682183536
7682183536 7682183537
7682183537 3612560907
7702381213 7702381212
2852278088 7702381220
7702381220 7702381219
7702381219 7702381218
7702381218 7702381217
7702381217 7702381216
7702381225 7702381224
7702381232 7702381231
7702381231 7702381230
7702381230 7702381229
7702381229 7702381228
7702381228 7702381227
7702381227 7702381226
7702381226 2852234088
7702381239 7702381238
7702381238 7702381237
7702381237 7702381236
7702381236 7702381235
7702381261 7702381260
7702381260 7702381259
7702381259 7702381258
7702381258 7702381257
7702381257 7702381256
8530661773 8530661774
