21672789 2770187499 2
21672789 21672793 3
21672789 298261500 3
21672789 21672798 2
2770187499 21672793 2
2770187499 21672798 2
2770187499 298261924 2
21672793 298261501 3
21672793 5256314765 3
298261501 298261500 3
298261501 5256314765 3
298261500 3455784953 3
3455784953 3455784957 3
3455784957 3455784950 3
3455784950 3455784944 3
3455784950 3455837390 3
3455784944 3455837377 3
3455784944 3455943205 3
3455837377 3455837390 3
3455837377 3455837896 3
3455837390 3455802577 3
3455802577 3455837363 3
3455802577 3455837896 3
3455837363 3455837345 3
3455837345 3455837341 3
3455837341 415264038 3
415264038 4942583321 3
3455943205 3455791932 3
3455791932 3455678313 0
3455791932 3455791930 3
3455678313 415504959 0
415504959 415504873 0
415504873 3455678320 0
415504873 3507507422 0
3455678320 415504868 0
3455678320 3455678329 0
3455678320 3155119197 0
415504868 3507507422 0
415504868 3507507475 0
415504868 3507608497 0
3507507422 417928540 0
417928540 3507507666 0
417928540 3507507643 0
3507507666 298279060 1
298279060 3507507684 1
3507507684 3507507623 1
3507507684 3507507672 1
3507507623 3507507012 1
3507507012 3507507482 1
3507507482 3507494181 1
3507507482 3507507473 1
3507494181 3507507039 1
3507507039 3507507409 1
3507507473 3507507442 1
3507507442 3507494129 1
3507494129 3507507474 1
3507507474 417928534 1
417928534 3507507232 1
3507507232 3507507687 1
3507507687 3507507692 1
3507507672 3507507439 1
3507507439 3507494119 1
3507494119 3507507234 1
3507494119 3507507092 1
3507494119 3507507264 1
3507507234 3507507449 1
3507507264 3507494144 1
3507494144 3507507646 1
3507507643 4154130218 0
3507507643 3507608497 0
4154130218 3507494154 0
3507494154 3507507912 0
3507507912 3507507247 0
3507507247 4948166995 0
3507507247 3507507261 0
4948166995 1943835367 0
3507507261 459159022 0
459159022 3507507675 0
459159022 3837365567 0
3507507675 3507494127 0
3507507675 3507507649 0
3507494127 3507507251 0
3507507251 3507507475 0
3507507475 3507507198 0
3507507198 3507494189 0
3507507198 3507526652 0
3507494189 3507494131 0
3507494189 3507507410 0
3507507410 415504965 0
3507507410 3507536167 0
415504965 3455678331 0
415504965 415504860 0
3455678331 415504875 0
3455678331 3455678348 0
415504875 2209901349 0
415504875 3455678353 0
2209901349 417923408 0
417923408 3837365539 0
417923408 3507536167 0
3837365539 298260908 0
3837365539 3837365528 0
298260908 298261164 0
298260908 1334013708 0
298260908 1334013707 0
298261164 3837365572 0
298261164 3837365614 0
3837365572 1334013708 0
3837365572 3837365541 0
3837365572 3837365566 0
1334013708 298260909 0
298260909 3837365528 0
298260909 3837386371 0
3837365528 3837365596 0
3837365596 3837365620 0
3837365620 4033335671 0
4033335671 3507507649 0
4033335671 5293795064 0
3507507649 417951902 0
417951902 4033335654 0
417951902 5293795064 0
4033335654 3837365615 0
4033335654 3837365609 0
3837365609 3837365587 0
3837365609 5293795064 0
3837365587 3837365573 0
3837386371 3837365515 0
3837365515 3837365541 0
3837365515 3837365629 0
3837365541 3837365585 0
3837365585 3837365566 0
3837365585 3837365612 0
3837365585 3837365629 0
3837365566 3837365535 0
3837365566 3837365614 2
3837365535 3837365516 2
3837365535 3837365558 0
3837365535 3837365612 0
3837365516 3837365513 2
3837365516 3837365614 2
3837365614 3837365526 2
3837365526 3837365562 2
3837365526 3837365548 2
3837365526 3837365595 2
3837365548 2497916974 2
2497916974 2552726368 2
2552726368 5262035683 2
5262035683 2552705836 2
5262035683 5622748795 2
2552705836 427512152 2
2552705836 1936597478 2
1936597478 5262035715 2
5262035715 3279047005 2
3279047005 5262035710 2
3279047005 3572177101 2
3572177101 3572177116 2
3572177101 5262035705 2
3572177116 3572177117 2
5262035705 3393943615 2
5622748795 5262035686 2
5262035686 21672810 2
3837365595 1334013707 2
1334013707 197648161 2
1334013707 3837365601 2
197648161 2497916910 2
2497916910 427510502 2
427510502 5259514085 2
5259514085 2215369444 2
2215369444 2186324551 2
2215369444 2552760531 2
2186324551 2552759442 2
2186324551 4295415172 2
2552759442 2215314972 2
2552759442 2552760531 2
2552760531 5261859919 2
5261859919 21672806 2
5261859919 2552840924 2
21672806 444805849 2
21672806 4948240473 2
444805849 2552840924 2
444805849 4948240473 2
444805849 5261860025 2
2552840924 2552759446 2
2552759446 1242073081 2
4948240473 3457855703 2
3457855703 2552944780 2
2552944780 21672801 2
21672801 21672798 2
5261860025 1242187724 2
1242187724 2552840928 2
2552840928 5261860032 2
5261860032 1242187561 2
3837365612 3837365517 0
3837365612 3837365611 0
3837365517 3837365542 0
3837365517 3837365608 0
3837365517 3837365629 0
3837365608 3837365518 0
3837365608 3837365553 0
3837365553 3837365629 0
3837365553 3837386370 0
3455678348 3455678329 0
3155119197 4258814386 0
3155119197 3455678316 0
4258814386 1943872575 0
1943872575 415504961 0
415504961 1734229659 0
1734229659 298261924 2
298261924 3455678311 0
298261924 5256314765 2
3455678311 3455678316 0
3455791930 3635261414 3
3635261414 3455791934 3
415263728 3468005782 1
3468005782 3636018629 1
3636018629 3468038888 1
3468038888 415263948 1
1242030761 3455594754 3
1242030761 3279035942 3
3455594754 3455594757 3
3455594757 1242030805 3
3455594757 3455594756 3
1242030805 3455612543 3
1289339010 1289339106 1
1289339010 1289339024 0
1289339024 1289339113 0
1289339113 1289339058 0
3468004148 3468004177 1
3468004148 3468005774 1
3468004177 3468005722 1
3468005722 3468004172 1
3468004172 3468005750 1
3837365556 3837365618 0
