29688130 195.9277623904995 173.9275629529867 3.1532649 101.6965776 50
29688131 186.3242231221915 147.3004683130672 3.1530241 101.6964912 50
248861293 168.3398174056074 333.1593581416752 3.1547049 101.6963294 50
248861302 268.8768691363059 343.1224031045546 3.154795 101.6972339 50
248861309 401.781405069431 349.4806171485423 3.1548525 101.6984296 50
248886354 206.3982878454525 0 3.151692 101.6966718 50
248886355 235.1310992038747 127.1642808798426 3.152842 101.6969303 50
248886357 225.9943986471014 340.7560417037793 3.1547736 101.6968481 50
248886361 286.1610167806386 160.8130553769778 3.1531463 101.6973894 50
248886654 403.1819212139338 405.6098249525157 3.1553601 101.6984422 50
248886658 309.4918372971907 346.1743458456758 3.1548226 101.6975993 50
248887933 358.3431742078705 549.8915238152044 3.1566649 101.6980388 50
248887935 540.1212774647596 507.872022307104 3.1562849 101.6996742 50
248887936 406.0718751595185 522.4793279629308 3.156417 101.6984682 50
248887937 393.1115432298488 534.2779616758889 3.1565237 101.6983516 50
248889682 177.4765179623807 574.1633148179295 3.1568844 101.6964116 50
250119897 67.04693156782591 165.9327999028491 3.1531926 101.6954181 50
250120094 148.2768678895956 187.0088972382529 3.1533832 101.6961489 50
250120095 135.994563617679 304.7409058059127 3.1544479 101.6960384 50
257496894 423.9006679732004 135.8999140880986 3.152921 101.6986286 50
257496896 467.2610923811887 188.1036158302131 3.1533931 101.6990187 50
264907011 371.9481881721317 348.7508047539608 3.1548459 101.6981612 50
265022909 239.7105646880964 46.98443734419081 3.1521169 101.6969715 50
265022911 273.2229152640532 106.9506891017274 3.1526592 101.697273 50
265022914 247.0021408005023 189.9613201074097 3.1534099 101.6970371 50
266652892 395.3456999335928 153.161082997101 3.1530771 101.6983717 50
266652893 416.6980135202018 186.4891823512251 3.1533785 101.6985638 50
266654167 281.7816250311439 142.4571678760591 3.1529803 101.69735 50
266654169 400.8477276421193 99.8516048995333 3.152595 101.6984212 50
266654857 285.9164822140868 176.6920038416636 3.1532899 101.6973872 50
266654867 509.5544568734615 208.693171569156 3.1535793 101.6993992 50
266655378 272.6449244743706 306.642841137345 3.1544651 101.6972678 50
266655384 360.1216074030866 314.2837557536408 3.1545342 101.6980548 50
266655388 368.0134047225016 317.1919475686058 3.1545605 101.6981258 50
266655390 281.6482425399118 217.594671230774 3.1536598 101.6973488 50
266655393 414.4972024367912 225.5452032265879 3.1537317 101.698544 50
266655396 322.1742890399753 220.7240183167856 3.1536881 101.6977134 50
266655397 314.6604087797582 311.0770043227826 3.1545052 101.6976458 50
1198097264 441.5516174638256 183.8021458073947 3.1533542 101.6987874 50
1198144249 529.1950285055211 221.5533505833316 3.1536956 101.6995759 50
1809623007 106.3058444160327 435.8970393290995 3.155634 101.6957713 50
1809623010 205.5646472847972 439.7340832826188 3.1556687 101.6966643 50
1814611271 416.9425480839254 182.4752141808069 3.1533422 101.698566 50
1819891315 436.794308656547 517.768720688586 3.1563744 101.6987446 50
1819891316 407.2834327765435 470.9280342705512 3.1559508 101.6984791 50
1819891317 432.6038754359442 515.3802437607367 3.1563528 101.6987069 50
1819891318 452.0777189550244 518.5869951916388 3.1563818 101.6988821 50
1819891321 499.7730742835107 511.2999290090968 3.1563159 101.6993112 50
1819891323 442.6964838345274 518.8413237534282 3.1563841 101.6987977 50
1819891328 428.7580136443072 510.8355029397537 3.1563117 101.6986723 50
1821022695 52.60827704008122 34.489164527306 3.1520039 101.6952882 50
3253755562 420.3882624061084 327.3098012212223 3.154652 101.698597 50
3253755568 420.4771840641016 366.7860171117365 3.155009 101.6985978 50
3253755570 420.3215711597853 380.8846656440724 3.1551365 101.6985964 50
3253755576 425.1011103801481 494.5031861693496 3.156164 101.6986394 50
3291842142 102.4044065867359 455.4692808210167 3.155811 101.6957362 50
3291842147 152.5562227724339 432.7566344795069 3.1556056 101.6961874 50
3291842149 126.8356326464074 352.123422638093 3.1548764 101.695956 50
3291842154 204.5087025735026 444.7764234635557 3.1557143 101.6966548 50
3446345430 414.4416263991315 278.633526053109 3.1542118 101.6985435 50
3446393104 362.5224922240524 223.1235530081279 3.1537098 101.6980764 50
3972814726 416.0311010696979 196.0983788802628 3.1534654 101.6985578 50
3972814727 387.520593861915 185.0184997983932 3.1533652 101.6983013 50
4182883264 185.1237807138298 248.3241961494512 3.1539377 101.6964804 50
4182883265 277.4578093150667 259.6031149752936 3.1540397 101.6973111 50
4182883266 238.198896469688 254.8925077010366 3.1539971 101.6969579 50
5725086251 157.7470246694997 401.982878506594 3.1553273 101.6962341 50
5725086252 166.5836146234755 351.5926499874843 3.1548716 101.6963136 50
5725086253 124.2791349239536 365.5807208842309 3.1549981 101.695933 50
5725086260 405.7495341422227 456.3428441418422 3.1558189 101.6984653 50
5726972225 398.6913773877053 87.11306128448393 3.1524798 101.6984018 50
5726972227 192.570969730552 160.7577665592051 3.1531458 101.6965474 50
5726972228 246.4019195934932 176.139115663937 3.1532849 101.6970317 50
5726972229 241.7335324498642 142.954767236057 3.1529848 101.6969897 50
5726972239 145.7537157903033 206.1498859515697 3.1535563 101.6961262 50
5726972249 414.5972393034476 276.2229335981419 3.15419 101.6985449 50
6282538518 516.4903463468241 508.2258707408138 3.1562881 101.6994616 50
6476902167 392.2000962156213 193.2012448289667 3.1534392 101.6983434 50
6476902168 400.8588428479544 201.1075457705888 3.1535107 101.6984213 50
6476902169 406.0162991232727 212.2758869609298 3.1536117 101.6984677 50
7138559867 162.5376790971116 374.6812602898657 3.1550804 101.6962772 50
7240992996 426.1014790523687 503.3825703038057 3.1562443 101.6986484 50
7240992997 408.0170364705423 518.2442045214219 3.1563787 101.6984857 50
7240992998 408.7284097486287 506.3239354093816 3.1562709 101.6984921 50
7240993001 383.1745477341677 537.2414423085386 3.1565505 101.6982622 50
7240993002 371.225699685382 542.3169557802182 3.1565964 101.6981547 50
7240993003 401.1589534521659 529.2798525490558 3.1564785 101.698424 50
7259127735 248.3248504914329 65.8158086779455 3.1522872 101.697049 50
7259127738 170.1960570572239 122.9070419113038 3.1528035 101.6963461 50
7259127742 285.8275605546796 178.2400907392981 3.1533039 101.6973864 50
7259152800 418.5653683762393 286.0975164525499 3.1542793 101.6985806 50
7259152801 400.9699949246881 286.6835779209752 3.1542846 101.6984223 50
7259224551 492.159157153809 199.0397439858386 3.153492 101.6992427 50
7261212156 145.4091443570951 174.2924691502335 3.1532682 101.6961231 50
7261212157 134.4717801906074 158.3692896314438 3.1531242 101.6960247 50
7261212158 122.2339367462734 165.777991213112 3.1531912 101.6959146 50
7261212159 125.512922956891 162.2947956933026 3.1531597 101.6959441 50
7261212160 126.5577524595224 158.8890045184716 3.1531289 101.6959535 50
7261212161 127.002360759387 155.3394624173965 3.1530968 101.6959575 50
7261212162 126.5688676653574 148.0745117619284 3.1530311 101.6959536 50
7261224156 132.8489598968794 462.214516589413 3.155872 101.6960101 50
7261224157 86.85423131286501 451.7649300302045 3.1557775 101.6955963 50
7261224158 91.74492260571921 448.8125071610478 3.1557508 101.6956403 50
7261224162 99.64783513096924 443.3389142014666 3.1557013 101.6957114 50
7261224163 106.1613467189656 437.6441659707068 3.1556498 101.69577 50
7261395356 128.4028769024757 461.4404731405518 3.155865 101.6959701 50
7261395357 148.8103978502816 458.1452596012222 3.1558352 101.6961537 50
7261395360 140.118305594787 448.5139475450666 3.1557481 101.6960755 50
7261395361 141.8300475479223 465.9188673802251 3.1559055 101.6960909 50
7261395362 144.6644254572612 473.4713198881375 3.1559738 101.6961164 50
7261395363 145.4424899830848 477.8944253101261 3.1560138 101.6961234 50
7261395364 115.52035142355 458.3885303994746 3.1558374 101.6958542 50
7261466601 109.3291808514354 445.5172936217621 3.155721 101.6957985 50
7261466602 107.5062868258086 444.1129576502838 3.1557083 101.6957821 50
7261466603 110.7519274118505 446.5346078687439 3.1557302 101.6958113 50
7261466604 112.7637799649551 447.3418246082159 3.1557375 101.6958294 50
7261466606 135.8611811278611 451.5548325226508 3.1557756 101.6960372 50
7261502901 167.906324314406 339.5618032398986 3.1547628 101.6963255 50
7261502902 147.7211075158254 437.7879168969509 3.1556511 101.6961439 50
7261502905 144.7422319094194 444.5220949017663 3.155712 101.6961171 50
7261515356 129.8367386673118 165.7558756859942 3.153191 101.695983 50
7261515358 178.4324258056048 134.5398091708121 3.1529087 101.6964202 50
7261515359 188.6361862809218 233.9601612918329 3.1538078 101.696512 50
7261562419 0 165.2582763259963 3.1531865 101.6948149 50
7261611520 371.770344851903 325.1756528551185 3.1546327 101.6981596 50
7262043276 128.8474852009261 341.6959516059584 3.1547821 101.6959741 50
7262043277 76.09471046236371 68.8788091826036 3.1523149 101.6954995 50
7262043279 140.8519092887858 167.2818470565548 3.1532048 101.6960821 50
7262100944 143.2416788982601 469.5458138262347 3.1559383 101.6961036 50
7264807676 147.6433010622532 180.6949142485009 3.1533261 101.6961432 50
7267099215 139.2290889950578 463.8400078319819 3.1558867 101.6960675 50
7461892140 196.1834121643004 180.517990031602 3.1533245 101.6965799 50
7461892142 146.1872088843328 202.8878457028949 3.1535268 101.6961301 50
7461892143 193.115614897073 206.9792182181596 3.1535638 101.6965523 50
7461892146 141.6188586059462 247.9261166614617 3.1539341 101.696089 50
7461892147 184.5457899241472 253.1785543499962 3.1539816 101.6964752 50
7461892148 173.5083888881749 312.6361489840419 3.1545193 101.6963759 50
7461892158 208.9103247374956 425.2815863164851 3.155538 101.6966944 50
7469444592 389.3990639294439 348.8503246258813 3.1548468 101.6983182 50
7469444597 379.8177550742202 189.2757387670199 3.1534037 101.698232 50
7469444598 371.3146213447893 183.6915681718494 3.1533532 101.6981555 50
8852171765 104.972019517853 441.7134229588976 3.1556866 101.6957593 50
