248861293 248886357
248886354 265022909
265022909 7259127735
7259127735 265022911
265022911 266654167
266654167 248886361
248886361 266654857
266654857 7259127742
7259127742 266655390
7261562419 250119897
250119897 7261212158
1814611271 1198097264
1198097264 257496896
257496896 7259224551
7259224551 266654867
266654867 1198144249
5726972225 266654169
266654169 266652892
266652892 3972814727
266652893 3972814727
266655378 266655397
266655396 266655390
266655397 266655396
257496894 1814611271
1814611271 266652893
266652893 3972814726
3972814726 266655393
266655393 5726972249
5726972249 3446345430
1819891316 7240992998
7240992998 7240992997
7240992997 248887936
248887936 7240993003
7240993003 248887937
248887937 7240993001
7240993001 7240993002
7240993002 248887933
1821022695 7262043277
7262043277 7261212162
7261212162 7261212157
7261212157 7262043279
7262043279 7261212156
7261212156 7264807676
7264807676 250120094
250120094 7461892142
7461892142 5726972239
5726972239 7461892146
7461892146 250120095
250120095 7262043276
7262043276 3291842149
3291842149 5725086253
5725086253 1809623007
1809623007 7261224163
248861302 248886658
248886658 264907011
264907011 7469444592
7469444592 248861309
3446345430 7259152800
7259152800 3253755562
3253755562 3253755568
3253755568 3253755570
3253755570 3253755576
3253755576 7240992996
7240992996 1819891328
1819891328 1819891317
1819891317 1819891315
1819891315 1819891323
1819891323 1819891318
1819891318 1819891321
1819891321 6282538518
6282538518 248887935
266655396 3446393104
3446393104 266655393
264907011 7261611520
7261611520 266655388
266655388 266655384
266655384 266655397
4182883265 4182883266
4182883266 4182883264
5726972228 5726972229
5726972229 248886355
248889682 3291842154
3291842154 1809623010
1809623010 7461892158
7461892158 248886357
248886357 4182883266
7261515359 7461892143
7461892143 7461892140
7461892140 29688130
29688130 5726972227
5726972227 29688131
29688131 7261515358
7261515358 7259127738
3291842147 5725086251
5725086251 7138559867
7138559867 5725086252
7469444598 7469444597
7469444597 6476902167
6476902167 6476902168
6476902168 6476902169
6476902169 266655393
266654857 7469444598
7469444598 3972814727
266655390 4182883265
4182883265 266655378
266655378 248861302
3446345430 7259152801
7259152801 248861309
248861309 248886654
248886654 5725086260
5725086260 1819891316
4182883266 265022914
265022914 5726972228
5725086252 7261502901
7261502901 248861293
248861293 7461892148
7461892148 7461892147
7461892147 4182883264
7261395363 7261395357
7261395357 3291842147
7261212162 7261212161
7261212161 7261212160
7261212160 7261212159
7261212159 7261212158
7261224163 7261224162
7261224162 7261224158
7261224158 7261224157
7261395363 7261395362
7261395362 7262100944
7262100944 7261395361
7261395361 7267099215
7267099215 7261224156
7261224156 7261395356
7261395356 7261395364
7261395364 3291842142
8852171765 7261466602
7261466602 7261466601
7261466601 7261466603
7261466603 7261466604
7261466604 7261466606
7261466606 7261395360
7261395360 7261502905
7261502905 7261502902
7261502902 3291842147
7261224163 8852171765
8852171765 3291842142
248886357 248861302
4182883264 7261515359
7261212158 7261515356
7261515356 7262043279
3291842142 7261224157
