1809169688 1809169687 1 1.291534563425231
1809169687 1809128990 1 3.083300035982548
1809128990 1701781965 1 5.220550135568594
1701781965 1701781947 1 15.80663976072004
1701781947 1701781952 1 27.97191318238182
1701781952 1701085376 1 38.73146831830205
1701085376 1701781965 1 50.79845321139485
1701781965 1809169702 1 67.90187818814886
1809169702 1809169703 1 69.41640321311218
1809169703 1809169704 0 70.93227578636798
1809169704 1809169703 1 73.20608464625168
1809169703 1809169725 1 88.15928419659848
1809169725 1701781979 1 93.5351840116238
1701781979 1701781956 1 96.86379250946135
1701781956 1809169728 0 104.4630610401865
1809169728 1809169726 1 110.8148859314772
1809169726 1813309817 1 113.5940922690725
1813309817 1813309818 1 115.749509828089
1813309818 1809169712 0 117.4205068206407
1809169712 1813309817 1 118.7019436405084
1813309817 1809169726 0 120.5547478655719
1809169726 1809169725 1 123.7742264377407
1809169725 1809129015 1 133.905589169183
1809129015 1809129010 0 137.7902762838132
1809129010 1809129012 1 138.572566034645
1809129012 1809129015 1 144.3612553285377
1809129015 1809128996 1 159.6330258186017
1809128996 1809128993 1 163.1801162818672
1809128993 1809128996 0 165.5448432573776
1809128996 1809169701 1 166.7319764376532
1809169701 1809169702 1 177.1589013098108
1809169702 1809169701 0 184.1101845579159
1809169701 1701781947 1 201.2181201015813
1701781947 1809128986 0 209.3769581930422
1809128986 1701781952 1 210.5730084508128
1701781952 1809128983 1 218.2061417166283
1809128983 1809128970 1 224.3425571496444
1809128970 1809128961 1 230.5597385766847
1809128961 1809128958 1 233.4881864894505
1809128958 1809128967 1 237.7527607890949
1809128967 1809128983 0 250.001857317703
1809128983 1809185705 1 260.738306357781
1809185705 1809185707 1 263.3303505744516
1809185707 1809185703 1 274.2034226457915
1809185703 1809185699 1 275.6267643288289
1809185699 1809185705 0 282.9160333161127
1809185705 1701085376 1 290.5879638945386
1701085376 1701085385 1 309.9842458144685
1701085385 1701085389 1 332.2296223442053
1701085389 1701085399 1 346.259862605453
1701085399 1701085372 0 359.0978477220628
1701085372 1701085437 1 365.570866957273
1701085437 1701781983 1 368.7108602690095
1701781983 1816672565 1 370.4674927958213
1816672565 1816672571 0 380.5474492082365
1816672571 1701781973 1 385.7768322502635
1701781973 1701085372 1 391.6398864558108
1701085372 1701085399 1 410.8968641307254
1701085399 1816672572 1 417.9269306182704
1816672572 1816672573 1 422.7334177155321
1816672573 1701781957 1 423.9894909614315
1701781957 1816672573 0 424.8268731253644
1816672573 1701085389 1 439.5550172003616
1701085389 1701781934 1 443.7371223383257
1701781934 1701781926 1 452.8411377918905
1701781926 1825447938 1 461.3662812339767
1825447938 1701781924 1 465.851115581687
1701781924 1701781980 1 481.225066882783
1701781980 1816672565 1 487.0118430813629
1816672565 1816672564 1 488.9580865565146
1816672564 1701781980 0 493.1033374605194
1701781980 1701781927 1 505.7939580845411
1701781927 1825447934 1 506.962819517792
1825447934 1825447932 1 510.2582357725001
1825447932 1825447930 1 511.3400473585593
1825447930 1825447928 1 516.3496733634357
1825447928 1825447930 0 519.6894240333532
1825447930 1825447274 1 520.7728274842651
1825447274 1825447275 1 534.2181132977066
1825447275 1825447936 1 538.380544055638
1825447936 1825447938 1 546.5902964389713
1825447938 1701085385 0 572.7261613271696
1701085385 1809128990 1 593.4908753359197
1809128990 1809169690 0 594.8939426715591
1809169690 1809169687 1 595.9979417714745
1809169687 1809169688 0 596.858964813758
