1701085385 1809128990 1 20.76471400875005
1809128990 1809169687 1 22.55647948130736
1809169687 1809169688 0 23.41750252359085
1809169688 1809169687 1 24.70903708701608
1809169687 1809169690 1 25.81303618693148
1809169690 1809128990 0 27.21610352257097
1809128990 1701781965 1 29.35335362215702
1701781965 1809169702 1 46.45677859891101
1809169702 1809169703 1 47.97130362387433
1809169703 1809169704 1 50.24511248375804
1809169704 1809169703 0 51.76098505701383
1809169703 1809169725 1 66.71418460736062
1809169725 1701781979 1 72.09008442238594
1701781979 1701781956 1 75.41869292022349
1701781956 1809169728 0 83.01796145094862
1809169728 1809169726 1 89.36978634223938
1809169726 1813309818 0 91.71343791145496
1813309818 1813309817 1 93.86885547047152
1813309817 1809169712 0 94.72314668371668
1809169712 1813309817 1 96.00458350358443
1813309817 1809169726 1 98.78378984117967
1809169726 1809169725 1 102.0032684133485
1809169725 1809129015 1 112.1346311447908
1809129015 1809129010 0 116.019318259421
1809129010 1809129012 1 116.8016080102528
1809129012 1809129015 1 122.5902973041454
1809129015 1809128996 1 137.8620677942094
1809128996 1809128993 1 141.4091582574749
1809128993 1809128996 0 143.7738852329853
1809128996 1809169701 1 144.9610184132609
1809169701 1809169702 0 151.912301661366
1809169702 1809169701 1 162.3392265335236
1809169701 1701781947 1 179.4471620771891
1701781947 1701781965 1 190.0332517023405
1701781965 1701085376 1 202.1002365954333
1701085376 1701781952 1 212.8597917313535
1701781952 1701781947 1 225.0250651530153
1701781947 1809128986 0 233.1839032444762
1809128986 1701781952 1 234.3799535022467
1701781952 1809128983 1 242.0130867680623
1809128983 1809128970 1 248.1495022010783
1809128970 1809128961 1 254.3666836281186
1809128961 1809128958 1 257.2951315408844
1809128958 1809128967 1 261.5597058405289
1809128967 1809128983 0 273.8088023691369
1809128983 1809185705 1 284.5452514092149
1809185705 1809185707 1 287.1372956258855
1809185707 1809185703 1 298.0103676972254
1809185703 1809185699 1 299.4337093802628
1809185699 1809185705 0 306.7229783675466
1809185705 1701085376 1 314.3949089459725
1701085376 1701085385 1 333.7911908659024
1701085385 1701085389 1 356.0365673956392
1701085389 1816672573 1 370.7647114706364
1816672573 1701781957 0 371.6020936345693
1701781957 1816672573 1 372.8581668804686
1816672573 1816672572 1 377.6646539777303
1816672572 1701085399 1 384.6947204652753
1701085399 1701085372 1 403.95169814019
1701085372 1701781973 1 409.8147523457373
1701781973 1816672571 1 415.0441353877642
1816672571 1701085372 0 421.2759780056373
1701085372 1701085437 1 427.7489972408475
1701085437 1701781983 1 430.8889905525839
1701781983 1816672565 1 432.6456230793958
1816672565 1816672564 0 433.943118729497
1816672564 1816672565 1 435.8893622046487
1816672565 1701781980 1 441.6761384032286
1701781980 1701781927 1 454.3667590272504
1701781927 1825447934 1 455.5356204605013
1825447934 1825447932 1 458.8310367152093
1825447932 1825447930 1 459.9128483012686
1825447930 1825447928 1 464.9224743061449
1825447928 1825447930 0 468.2622249760625
1825447930 1825447274 1 469.3456284269744
1825447274 1825447275 1 482.7909142404159
1825447275 1825447936 1 486.9533449983472
1825447936 1825447938 1 495.1630973816805
1825447938 1701781980 0 508.0521624394107
1701781980 1701781924 1 523.4261137405066
1701781924 1825447938 1 527.910948088217
1825447938 1701781926 1 536.4360915303032
1701781926 1701781934 1 545.540106983868
1701781934 1701085389 1 549.7222121218321
1701085389 1701085399 1 563.7524523830798
1701085399 1701085385 0 586.4736700764375
