370639827 947.8498069635953 1774.509741363099 12.8946102 80.2534342 50
370639832 539.8082521184035 1832.059255858494 12.8951304 80.2496745 50
370639886 741.7289672793067 1800.662577246693 12.8948466 80.251535 50
370639893 712.6536866625003 1624.562390446018 12.8932548 80.25126710000001 50
370639901 716.0723926686545 1655.074032310329 12.8935306 80.2512986 50
370639910 515.0958915484273 1653.337147693892 12.8935149 80.2494468 50
370639914 518.5145975559624 1682.974815769992 12.8937828 80.24947830000001 50
370639918 338.0611855170382 1859.075002570667 12.8953746 80.2478156 50
370639923 315.8233169139211 1682.100841981957 12.8937749 80.2476107 50
370639927 318.3846331612394 1711.738510058233 12.8940428 80.2476343 50
370639931 326.9368246981236 1781.490468707567 12.8946733 80.2477131 50
370639935 529.6281053387841 1750.978826843256 12.8943975 80.2495807 50
370639938 728.900679974671 1722.204069595735 12.8941374 80.2514168 50
370639944 823.8321766419931 1791.944965285612 12.8947678 80.2522915 50
370639967 792.1955797751067 1577.489498447405 12.8928293 80.252 50
370639971 904.2314595189583 1779.742521131498 12.8946575 80.2530323 50
370639975 877.2074025041875 1572.245655719374 12.8927819 80.2527833 50
370639987 782.9813531083494 1505.76833303535 12.892181 80.25191510000001 50
370639998 822.8445504624681 1377.449067631245 12.8910211 80.2522824 50
370640026 731.4402901511842 1271.443791219514 12.8900629 80.2514402 50
370640047 267.5381644422266 1339.558431886105 12.8906786 80.2471658 50
370640054 247.8290529809104 1198.041055987422 12.8893994 80.2469842 50
370640067 92.04458937311347 992.8452861179985 12.8875446 80.24554879999999 50
370640073 324.4514796951715 895.966951163166 12.8866689 80.24769019999999 50
370640079 331.9617798789694 938.2827706450532 12.8870514 80.24775940000001 50
370640085 383.5788140777395 928.9898847980775 12.8869674 80.24823499999999 50
370640092 429.0096183593621 928.4256738718142 12.8869623 80.2486536 50
370640097 728.444852505711 964.855998983569 12.8872916 80.25141259999999 50
370640102 752.7665038191428 941.2144548705758 12.8870779 80.25163670000001 50
370640110 773.7237142986007 940.9931956835712 12.8870759 80.2518298 50
370640116 792.5971420691247 1008.355555115262 12.8876848 80.2520037 50
370640121 815.2908381398213 1234.62626253015 12.8897301 80.2522128 50
370640127 275.1352889037224 525.1808058676891 12.8833173 80.2472358 50
370640131 243.1839540246582 284.4286846745449 12.8811411 80.2469414 50
370640139 255.6757972463107 346.668893930459 12.8817037 80.2470565 50
370640144 747.6113122203692 286.696591339582 12.8811616 80.2515892 50
370640149 738.9722964044065 229.3904619497509 12.8806436 80.25150960000001 50
370640153 146.8849749532175 299.2419872329549 12.881275 80.24605409999999 50
370640163 760.60239504845 465.230629195195 12.8827754 80.2517089 50
370640169 565.6167692205499 248.330248342417 12.8808148 80.24991230000001 50
370640175 596.3959763244582 484.7567524333881 12.8829519 80.25019589999999 50
370640185 607.3466885852156 552.4067488075859 12.8835634 80.2502968 50
370640188 781.8200783679055 527.3048940613839 12.8833365 80.2519044 50
370640191 285.5759085205779 588.2286111561341 12.8838872 80.247332 50
370640201 300.1406814178328 714.213592138819 12.885026 80.24746620000001 50
370640204 627.1860364658402 673.7674127856071 12.8846604 80.25047960000001 50
370640208 807.8130970615408 649.351461518625 12.8844397 80.25214389999999 50
370640213 651.1386845907713 855.7862828340776 12.8863057 80.25070030000001 50
370640216 437.9742252249765 506.1193269222399 12.883145 80.2487362 50
370640222 464.3471001432055 693.293536023624 12.8848369 80.24897919999999 50
370640228 473.2465887977849 758.155666643993 12.8854232 80.2490612 50
370640233 314.5100996861252 776.9848234433326 12.8855934 80.2475986 50
370640239 634.7180427176818 735.1336482540139 12.8852151 80.25054900000001 50
370640244 810.5480618697781 712.122692823139 12.8850071 80.2521691 50
370640251 643.6066783389298 795.1170138045231 12.8857573 80.2506309 50
370640256 816.712585717501 772.803024812325 12.8855556 80.2522259 50
370640262 476.2854385834877 818.8802504704744 12.8859721 80.2490892 50
370640268 319.9908823345503 834.8662267188823 12.8861166 80.2476491 50
370640278 298.3716367224575 653.123930654167 12.8844738 80.24744990000001 50
370640285 456.4135315987265 633.5867444570461 12.8842972 80.2489061 50
370640292 617.8849855172425 614.0606212186769 12.8841207 80.25039390000001 50
370640300 803.2982345259777 588.958766472475 12.8838938 80.2521023 50
370640305 431.2127844542728 444.310573080352 12.8825863 80.2486739 50
370640311 587.0949253758606 428.54585601842 12.8824438 80.25011019999999 50
370640314 764.9870211674663 408.322766341726 12.882261 80.2517493 50
370640317 503.4722911203228 374.1935367728481 12.8819525 80.24933969999999 50
370640321 580.3986028161919 365.4980507303271 12.8818739 80.25004850000001 50
370640325 759.5170915537533 344.15760216021 12.881681 80.25169889999999 50
370640330 263.4465702673446 406.1323003919999 12.8822412 80.2471281 50
370640340 244.3126696582037 658.002695724027 12.8845179 80.24695180000001 50
370640342 823.1375824052215 844.9113938014624 12.8862074 80.25228509999999 50
370640348 422.5412095327927 883.9415143587606 12.8865602 80.248594 50
370640352 488.5059559318113 936.9330896053463 12.8870392 80.24920179999999 50
370640358 483.1228505985579 878.1555866230265 12.8865079 80.2491522 50
3876927726 871.5421182628928 956.979171932507 12.8872204 80.25273110000001 50
3876927727 820.3266463539986 961.81368516472 12.8872641 80.2522592 50
3876927728 872.3343898134552 970.2768490611327 12.8873406 80.2527384 50
3876927730 885.5967985176266 1208.163663785137 12.8894909 80.25286060000001 50
3876927731 812.9682886616951 1219.54744894744 12.8895938 80.2521914 50
3876927732 822.117397120179 1234.427129262057 12.8897283 80.2522757 50
3876927733 812.57757940377 1236.119762041199 12.8897436 80.2521878 50
3876927734 826.6431126932159 1236.396336024779 12.8897461 80.2523174 50
3876927735 809.0177839422144 1239.527153518746 12.8897744 80.252155 50
3876927736 830.0726717354631 1239.936483014212 12.8897781 80.252349 50
3876927737 807.0425315817837 1244.018715011348 12.889815 80.2521368 50
3876927738 831.8742755377366 1244.505485222477 12.8898194 80.2523656 50
3876927739 806.944854266612 1248.930668959048 12.8898594 80.2521359 50
3876927740 831.776598222565 1249.406376210721 12.8898637 80.2523647 50
3876927741 808.7464580675046 1253.499671167137 12.8899007 80.25215249999999 50
3876927742 829.8013458621342 1253.909000662955 12.8899044 80.2523465 50
3876927743 812.1760171097519 1257.039818156394 12.8899327 80.25218409999999 50
3876927744 826.2415504005786 1257.30532918087 12.8899351 80.2523137 50
3876927745 816.7017326827888 1259.009024919116 12.8899505 80.25222580000001 50
3876927746 821.6398635831753 1259.097528594058 12.8899513 80.2522713 50
3876927747 840.4590261787573 1485.301858253267 12.891996 80.2524447 50
3877468320 377.3166129148449 169.163711293678 12.8800992 80.24817729999999 50
3877468321 3.255910484090009 251.472128795489 12.8808432 80.24473070000001 50
3877468322 356.4462267158463 205.9259251859389 12.8804315 80.247985 50
3877468323 235.1418551302953 223.294771352422 12.8805885 80.24686730000001 50
3877468331 420.8155769776471 382.9111487339289 12.8820313 80.2485781 50
3877468332 268.0374040500357 465.872280837297 12.8827812 80.2471704 50
3877468333 52.55039520611467 490.6864986404639 12.8830055 80.2451849 50
3877468334 100.7704294695357 798.9005458993445 12.8857915 80.2456292 50
3877468335 216.3335455694254 968.1416979083338 12.8873213 80.24669400000001 50
3877473725 443.8674232007511 568.2378436257241 12.8837065 80.2487905 50
3877473726 410.9610212449179 326.833007831023 12.8815244 80.24848729999999 50
3877473727 401.0196412372522 262.490836299798 12.8809428 80.2483957 50
3877473728 572.6603888992947 308.0259769500669 12.8813544 80.2499772 50
3877473730 749.5648585099948 944.7546018600087 12.8871099 80.2516072 50
3877473731 764.5637528054045 939.1899333111031 12.8870596 80.2517454 50
3877473732 788.6900494884929 972.4341261326673 12.8873601 80.25196769999999 50
3877473733 799.2500524913253 1084.656785694685 12.8883745 80.252065 50
3877473734 803.6563846783854 1155.315907009893 12.8890132 80.25210559999999 50
3877473735 810.9279180916102 1186.513452353425 12.8892952 80.25217259999999 50
3877473736 253.0168036852014 1024.59597942869 12.8878316 80.247032 50
3877473737 311.8619591597281 1014.794197452202 12.887743 80.2475742 50
3877473738 538.8314789749714 978.120487234531 12.8874115 80.24966550000001 50
3877473740 265.6388833261623 1089.513424845634 12.8884184 80.24714830000001 50
3877473742 271.5754934407861 1158.856053999326 12.8890452 80.247203 50
3877473743 319.0900804327233 1155.161025579271 12.8890118 80.2476408 50
3877473744 528.4342714955842 1114.593153673101 12.8886451 80.2495697 50
3877473745 558.8878875539831 1109.482066457308 12.8885989 80.24985030000001 50
3877473746 266.3768897031636 1083.948756296729 12.8883681 80.2471551 50
3877473747 478.6622532365558 1053.946010562106 12.8880969 80.24911109999999 50
3877473748 547.6115842449548 1044.088913788867 12.8880078 80.24974640000001 50
3877473749 531.9723608890961 941.5352806914508 12.8870808 80.24960230000001 50
3877473750 670.2074669902579 1086.194537043206 12.8883884 80.25087600000001 50
3877473751 615.8771740512943 1097.556196287125 12.8884911 80.2503754 50
3877473752 603.5372733183747 951.0494257252551 12.8871668 80.2502617 50
3877473753 654.8287164716353 956.2268906974307 12.8872136 80.2507343 50
3877473754 682.4605434413374 957.4770051027394 12.8872249 80.2509889 50
3877473755 683.7303485302843 976.4721062925086 12.8873966 80.2510006 50
3877473756 695.8640415995294 1077.454799163389 12.8883094 80.2511124 50
3877473757 723.0726002085505 1089.148347187288 12.8884151 80.25136310000001 50
3877473758 721.1299069536371 1066.933924829137 12.8882143 80.2513452 50
3877473759 709.8644566793212 988.5639208529449 12.8875059 80.2512414 50
3877473760 684.652856501536 984.9242072294654 12.887473 80.2510091 50
3877473761 743.6716605342201 993.0444193860915 12.8875464 80.25155289999999 50
3877473762 790.1443561703095 993.5533155159554 12.887551 80.25198109999999 50
3877473763 787.0186821069086 966.1946170639961 12.8873037 80.2519523 50
3877473764 872.1933003594346 1000.20215408062 12.8876111 80.2527371 50
3877473765 832.9053138561105 1003.786552906997 12.8876435 80.25237509999999 50
3877473766 795.0173688624226 1052.153811148742 12.8880807 80.252026 50
3877473767 754.1665453260173 1083.152223224181 12.8883609 80.25164959999999 50
3877473768 745.1368202521296 1088.562010342113 12.8884098 80.2515664 50
3877473769 742.1305295733248 1060.307212183559 12.8881544 80.2515387 50
3877473770 740.4700152250721 1036.521849599048 12.8879394 80.2515234 50
3877473771 750.6067498644617 1057.054702137162 12.888125 80.25161679999999 50
3877473772 793.5087970042833 1024.739797900032 12.8878329 80.2520121 50
3877473773 812.4473429844617 1010.833658007671 12.8877072 80.2521866 50
3877473774 826.1221670159824 1004.57202302044 12.8876506 80.2523126 50
3877473775 837.3767642542056 1022.394450519684 12.8878117 80.25241629999999 50
3877473776 875.2104440743324 1047.10910168898 12.8880351 80.2527649 50
3877473777 840.2962306553123 1051.766607571836 12.8880772 80.2524432 50
3877473778 876.4042779189128 1065.595306749061 12.8882022 80.2527759 50
3877473779 850.422112258609 1081.669786672236 12.8883475 80.25253650000001 50
3877473780 821.411949850076 1107.501796735131 12.888581 80.2522692 50
3877473781 801.4423655487623 1120.545025798913 12.8886989 80.2520852 50
3877473782 800.6175348940632 1108.04388174301 12.8885859 80.25207760000001 50
3877473783 812.1108989014784 1114.294453770962 12.8886424 80.2521835 50
3877473784 708.2473544726788 1114.073194583957 12.8886404 80.2512265 50
3877473785 716.4522488918675 1140.989374662435 12.8888837 80.2513021 50
3877473786 722.4756832869506 1158.933494714461 12.8890459 80.25135760000001 50
3877473787 728.4991176806529 1173.348530736685 12.8891762 80.25141309999999 50
3877473788 687.7242653913756 1133.101484651918 12.8888124 80.2510374 50
3877473789 711.4164406763093 1124.461313405796 12.8887343 80.2512557 50
3877473790 752.0284974421415 1111.351706586159 12.8886158 80.2516299 50
3877473791 798.2732793451318 1077.133973342338 12.8883065 80.252056 50
3877473792 694.5616774064456 1151.045604703767 12.8889746 80.2511004 50
3877473793 717.0817249189847 1142.870077750566 12.8889007 80.2513079 50
3877473794 740.8064593094359 1137.460290632458 12.8888518 80.2515265 50
3877473795 751.4749926607714 1137.183716648878 12.8888493 80.2516248 50
3877473796 799.9120876211986 1102.921731567586 12.8885396 80.25207109999999 50
3877473797 749.2935326366658 1167.363469732858 12.8891221 80.2516047 50
3877473798 758.3232577105537 1161.92049373691 12.8890729 80.25168789999999 50
3877473799 801.5291898306025 1127.116423647739 12.8887583 80.25208600000001 50
3877473801 834.6635055181542 1125.766742608384 12.8887461 80.2523913 50
3877473802 845.8746906175284 1113.25453559285 12.888633 80.25249460000001 50
3877473803 862.8379842372759 1104.835623533908 12.8885569 80.25265090000001 50
3877473804 878.6942682915216 1101.063154398367 12.8885228 80.252797 50
3877473805 855.7292463474961 1129.030315614061 12.8887756 80.2525854 50
3877473806 880.4199008480477 1127.901893761182 12.8887654 80.2528129 50
3877473807 808.2038063222275 1177.165251709698 12.8892107 80.25214750000001 50
3877473808 817.4180329889848 1173.348530736685 12.8891762 80.2522324 50
3877473809 843.1397258092911 1154.851262717676 12.889009 80.2524694 50
3877473810 862.2953324892372 1142.89220366895 12.8889009 80.2526459 50
3877473811 872.6925399672436 1141.531459670315 12.8888886 80.2527417 50
3877473812 881.4075270275728 1143.168777652706 12.8889034 80.25282199999999 50
3877473813 770.9127782487585 1184.876134370858 12.8892804 80.2518039 50
3877473814 304.9160167933934 1285.549064379968 12.8901904 80.24751019999999 50
3877473815 319.4699366573169 1262.858934770144 12.8899853 80.2476443 50
3877473816 377.9135298364447 1230.555093492293 12.8896933 80.2481828 50
3877473817 660.0164671745456 1194.412405323398 12.8893666 80.2507821 50
3877473818 679.3240163432243 1195.883778915711 12.8893799 80.25096000000001 50
3877473819 712.1110349144616 1212.478217928206 12.8895299 80.25126210000001 50
3877473820 811.6767775033236 1193.671187047426 12.8893599 80.2521795 50
3877473821 679.8015498802281 1189.212814432839 12.8893196 80.2509644 50
3877473822 700.5308466265868 1182.951179445256 12.889263 80.2511554 50
3877473823 820.8367389979005 1076.116181082786 12.8882973 80.2522639 50
3877473824 831.9610998154345 1074.788625961815 12.8882853 80.2523664 50
3877473825 842.4234255044759 1077.598617634731 12.8883107 80.2524628 50
3877473826 849.0763359252957 1082.864586281321 12.8883583 80.2525241 50
3877473827 680.8977064096371 1117.834600760219 12.8886744 80.2509745 50
3877473828 704.3836740322766 1181.623624324285 12.889251 80.2511909 50
3877473829 721.4337919311029 1214.071284073477 12.8895443 80.25134799999999 50
3877473830 801.3338352002592 1199.1694778403 12.8894096 80.2520842 50
3877473831 734.8481431240069 1287.529334102145 12.8902083 80.2514716 50
3877473832 749.6625358251665 1345.034596760069 12.8907281 80.2516081 50
3877473833 651.5836590236383 1285.195049681077 12.8901872 80.2507044 50
3877473834 666.1375788848002 1348.353484562497 12.8907581 80.2508385 50
3877473835 566.224539176862 1362.868087218944 12.8908893 80.2499179 50
3877473836 792.8684679424538 1503.378733817355 12.8921594 80.2520062 50
3877473837 815.5730170478624 1493.687581434193 12.8920718 80.2522154 50
3877473839 907.4873700016675 1474.803109837927 12.8919011 80.2530623 50
3877476948 328.5647799408589 1404.066547807232 12.8912617 80.2477281 50
3877476949 233.6007241666387 1420.229531405349 12.8914078 80.2468531 50
3877476950 217.288612643433 1344.923967166566 12.8907271 80.24670279999999 50
3877478069 156.4682048098563 1031.034621765454 12.8878898 80.2461424 50
3877478070 88.11579072305722 1005.855326303765 12.8876622 80.2455126 50
3877478071 155.3394891763106 999.6821949911244 12.8876064 80.246132 50
3877478072 208.0852390100071 997.7793659844339 12.8875892 80.246618 50
3877478073 156.294556251699 1040.65939639276 12.8879768 80.24614080000001 50
3877478074 186.9218208668743 1039.254400556302 12.8879641 80.24642299999999 50
3877478075 262.0031166202402 1022.394450519684 12.8878117 80.24711480000001 50
3877478076 373.4529324758236 1144.629088285915 12.8889166 80.24814170000001 50
3877478077 363.1425492768957 1070.274938550653 12.8882445 80.2480467 50
3877478078 354.8074184383987 1004.494582304954 12.8876499 80.2479699 50
3877478079 757.3573376004531 938.9022963680677 12.887057 80.251679 50
7170102948 7.488594114373427 250.896854909945 12.880838 80.24476970000001 50
7170102949 29.07528062094877 369.137764353454 12.8819068 80.24496860000001 50
7170102950 63.03442696458046 554.5308370011051 12.8835826 80.2452815 50
7170102951 88.96232744856161 682.0425063733819 12.8847352 80.2455204 50
7170102952 107.2279852627736 798.2367683388587 12.8857855 80.2456887 50
7170102954 112.6436496987831 922.3963610301639 12.8869078 80.2457386 50
7170102955 99.17503333231775 992.0487530456268 12.8875374 80.2456145 50
7170102956 95.44158931122399 1005.191548743455 12.8876562 80.2455801 50
7170102958 118.7322023049011 1360.179788098809 12.890865 80.2457947 50
7170102959 151.2478950014286 1495.889110343199 12.8920917 80.2460943 50
7170102960 207.4340569134653 1694.502419403989 12.893887 80.246612 50
7170102995 0 212.3424416039679 12.8804895 80.2447007 50
7170102999 18.6021018971951 311.090416687651 12.8813821 80.24487209999999 50
7170103000 40.34073089388403 429.2317594976421 12.88245 80.2450724 50
7170103003 77.46896344114634 613.872550909864 12.884119 80.2454145 50
7170103004 97.41684167165477 739.9239096487561 12.8852584 80.2455983 50
7170103011 77.23019667333483 1100.565321227959 12.8885183 80.2454123 50
7170103014 78.25038195699653 1171.135938868575 12.8891562 80.24542169999999 50
7170103019 180.6270605984622 1602.77942350242 12.8930579 80.246365 50
7170103022 252.8865672658931 1871.377013358828 12.8954858 80.2470308 50
7768630678 762.6644716907209 226.3038962930791 12.8806157 80.25172790000001 50
7768630679 764.8459317148265 225.872440879054 12.8806118 80.25174800000001 50
7768630680 766.0831776968753 224.135556262265 12.8805961 80.2517594 50
7768630681 766.2351201869889 220.2303316146611 12.8805608 80.2517608 50
7768630682 758.3775228868764 133.2312193519799 12.8797744 80.25168840000001 50
7768630683 757.4984270558544 130.8416201341611 12.8797528 80.2516803 50
7768630684 755.9681491282907 130.045087061437 12.8797456 80.2516662 50
7768650885 753.5696284044175 129.97870930523 12.879745 80.25164409999999 50
7768650886 744.9848777633966 131.859412393537 12.879762 80.251565 50
7768650887 588.5166729535405 158.034374195867 12.8799986 80.2501233 50
7768650888 579.0528264814977 157.7467372528311 12.879996 80.2500361 50
7768650889 573.669721149625 154.8593048649559 12.8799699 80.24998650000001 50
7768650890 568.7967084575121 149.2171956005641 12.8799189 80.2499416 50
7768650891 535.5104502812272 0 12.8785701 80.2496349 50
7768650892 390.0363698709774 264.1060283636291 12.8809574 80.2482945 50
7768650926 457.9003973846798 257.6010082710091 12.8808986 80.2489198 50
7768650928 232.0812992751679 185.780276224732 12.8802494 80.2468391 50
7778402372 527.3272619328438 251.6270102262861 12.8808446 80.2495595 50
7778402373 513.7067030748842 107.9966090933631 12.8795463 80.24943399999999 50
7778402377 672.0416298939065 144.0618565473001 12.8798723 80.2508929 50
7780781220 879.7361596459884 1591.616897526418 12.892957 80.2528066 50
7780781222 244.3126696582037 1479.471678680238 12.8919433 80.24695180000001 50
7780781223 856.6734603867915 1482.757377604651 12.891973 80.2525941 50
7780781232 801.312129129454 1500.480238469848 12.8921332 80.252084 50
7780781234 456.2832951780373 1312.841385075896 12.8904371 80.2489049 50
7780781235 463.4897103816081 1384.639991203438 12.8910861 80.24897129999999 50
7780781236 493.4115277266803 1307.586479388586 12.8903896 80.249247 50
7780781237 478.1847196981714 1217.710997696956 12.8895772 80.2491067 50
7780781238 358.0416228516834 1233.940359050929 12.8897239 80.24799969999999 50
7780781239 344.8660384279716 1238.564676055945 12.8897657 80.2478783 50
7780781240 337.4425625260138 1242.326082231855 12.8897997 80.24780989999999 50
7780781241 330.605150509563 1246.950399236871 12.8898415 80.2477469 50
7780781242 324.6359812908026 1254.329393117876 12.8899082 80.24769190000001 50
7780781243 275.1461419398154 1338.485324829978 12.8906689 80.24723590000001 50
7780781248 152.4634349154336 981.1738640126596 12.8874391 80.2461055 50
7780781249 300.8678347601218 946.3144791270886 12.887124 80.24747290000001 50
7780781250 196.070929326739 1037.229878997005 12.8879458 80.2465073 50
7780781251 195.0941561805455 997.6134215941805 12.8875877 80.2464983 50
7780781252 193.1840220311498 1093.761601232848 12.8884568 80.24648070000001 50
7780781255 156.4899108792807 1095.918878304383 12.8884763 80.2461426 50
7780781256 729.7038045599456 1096.682222498915 12.8884832 80.2514242 50
7780781257 727.0773701029732 1096.98092240123 12.8884859 80.2514 50
7780781258 724.53775992646 1095.819311670512 12.8884754 80.2513766 50
7780781259 723.6586640954381 1094.082427053899 12.8884597 80.2513685 50
7780781260 743.8236030229529 1035.072601925295 12.8879263 80.2515543 50
7780781261 768.1995195127074 1020.248236407429 12.8877923 80.25177890000001 50
7780781262 748.9896476578193 1031.676273407556 12.8878956 80.2516019 50
7780781263 736.8342485191499 1037.24094195611 12.8879459 80.2514899 50
7780781264 718.4383542856297 1040.106248425953 12.8879718 80.2513204 50
7780781265 718.4926194619524 1040.427074246652 12.8879747 80.2513209 50
7780781266 869.1327445043073 946.7127456632745 12.8871276 80.2527089 50
7780781267 871.9002684153004 961.6034889371714 12.8872622 80.25273439999999 50
7780781268 865.0628564002304 941.070636399234 12.8870766 80.2526714 50
7780781269 857.9324124410261 936.435256434938 12.8870347 80.2526057 50
7780781270 849.6298407080466 934.1230979326058 12.8870138 80.2525292 50
7780781271 841.1861795196656 934.1230979326058 12.8870138 80.2524514 50
7780781272 651.8332788261621 899.5624129489983 12.8867014 80.25070669999999 50
7780781273 560.2770760261453 923.2813977778301 12.8869158 80.2498631 50
7780781274 515.5951311548556 930.6493286993797 12.8869824 80.2494514 50
7780781275 507.4445019119896 931.9547579017914 12.8869942 80.24937629999999 50
7780781276 496.0922273585949 937.3092302227965 12.8870426 80.24927169999999 50
7780781277 743.6391014287026 849.9339773424884 12.8862528 80.2515526 50
7780781280 783.2635320177712 953.2841435124524 12.887187 80.25191770000001 50
7780781281 780.4960081040166 946.8565641349682 12.8871289 80.2518922 50
7780781282 778.0974873829048 943.5929911289389 12.8870994 80.2518701 50
7780781283 739.7428618841637 960.4418782062774 12.8872517 80.2515167 50
7780781284 737.0513092189178 963.0527366111008 12.8872753 80.2514919 50
7780802685 733.4806607212691 964.789621227538 12.887291 80.251459 50
7780802686 294.5296623514799 633.6641851721811 12.8842979 80.2474145 50
7846554100 481.646837845936 865.3889315426486 12.8863925 80.24913859999999 50
7846554104 476.2854385834877 818.8802504704744 12.8859721 80.2490892 50
7846554105 488.5059559318113 936.9330896053463 12.8870392 80.24920179999999 50
7846554106 483.1228505985579 878.1555866230265 12.8865079 80.2491522 50
7846554107 319.9908823345503 834.8662267188823 12.8861166 80.2476491 50
7846554108 117.3755729354948 858.5188337915072 12.8863304 80.24578219999999 50
7846554109 244.9204396158966 293.1020447983301 12.8812195 80.2469574 50
7846554110 232.7758935119394 194.2545030806 12.880326 80.24684550000001 50
