7170103022 370639918
370639918 370639832
370639832 370639886
370639886 370639944
370639944 370639971
370639971 370639827
370639910 370639914
370639914 370639935
370639935 370639832
7170102960 370639923
370639923 370639910
370639910 370639893
370639886 370639938
370639938 370639901
370639901 370639893
370639901 370639914
370639914 370639927
370639918 370639931
370639931 370639927
370639927 370639923
370639931 370639935
370639935 370639938
370639944 370639967
370639971 7780781220
7780781220 370639975
7170103019 370639987
370639987 3877473836
3877473836 7780781232
7780781232 3877473837
3877473837 3876927747
3876927747 7780781223
7780781223 3877473839
7170102958 3877476950
3877476950 370640047
370640047 7780781243
7780781243 7780781234
7780781234 7780781236
7780781236 3877473833
3877473833 370640026
370640047 370640054
370640067 7170102955
7170102955 7780781248
7780781248 3877468335
3877468335 7780781249
7780781249 370640079
370640079 370640085
370640085 370640092
370640092 370640352
370640352 7780781276
7780781276 3877473749
3877473749 3877473752
3877473752 3877473753
3877473753 3877473754
3877473754 370640097
370640097 7780802685
7780802685 7780781284
7780781284 7780781283
7780781283 3877473730
3877473730 370640102
370640102 3877478079
3877478079 3877473731
3877473731 370640110
370640110 7780781282
7780781282 7780781281
7780781281 7780781280
7780781280 3877473763
3877473763 3877473732
3877473732 3877473762
3877473762 370640116
370640116 3877473772
3877473772 3877473766
3877473766 3877473791
3877473791 3877473733
3877473733 3877473796
3877473796 3877473782
3877473782 3877473781
3877473781 3877473799
3877473799 3877473734
3877473734 3877473807
3877473807 3877473735
3877473735 3877473820
3877473820 3876927731
3876927731 370640121
370640079 370640073
370640073 370640268
370640268 370640233
370640233 370640201
370640201 370640278
370640278 7780802686
7780802686 370640191
370640191 370640127
370640127 3877468332
3877468332 370640330
370640330 370640139
370640139 7846554109
7846554109 370640131
7170102949 370640139
370640139 3877473726
3877473726 3877473728
3877473728 370640144
7768650891 7768650890
7768650890 7768650889
7768650889 7768650888
7768650888 7768650887
7768650887 7778402377
7778402377 7768650886
7768650886 7768650885
7768650885 7768630684
7768630684 7768630683
7768630683 7768630682
7768630682 7768630681
7768630681 7768630680
7768630680 7768630679
7768630679 7768630678
7170102950 370640127
370640127 370640216
370640216 370640175
370640175 370640163
370640169 3877473728
3877473728 370640321
370640321 370640311
370640311 370640175
370640175 370640185
370640185 370640292
370640292 370640204
370640204 370640239
370640239 370640251
370640251 370640213
370640188 370640185
370640185 3877473725
3877473725 370640191
370640191 7170103003
7170103004 370640201
370640201 370640222
370640222 370640204
370640204 370640208
3877473727 3877473726
3877473726 3877468331
3877468331 370640305
370640305 370640216
370640216 3877473725
3877473725 370640285
370640285 370640222
370640222 370640228
3877468334 7170102952
7170102952 370640233
370640233 370640228
370640228 370640239
370640239 370640244
370640251 370640256
7846554105 7846554106
7846554106 7846554100
7846554100 370640262
370640278 370640285
370640285 370640292
370640292 370640300
370640305 370640311
370640311 370640314
370640317 370640321
370640321 370640325
370640342 7780781277
7780781277 370640213
370640213 370640358
370640358 370640348
370640348 370640073
3876927738 3876927736
3876927736 3876927734
3876927734 3876927732
3876927732 370640121
370640121 3876927733
3876927733 3876927735
3876927735 3876927737
3876927737 3876927739
3876927739 3876927741
3876927741 3876927743
3876927743 3876927745
3876927745 3876927746
3876927746 3876927744
3876927744 3876927742
3876927742 3876927740
3876927740 3876927738
3876927743 370639998
3876927731 3876927730
3876927730 3877473812
3877473812 3877473806
3877473806 3877473804
3877473804 3877473778
3877473778 3877473776
3877473776 3877473764
3877473764 3876927728
3876927728 7780781267
7780781267 3876927726
3876927726 3876927727
3877468321 7170102948
7170102948 3877468323
3877468323 3877468322
370640330 3877468331
3877468331 370640317
370640305 3877468332
3877468332 3877468333
370640251 7846554104
3877473736 3877478075
3877478075 3877473737
3877473737 3877478078
3877478078 3877473738
7170103014 3877473742
3877473742 3877473743
3877473743 3877478076
3877478076 3877473744
3877473744 3877473745
3877473746 3877478077
3877478077 3877473747
3877473747 3877473748
3877473749 3877473738
3877473738 3877473748
3877473748 3877473745
3877473745 3877473751
3877473751 3877473750
3877473751 3877473752
3877473750 3877473753
3877473754 3877473755
3877473755 3877473760
3877473760 3877473756
3877473756 3877473784
3877473784 3877473789
3877473789 3877473785
3877473785 3877473793
3877473793 3877473786
3877473786 3877473787
3877473768 7780781256
7780781256 7780781257
7780781257 7780781258
7780781258 7780781259
7780781259 3877473757
3877473757 3877473758
3877473758 7780781265
7780781265 7780781264
7780781264 3877473759
3877473760 3877473759
3877473759 3877473761
3877473761 3877473762
3877473763 3876927727
3877473764 3877473765
3877473766 3877473767
3877473767 3877473768
3877473768 3877473769
3877473769 3877473770
3877473758 3877473769
3877473769 3877473771
3877473771 3877473772
3877473772 3877473773
3877473773 3877473774
3877473774 3877473765
3877473775 3877473766
3877473776 3877473777
3877473778 3877473779
3877473779 3877473826
3877473826 3877473780
3877473780 3877473783
3877473783 3877473781
3877473788 3877473789
3877473789 3877473790
3877473790 3877473791
3877473792 3877473793
3877473793 3877473794
3877473794 3877473795
3877473795 3877473796
3877473787 3877473797
3877473797 3877473798
3877473798 3877473799
3877473734 3877473801
3877473801 3877473802
3877473802 3877473803
3877473803 3877473804
3877473801 3877473805
3877473805 3877473806
3877473807 3877473808
3877473808 3877473809
3877473809 3877473810
3877473810 3877473811
3877473811 3877473812
3877473734 3877473813
7780781243 3877473814
3877473814 3877473815
3877473815 7780781242
7780781242 7780781241
7780781241 7780781240
7780781240 7780781239
7780781239 7780781238
7780781238 3877473816
3877473816 7780781237
7780781237 3877473817
3877473817 3877473818
3877473818 3877473819
3877473819 3877473829
3877473829 3877473830
3877473817 3877473821
3877473821 3877473822
3877473822 3877473828
3877473828 3877473787
3877473733 3877473823
3877473823 3877473824
3877473824 3877473825
3877473825 3877473826
3877473827 3877473788
3877473788 3877473792
3877473792 3877473828
3877473819 370640026
370640026 3877473831
3877473831 3877473832
3877473833 3877473834
3877473834 3877473835
3877473835 7780781235
7780781235 3877476948
3877476948 3877476949
3877476949 3877476950
3877478070 7170102956
7170102956 3877478071
3877478071 7780781251
7780781251 3877478072
7780781248 3877478071
3877478071 3877478069
3877478069 3877478073
3877478073 3877478074
3877478074 7780781250
7780781250 3877473736
3877478075 3877473746
3877473746 3877473740
3877473740 3877473742
3877478076 3877478077
3877478077 3877478078
7170102995 7768650928
7768650928 3877468320
7170103000 370640330
7170102951 370640340
7170102954 370640073
7170103011 7780781255
7780781255 7780781252
7780781252 3877473740
7170102959 7780781222
7780781222 370639998
370640131 3877468323
3877468323 7846554110
7846554110 7768650928
7778402373 7778402372
7780781235 7780781234
7780781237 7780781236
3877473737 7780781249
3877473828 3877473819
7780781264 7780781263
7780781263 3877473770
3877473770 7780781260
7780781260 7780781262
7780781262 7780781261
7780781261 370640116
370640110 7780781271
7780781271 7780781270
7780781270 7780781269
7780781269 7780781268
7780781268 7780781266
7780781266 3876927726
3877473753 7780781272
7780781272 370640213
7780781276 7780781275
7780781275 7780781274
7780781274 7780781273
370639998 3876927747
370640262 7846554107
7846554107 7846554108
7846554104 370640228
7768630678 370640149
370640149 370640169
370640169 7778402372
7778402372 7768650926
7768650926 3877473727
3877473727 7768650892
7768650892 370640131
370640131 370640153
370640153 7170102999
