254530360 1479.340820060839 519.2800605109875 4.6533554 -74.0841667 50
255470954 922.9791650435329 1274.66286111378 4.6601864 -74.089181 50
255470956 930.8680655209765 1257.467424795043 4.6600309 -74.0891099 50
255470958 935.1176420100926 1227.157012608668 4.6597568 -74.0890716 50
255470959 933.3645530157326 1192.744023654157 4.6594456 -74.0890874 50
255470961 935.5059845077711 1173.359071971366 4.6592703 -74.08906810000001 50
255470962 941.042638994033 1160.929701924837 4.6591579 -74.0890182 50
255470963 955.4113114561338 1145.028070139393 4.6590141 -74.0888887 50
255470964 973.2750664086343 1137.431115315567 4.6589454 -74.08872770000001 50
255470966 1003.488112828249 1140.571632302359 4.6589738 -74.0884554 50
255470969 1020.04259878414 1153.719782645201 4.6590927 -74.08830620000001 50
255470972 1035.121383244617 1174.155259376429 4.6592775 -74.0881703 50
255470975 1039.726015730804 1200.13087346833 4.6595124 -74.08812880000001 50
255470979 1035.276720243689 1223.540994810419 4.6597241 -74.0881689 50
255470988 1027.72068476244 1235.727085372004 4.6598343 -74.08823700000001 50
255470991 1012.220271305088 1247.526140389489 4.659941 -74.0883767 50
255470992 979.0114398928956 1250.37914525779 4.6599668 -74.08867600000001 50
255470994 973.8964144077432 1248.819944922781 4.6599527 -74.0887221 50
255470996 954.8454409585082 1236.268935133869 4.6598392 -74.08889379999999 50
255470997 948.5653879732621 1229.645098249642 4.6597793 -74.0889504 50
255470999 934.8846365100738 1204.919056057487 4.6595557 -74.0890737 50
255471001 1012.996956303269 1131.913094271667 4.6588955 -74.0883697 50
255471002 1032.647086750737 1114.474378468074 4.6587378 -74.0881926 50
255471015 1350.766166403739 660.4485107012304 4.654632 -74.0853255 50
255471021 1465.382681097292 547.2682594324941 4.6536085 -74.0842925 50
261188238 567.7789244885801 1791.366370716613 4.664859 -74.0923823 50
261188243 655.0894137558283 1662.826337424121 4.6636966 -74.0915954 50
261188244 715.0273045969683 1577.081377156685 4.6629212 -74.0910552 50
261188246 677.5245146967314 1656.744350301758 4.6636416 -74.0913932 50
261188247 611.5506718715078 1751.335837292766 4.664497 -74.0919878 50
261188298 523.3303516064718 1854.574804155949 4.6654306 -74.0927829 50
261830113 1303.15537603025 747.6863223533567 4.6554209 -74.0857546 50
261830126 1048.901994206805 1118.090396266323 4.6587705 -74.0880461 50
261830130 954.9785869581156 1261.923862631988 4.6600712 -74.08889259999999 50
261830132 847.4520967443618 1410.998896081407 4.6614193 -74.0898617 50
262419431 721.9065145776244 650.0206673258764 4.6545377 -74.0909932 50
262419444 0 0 4.6486595 -74.0974995 50
262419447 607.345477384143 424.1909563917498 4.6524955 -74.09202569999999 50
262419449 691.5825131578662 516.9910217213228 4.6533347 -74.0912665 50
262419452 966.4180474274422 1106.191817823228 4.6586629 -74.0887895 50
262419460 514.1099911301311 356.0284679872393 4.6518791 -74.092866 50
262419472 478.105093726183 329.599469400742 4.6516401 -74.09319050000001 50
262419879 1289.507911066258 742.6216858041398 4.6553751 -74.0858776 50
262419880 679.9877156908797 500.8792849261381 4.653189 -74.091371 50
262419944 245.1106898480509 166.6243308371412 4.6501663 -74.0952904 50
262419953 211.003122937803 143.9551061081376 4.6499613 -74.09559779999999 50
262545791 661.0920792393046 477.2922330496002 4.6529757 -74.0915413 50
262545806 638.279731300455 453.9042280243717 4.6527642 -74.0917469 50
262545829 1317.601716991886 702.1156515689242 4.6550088 -74.0856244 50
266893742 1036.086691741065 1246.165986905789 4.6599287 -74.08816160000001 50
266893743 1101.23946756918 1400.305656904337 4.6613226 -74.08757439999999 50
266893744 1181.937038853576 1578.894915134979 4.6629376 -74.0868471 50
266893745 1224.488281240573 1672.845028938512 4.6637872 -74.0864636 50
266893746 1264.08812063392 1757.583696791235 4.6645535 -74.0861067 50
266893747 1279.743871093167 1800.975910370043 4.6649459 -74.08596559999999 50
266893748 1300.381501037959 1859.141823577022 4.6654719 -74.0857796 50
266893751 1376.274720835344 1987.571275285386 4.6666333 -74.0850956 50
266893754 1581.186414290403 2258.617795935048 4.6690844 -74.08324880000001 50
266893764 1750.492648340336 2505.900334173636 4.6713206 -74.0817229 50
266893765 1759.235902315496 2511.805390761636 4.671374 -74.08164410000001 50
266893770 1702.205032467666 2475.711561729644 4.6710476 -74.0821581 50
266893771 1665.412354567217 2443.078936278402 4.6707525 -74.0824897 50
266893772 1638.106329139501 2405.470139545122 4.6704124 -74.08273579999999 50
266893773 1580.465206790883 2325.342723747021 4.6696878 -74.0832553 50
266893775 1456.306562123114 2144.641357261161 4.6680537 -74.08437429999999 50
266893776 1396.557294781654 2049.773416310006 4.6671958 -74.0849128 50
266893777 1359.032313881953 1990.324756728076 4.6666582 -74.085251 50
266893779 1325.645954471225 1936.139780546762 4.6661682 -74.0855519 50
266893780 1276.381934602374 1853.933430968561 4.6654248 -74.0859959 50
266893781 1233.375776716483 1778.030231680981 4.6647384 -74.0863835 50
266893789 1186.619339839298 1681.724730137288 4.6638675 -74.0868049 50
266893790 1142.747732955959 1583.528283506374 4.6629795 -74.08720030000001 50
266893791 1093.050988589091 1474.196271362312 4.6619908 -74.0876482 50
266893792 1036.941045238781 1345.755761495518 4.6608293 -74.08815389999999 50
266893793 1004.564376326252 1278.688030772991 4.6602228 -74.08844569999999 50
266893798 1618.533867191568 2376.630462426488 4.6701516 -74.0829122 50
266893814 1530.102732425978 2252.602157763094 4.66903 -74.0837092 50
266893818 1494.552750520924 2202.486583874535 4.6685768 -74.08402959999999 50
266893819 1525.320571939844 2179.89476625437 4.6683725 -74.0837523 50
266894489 1167.01359139217 1639.947007685552 4.6634897 -74.0869816 50
267021491 1426.615004202197 2052.847584346391 4.6672236 -74.08464189999999 50
267021501 1499.911877007238 2144.320670667467 4.6680508 -74.0839813 50
267021534 1626.578104670907 2323.816697887215 4.669674 -74.08283969999999 50
267031409 1240.144031698408 1705.090618845743 4.6640788 -74.08632249999999 50
267031489 1277.935304598735 784.0897798205241 4.6557501 -74.08598189999999 50
267031491 1251.871975166413 821.8312744547062 4.6560914 -74.0862168 50
267031831 1383.109548818484 646.9022666558577 4.6545095 -74.08503399999999 50
267031835 1317.435284493083 727.3171945724482 4.6552367 -74.0856259 50
267032195 1337.939768438267 1927.016799863044 4.6660857 -74.0854411 50
267032207 1132.684114485869 1470.359090396068 4.6619561 -74.08729099999999 50
719488049 884.3335386469013 1013.911485938658 4.6578284 -74.0895293 50
719488058 768.685142452862 1500.094478345463 4.662225 -74.0905716 50
721844569 1057.334574183822 1390.264849073171 4.6612318 -74.08797010000001 50
721844572 1068.407883154934 1415.941892888064 4.661464 -74.08787030000001 50
889749362 1303.45495452866 722.595360933786 4.655194 -74.08575190000001 50
2374397879 795.7026848818996 719.8750539663865 4.6551694 -74.09032809999999 50
2374398352 903.3068435951891 964.5478668215278 4.657382 -74.0893583 50
2437644136 503.7135076596112 348.3983386881226 4.6518101 -74.09295969999999 50
3473367127 196.8008829759169 134.5114388307252 4.6498759 -74.0957258 50
3521592628 1020.497514281622 1126.7710506137 4.658849 -74.08830210000001 50
3521592630 1043.309862221883 1128.82786807694 4.6588676 -74.08809650000001 50
3521592631 981.4413543864364 1136.281066841432 4.658935 -74.0886541 50
3521592632 963.9881329339015 1140.195654916689 4.6589704 -74.0888114 50
3521592634 1039.049190233035 1143.723207447582 4.6590023 -74.0881349 50
3521592635 1011.487968305836 1145.746850435617 4.6590206 -74.0883833 50
3521592638 947.3337874775996 1152.271163894233 4.6590796 -74.0889615 50
3521592640 1028.641611261372 1164.048102594856 4.6591861 -74.0882287 50
3521592642 933.7528955134111 1181.597399982666 4.6593448 -74.08908390000001 50
3521592644 1039.071381233911 1208.966342033383 4.6595923 -74.0881347 50
3521592645 939.6335104984234 1215.568062600924 4.659652 -74.0890309 50
3521592647 944.0495194863429 1223.087610315823 4.65972 -74.0889911 50
3521592649 1019.853975284461 1242.84853938446 4.6598987 -74.0883079 50
3521592650 934.0413785120899 1242.085526454426 4.6598918 -74.0890813 50
3521592651 963.289116435257 1243.512028888709 4.6599047 -74.08881770000001 50
3521592653 1002.045697832032 1250.799355277183 4.6599706 -74.0884684 50
3521592654 990.0736533628642 1251.883054800823 4.6599804 -74.0885763 50
3521592658 947.7887029764934 1267.220720507718 4.6601191 -74.0889574 50
3521592659 941.009352494837 1274.729210064187 4.660187 -74.08901849999999 50
3521592924 1243.916501689166 1712.87556236236 4.6641492 -74.08628849999999 50
3521592929 1208.932390280326 1729.849835513101 4.6643027 -74.08660380000001 50
3521592935 1245.225770684364 1799.538349777417 4.6649329 -74.0862767 50
5106062708 630.6682183205465 446.2077497749358 4.6526946 -74.0918155 50
5107735020 534.5589975766553 370.0391546856384 4.6520058 -74.0926817 50
5113550604 1412.80110673799 618.9030095760083 4.6542563 -74.08476640000001 50
5113622269 721.1187340797121 560.6486311017609 4.6537295 -74.0910003 50
5136318143 995.7323583490015 1137.718627433969 4.658948 -74.0885253 50
5173158749 1510.674511978796 578.0099397965161 4.6538865 -74.08388429999999 50
5173158783 1454.753192126754 564.6406262857678 4.6537656 -74.0843883 50
5173158784 1448.040414643489 571.14282342761 4.6538244 -74.0844488 50
5592822054 996.8419083462002 1268.337594506474 4.6601292 -74.0885153 50
5592822055 1040.347363729913 1262.731108195481 4.6600785 -74.0881232 50
5592822056 1046.227978713514 1277.991366793539 4.6602165 -74.0880702 50
5592822057 1067.276142158271 1322.024953559735 4.6606147 -74.0878805 50
5593003629 1292.270690558817 1839.834279002981 4.6652973 -74.0858527 50
5593003630 1464.117794102434 2095.65371552979 4.6676107 -74.08430389999999 50
5750272621 1684.851670515543 2461.811456615374 4.6709219 -74.0823145 50
5750272622 1674.444091542468 2452.622126981425 4.6708388 -74.0824083 50
5754959028 1361.939334873851 669.339270058436 4.6547124 -74.08522480000001 50
5754959029 1454.697714626682 584.5231950967888 4.6539454 -74.0843888 50
5754959030 1461.698975110037 580.6638978136842 4.6539105 -74.08432569999999 50
5754959031 1472.572565080326 577.3243339754949 4.6538803 -74.0842277 50
5754959032 1485.276912545923 575.776191798916 4.6538663 -74.0841132 50
5754959051 1143.535513455283 979.2331011826057 4.6575148 -74.0871932 50
5754959052 1198.103182310376 899.8465819975028 4.6567969 -74.0867014 50
5754959053 1063.736677668944 1094.680274924145 4.6585588 -74.08791239999999 50
5754959054 1055.636962689534 1107.231284713234 4.6586723 -74.08798539999999 50
5754959057 1040.325172729037 1137.298417414665 4.6589442 -74.0881234 50
5754959058 1037.307196736996 1180.270420974082 4.6593328 -74.08815060000001 50
5754959059 1039.248909233858 1191.826196506623 4.6594373 -74.08813309999999 50
5754959060 1037.662252738301 1216.906099767675 4.6596641 -74.0881474 50
5754959061 1027.254673765226 1120.622714540931 4.6587934 -74.0882412 50
5754959062 1247.422679679298 803.7180109883467 4.6559276 -74.0862569 50
5754959065 729.8730835560153 575.4776215219956 4.6538636 -74.0909214 50
5754959066 1458.425802617101 559.9298508054482 4.653723 -74.0843552 50
5754959069 1405.511363257368 606.3409416286652 4.6541427 -74.0848321 50
5754959070 1378.105478330652 631.0891001376813 4.6543665 -74.0850791 50
5754959071 1365.345653366395 644.4252391733139 4.6544871 -74.0851941 50
5754959079 1189.493074332001 886.3666869026254 4.656675 -74.08677900000001 50
5754959087 1006.228701319933 1134.622343080812 4.65892 -74.0884307 50
5754959155 1034.932759744938 1234.853490858104 4.6598264 -74.088172 50
5754959156 1038.294696235731 1254.371140441797 4.6600029 -74.08814169999999 50
5754959157 1042.910424223061 1270.726156721926 4.6601508 -74.08810010000001 50
5754959163 1153.554749927857 1516.504785417481 4.6623734 -74.0871029 50
5754959171 1130.975407487614 1557.773832582644 4.6627466 -74.0873064 50
5754959177 1018.378273789048 1306.731520486562 4.6604764 -74.0883212 50
5754959178 1001.55749583253 1274.109953193573 4.6601814 -74.08847280000001 50
5754959179 990.0181758642041 1260.55265098977 4.6600588 -74.0885768 50
5754962267 1044.951996217512 1363.249768091264 4.6609875 -74.0880817 50
5754962268 1078.759984627938 1348.487126621348 4.660854 -74.087777 50
5754962269 1268.160169123089 1767.956249374612 4.6646473 -74.08607000000001 50
5754962271 1274.42912660578 1784.77570830759 4.6647994 -74.08601350000001 50
5754962272 1284.825610079123 1819.310337004397 4.6651117 -74.0859198 50
5754962273 1309.391047013745 1877.43201757783 4.6656373 -74.0856984 50
5754962274 1305.962537523149 1870.587017525521 4.6655754 -74.0857293 50
5754962275 1289.019709068168 1830.987752279499 4.6652173 -74.085882 50
5754962276 1296.331643548254 1849.963552101416 4.6653889 -74.0858161 50
5754962292 1348.846644907753 1945.550273348882 4.6662533 -74.08534280000001 50
5754962293 1359.764616881205 1962.767825984393 4.666409 -74.08524439999999 50
5754962296 1367.930904857595 1975.794336584762 4.6665268 -74.0851708 50
5754962297 1391.464460295965 2008.084159125539 4.6668188 -74.0849587 50
5754962299 1416.407144228533 2039.998004280557 4.6671074 -74.0847339 50
5754962301 1449.53830714119 2078.391930260557 4.6674546 -74.0844353 50
5754962302 1483.102194550454 2121.253352235933 4.6678422 -74.08413280000001 50
5754962303 1474.614137074777 2172.75119592514 4.6683079 -74.0842093 50
5754962304 1430.154468692936 2103.781461957049 4.6676842 -74.08461 50
5754962307 1292.692319557103 1880.406662188692 4.6656642 -74.0858489 50
5754962308 1260.016072144751 1825.160102800422 4.6651646 -74.0861434 50
5754962310 1219.262300753865 1751.590174936052 4.6644993 -74.08651070000001 50
5754966684 1624.137094676222 2384.879848596218 4.6702262 -74.0828617 50
5755009426 970.9339159143615 1115.237391397933 4.6587447 -74.0887488 50
5755009427 975.8492224015143 1122.834346221758 4.6588134 -74.08870450000001 50
5755009428 979.9656528910231 1128.109087780715 4.6588611 -74.08866740000001 50
5755009429 988.143036368557 1136.137310782275 4.6589337 -74.0885937 50
5755009451 743.4761665210794 603.3331225425999 4.6541155 -74.0907988 50
5755009452 736.9852990381019 589.72052954682 4.6539924 -74.0908573 50
5755009454 708.1259036140249 540.8545275579202 4.6535505 -74.0911174 50
5755009456 669.713282717412 487.2556337719277 4.6530658 -74.0914636 50
5755009466 594.3970289173839 412.6683553343249 4.6523913 -74.0921424 50
5755009467 578.3085539601191 400.3163923967218 4.6522796 -74.0922874 50
5755009488 670.3346307151093 553.8589218414288 4.6536681 -74.091458 50
5755009489 687.0333581703393 580.4869672792356 4.6539089 -74.0913075 50
5755009490 703.8541361254448 611.3502873858174 4.654188 -74.0911559 50
5755009498 803.6359673596828 836.1626477467987 4.656221 -74.0902566 50
5755009499 842.4036442576014 924.0086581110206 4.6570154 -74.0899072 50
5755009519 923.4451760407472 1101.890194203782 4.658624 -74.0891768 50
5755009520 928.9041620274734 1118.897641829816 4.6587778 -74.0891276 50
5755010421 933.6863225136074 1139.111955393049 4.6589606 -74.0890845 50
5755010422 935.9941865072726 1153.675550011567 4.6590923 -74.0890637 50
5755010423 936.304860506827 1161.327795627368 4.6591615 -74.08906090000001 50
5762827338 437.3513223352979 299.4770459071582 4.6513677 -74.0935578 50
5764939370 963.8993689332223 1257.157796359692 4.6600281 -74.08881220000001 50
5764939385 926.6295845315925 1294.877174677013 4.6603692 -74.0891481 50
5764939388 914.846163564927 1288.242279634444 4.6603092 -74.08925429999999 50
5764939391 737.1073495365656 1570.269551579579 4.6628596 -74.0908562 50
6707707169 641.1423702920138 1708.905683495213 4.6641133 -74.0917211 50
6707707179 622.2023518429221 1736.053462377848 4.6643588 -74.0918918 50
6707715032 579.32933995805 1797.304601779817 4.6649127 -74.0922782 50
6965090045 1203.606550294619 1627.451288688529 4.6633767 -74.0866518 50
6965090047 1211.994748272708 1646.427088510533 4.6635483 -74.0865762 50
6981449160 1574.628973809033 2249.373175509033 4.6690008 -74.08330789999999 50
6981449161 1551.394996870486 2216.596793998457 4.6687044 -74.0835173 50
6981494183 740.9463925271274 1539.89279044271 4.6625849 -74.0908216 50
6981496398 780.3243219230113 1507.89048002051 4.6622955 -74.09046669999999 50
7768869431 1012.786141802714 1132.001559539023 4.6588963 -74.0883716 50
8496512098 982.3289943847599 1251.086867395585 4.6599732 -74.08864610000001 50
8717203333 768.7184289548812 1524.632531844652 4.6624469 -74.09057129999999 50
