5136318143 5754959087
5754959087 7768869431
7768869431 255471001
255471001 3521592628
3521592628 5754959061
5754959061 255471002
255471002 5754959079
5754959079 5754959062
5754959062 262419879
262419879 889749362
889749362 262545829
262545829 255471015
255471015 5754959071
5754959071 5754959070
5754959070 5754959069
5754959069 5173158784
5173158784 5173158783
5173158783 5754959066
5754959066 255471021
255471021 254530360
5173158749 5754959032
5754959032 5754959031
5754959031 5754959030
5754959030 5754959029
5754959029 5113550604
5113550604 267031831
267031831 5754959028
5754959028 267031835
267031835 261830113
261830113 267031489
267031489 267031491
267031491 5754959052
5754959052 5754959051
5754959051 5754959053
5754959053 5754959054
5754959054 261830126
261830126 3521592630
3521592630 5754959057
5754959057 3521592634
3521592634 255470972
262419444 3473367127
3473367127 262419953
262419953 262419944
262419944 5762827338
5762827338 262419472
262419472 2437644136
2437644136 262419460
262419460 5107735020
5107735020 5755009467
5755009467 5755009466
5755009466 262419447
262419447 5106062708
5106062708 262545806
262545806 262545791
262545791 5755009456
5755009456 262419880
262419880 262419449
262419449 5755009454
5755009454 5113622269
5113622269 5754959065
5754959065 5755009452
5755009452 5755009451
5755009451 2374397879
2374397879 2374398352
2374398352 262419452
262419452 5755009426
5755009426 5755009427
5755009427 5755009428
5755009428 5755009429
266893765 266893764
266893764 266893770
266893770 5750272621
5750272621 5750272622
5750272622 266893771
266893771 266893772
266893772 5754966684
5754966684 266893798
266893798 266893773
266893773 266893814
266893814 266893818
266893818 5754962303
5754962303 266893775
266893775 5754962304
5754962304 266893776
266893776 266893777
266893777 266893779
266893779 5754962307
5754962307 266893780
266893780 5754962308
5754962308 3521592935
3521592935 266893781
266893781 5754962310
5754962310 3521592929
3521592929 266893789
266893789 266894489
266894489 266893790
266893790 5754959171
5754959171 266893791
266893791 721844572
721844572 721844569
721844569 5754962267
5754962267 266893792
266893792 5754959177
5754959177 266893793
266893793 5754959178
5754959178 5592822054
5592822054 5754959179
5754959179 8496512098
255470979 5754959155
5754959155 266893742
266893742 5754959156
5754959156 5592822055
5592822055 5754959157
5754959157 5592822056
5592822056 5592822057
5592822057 5754962268
5754962268 266893743
266893743 267032207
267032207 5754959163
5754959163 266893744
266893744 6965090045
6965090045 6965090047
6965090047 266893745
266893745 267031409
267031409 3521592924
3521592924 266893746
266893746 5754962269
5754962269 5754962271
5754962271 266893747
266893747 5754962272
5754962272 5754962275
5754962275 5593003629
5593003629 5754962276
5754962276 266893748
266893748 5754962274
5754962274 5754962273
5754962273 267032195
267032195 5754962292
5754962292 5754962293
5754962293 5754962296
5754962296 266893751
266893751 5754962297
5754962297 5754962299
5754962299 267021491
267021491 5754962301
5754962301 5593003630
5593003630 5754962302
5754962302 267021501
267021501 266893819
266893819 6981449161
6981449161 6981449160
6981449160 266893754
266893754 267021534
261188243 261188244
261188244 6981494183
6981494183 719488058
719488058 5764939388
5764939388 255470954
255470954 255470956
255470956 3521592650
3521592650 255470958
255470958 255470999
255470992 5764939370
5764939370 261830130
261830130 3521592658
3521592658 3521592659
3521592659 5764939385
5764939385 261830132
261830132 6981496398
6981496398 8717203333
255470979 255470988
255470988 3521592649
3521592649 255470991
255470991 3521592653
3521592653 3521592654
3521592654 8496512098
8496512098 255470992
255470992 255470994
255470994 3521592651
3521592651 255470996
255470996 255470997
255470997 3521592647
3521592647 3521592645
3521592645 255470999
255470999 255470959
255470959 3521592642
3521592642 255470961
255470961 255470962
255470962 3521592638
3521592638 255470963
255470963 3521592632
3521592632 255470964
255470964 3521592631
3521592631 5755009429
5755009429 5136318143
5136318143 255470966
255470966 3521592635
3521592635 255470969
255470969 3521592640
3521592640 255470972
255470972 5754959058
5754959058 5754959059
5754959059 255470975
255470975 3521592644
3521592644 5754959060
5754959060 255470979
261188298 261188238
261188238 261188243
255470961 5755010423
5755010423 5755010422
5755010422 5755010421
5755010421 5755009520
5755009520 5755009519
5755009519 719488049
719488049 5755009499
5755009499 5755009498
5755009498 262419431
262419431 5755009490
5755009490 5755009489
5755009489 5755009488
8717203333 5764939391
5764939391 261188246
261188246 6707707169
6707707169 6707707179
6707707179 261188247
261188247 6707715032
