1833752473 1833752468
1833752468 1833752461
1833752461 1833752459
1833752459 1833752456
1833752456 1833752452
1833752452 1833752450
1833752450 1833752449
1833752449 482708521
482708521 1833752442
482708521 172228464
482708521 1816672591
1833752442 1833752439
1833752439 1833752434
1833752434 1833752431
1833752431 1833752428
1833752428 1833752426
1833752426 1833752424
1833752424 172526256
1833752424 1833752422
172526256 1825881080
172526256 3702167401
172526256 172668761
1825881080 172668769
172668769 172668778
172668778 1825447256
1825447256 172668784
1825447256 1825447252
172668784 172668790
172668790 1816672586
1816672586 172228464
172228464 172228453
172228464 172668794
172228453 172228449
172228449 172228444
172228444 172228436
172228436 172228430
1710227932 2148775542
1710227932 172415342
1710228139 2148775561
5583420766 3730498289
3730498289 5583420763
5583420763 482714309
5583420763 482714297
482714309 5583420757
482714297 482714291
482714291 482714279
482714279 482714269
482714269 482714264
482714264 4370141953
4370141953 2148775561
172192218 2147643861
172192218 172192212
2147643861 2147643850
2147643861 172192212
2147643850 2147643839
2147643839 2147643830
2147643830 2147643826
2147643826 172358822
2147643826 2147643829
2147643826 5189366034
172358822 4076783594
172358822 2147643829
172358822 2147643844
172358822 172872162
4076783594 4837362517
4837362517 1868062758
1868062758 482708511
482708511 3702845998
482708511 482708505
3702845998 3702846003
482708505 482708500
482708505 3627440031
482708500 482708506
482708500 3627440032
482708506 729710897
729710897 729710899
729710897 482708529
482708529 482708531
482708531 653810709
482708531 729722090
653810709 653810618
653810618 729711324
653810618 653810703
729711324 653810625
653810625 482708535
653810625 653810692
482708535 482708538
482708538 482708542
482708542 482708546
482708546 653810629
653810629 482708549
653810629 653810659
482708549 3702846007
3702846007 482708526
3702846007 482708552
482708526 482708524
482708524 482708522
482708522 4493122558
4493122558 4854194050
4854194050 4493122555
4854194050 4854194046
4493122555 4493122553
4493122553 4493122551
4493122551 4493122549
4493122549 1816672591
4854194046 4614310447
4614310447 1833732445
1833732445 1833732444
482708552 482708557
482708557 482708561
3627440032 3627440031
3627440032 482708458
3627440031 482708457
482708457 482708458
482708457 2147643912
482708457 172358825
482708458 5189366037
482708458 2147643917
2147643984 2147643976
2147643976 2147643924
2147643924 2147643917
2147643917 2147643912
2147643917 3702167398
2147643912 3702167399
2147643912 5189366036
5189366036 2147643841
2147643841 2147643833
2147643833 2147643829
2147643829 3799202634
3799202634 172772098
172772098 172455356
172455356 172772108
172455356 172192212
172455356 172455359
172772108 172772112
2147643882 2147643873
2147643873 172192212
172455359 4365192760
4365192760 172455385
172455385 5538054404
5538054404 5538054405
172358825 2147643844
172872162 2147643799
2147643799 5189366033
5189366033 2147643776
5189366034 2147643802
172415336 172657375
172415342 172415347
172415347 172415357
172415357 172415362
172415362 172415368
172415368 1803349835
1803349835 172415380
172415380 172415382
172415382 172415396
172415396 172415408
172415408 1833752413
1833752413 1833752410
1833752413 172415416
1833752413 1833752416
1833752410 172668736
172668736 172668727
172668736 172415416
172668727 172668719
172668719 172627038
172415416 4363571173
172415416 172668748
4363571173 4363571170
653813749 3702167401
172668748 172668757
172668757 172668761
1833752416 1833752419
1833752419 1833752422
172668819 172668815
172668815 172668812
172668812 3527288651
3527288651 172668804
172668804 1269676764
1269676764 1269676740
1269676764 172668796
1269676740 1269676743
172668796 1269676745
1269676745 1833757364
1269676745 172668794
1833757364 1269676741
1269676741 1269676746
1825447252 1825447254
