1833752473 2192.87867584993 1977.344487382353 35.3116876 -80.7358207 50
1833752468 2176.001784082704 1933.203236474771 35.3112884 -80.7360065 50
1833752461 2178.281708643964 1865.288516265058 35.3106742 -80.7359814 50
1833752459 2160.569147315005 1815.629608992974 35.3102251 -80.73617640000001 50
1833752456 2141.766582215848 1773.733015884868 35.3098462 -80.73638339999999 50
1833752452 2128.232368688627 1725.301483074756 35.3094082 -80.7365324 50
1833752450 2126.688196675167 1660.162177188312 35.3088191 -80.7365494 50
1833752449 2125.870693843764 1612.847444563914 35.3083912 -80.73655840000001 50
482708521 2126.942530889407 1562.768355044296 35.3079383 -80.7365466 50
1833752442 2129.431372839656 1492.387828483293 35.3073018 -80.7365192 50
172228464 2135.335559948924 1562.978446168063 35.3079402 -80.7364542 50
1816672591 2120.048257019254 1563.188537292533 35.3079421 -80.7366225 50
1833752439 2124.953274001894 1443.07170146733 35.3068558 -80.7365685 50
1833752434 2094.006250185203 1390.394116465473 35.3063794 -80.7369092 50
1833752431 2075.912187537773 1349.791242384111 35.3060122 -80.7371084 50
1833752428 2074.004680933862 1242.091897733414 35.3050382 -80.7371294 50
1833752426 2072.914677159043 1190.896008028785 35.3045752 -80.7371414 50
1833752424 2070.189667724885 1158.829468040291 35.3042852 -80.73717139999999 50
172526256 2077.129358419134 1158.807353184195 35.304285 -80.737095 50
1833752422 2062.922975897383 1140.69528680486 35.3041212 -80.73725140000001 50
1825881080 2080.862621343352 1238.100166376221 35.3050021 -80.73705390000001 50
3702167401 2085.71313813962 1158.652549197854 35.3042836 -80.73700049999999 50
172668761 2071.788339925873 1139.910209446516 35.3041141 -80.7371538 50
172668769 2081.307706218561 1330.418629259363 35.305837 -80.737049 50
172668778 2094.751086097592 1383.604855929619 35.306318 -80.736901 50
1825447256 2098.457098930358 1390.283542189918 35.3063784 -80.7368602 50
172668784 2128.922704412332 1437.985284779815 35.3068098 -80.7365248 50
1825447252 2145.954013379864 1374.957947561196 35.3062398 -80.7363373 50
172668790 2135.726144634294 1490.452778656498 35.3072843 -80.7364499 50
1816672586 2135.689811174787 1555.370935992535 35.3078714 -80.7364503 50
172228453 2189.308913489449 1563.288054140744 35.307943 -80.73586 50
172668794 2132.810384540323 1612.825329709225 35.308391 -80.736482 50
172228449 2257.524983012388 1564.72551972578 35.307956 -80.73510899999999 50
172228444 2311.843504415343 1567.489876621704 35.307981 -80.734511 50
172228436 2371.52121103958 1578.879027031362 35.308084 -80.73385399999999 50
172228430 2422.115552882904 1580.75878972073 35.308101 -80.73329699999999 50
1710227932 1204.545003891504 891.47192652991 35.3018673 -80.74670140000001 50
2148775542 1179.484000454905 952.929109031842 35.3024231 -80.7469773 50
172415342 1326.389259092537 935.7790388518799 35.302268 -80.74536000000001 50
1710228139 1126.001148612529 1068.589801541533 35.3034691 -80.7475661 50
2148775561 1180.47408721579 1106.461491011115 35.3038116 -80.74696640000001 50
5583420766 1171.47247271617 1506.751426913345 35.3074317 -80.74706550000001 50
3730498289 1219.042054085846 1531.177284441465 35.3076526 -80.7465418 50
5583420763 1269.291228065585 1520.672728239064 35.3075576 -80.7459886 50
482714309 1221.658063143794 1521.524150162883 35.3075653 -80.74651299999999 50
482714297 1307.395943331256 1465.474049749195 35.3070584 -80.7455691 50
5583420757 1177.558327120664 1498.049231405385 35.307353 -80.7469985 50
482714291 1308.958282075047 1410.485462383091 35.3065611 -80.7455519 50
482714279 1320.693989372258 1361.401541345584 35.3061172 -80.74542270000001 50
482714269 1277.139255238271 1283.999548270271 35.3054172 -80.7459022 50
482714264 1260.616614698064 1216.084828059856 35.304803 -80.7460841 50
4370141953 1243.948640320983 1155.578584330656 35.3042558 -80.7462676 50
172192218 1104.564407723938 1918.2535943835 35.3111532 -80.7478021 50
2147643861 1144.049794435865 1928.559116890885 35.3112464 -80.7473674 50
172192212 1127.227402857322 1945.454866234888 35.3113992 -80.74755260000001 50
2147643850 1178.593830706799 1896.724782880846 35.3109585 -80.7469871 50
2147643839 1220.449975627021 1861.219382914343 35.3106374 -80.7465263 50
2147643830 1263.641375170557 1824.21017279733 35.3103027 -80.74605080000001 50
2147643826 1271.434902154559 1817.564658820472 35.3102426 -80.745965 50
172358822 1303.390179462467 1800.867943171484 35.3100916 -80.74561319999999 50
2147643829 1282.852691687726 1828.633143830104 35.3103427 -80.7458393 50
5189366034 1213.174200436085 1754.990676132826 35.3096767 -80.7466064 50
4076783594 1383.014955151672 1734.567607388542 35.309492 -80.7447366 50
2147643844 1360.742544702503 1867.85383946456 35.3106974 -80.74498180000001 50
172872162 1246.682733119729 1735.529603587915 35.3095007 -80.74623750000001 50
4837362517 1427.66877642391 1787.134618113436 35.3099674 -80.74424500000001 50
1868062758 1515.795581551155 1888.708147884426 35.310886 -80.74327479999999 50
482708511 1526.468535171933 1901.512649024431 35.3110018 -80.74315729999999 50
3702845998 1572.412194244547 1868.141332581145 35.3107 -80.74265149999999 50
482708505 1602.14204717872 1989.96101225328 35.3118017 -80.7423242 50
3702846003 1552.092707223383 1804.815444817893 35.3101273 -80.7428752 50
482708500 1629.364891434625 2021.131900608579 35.3120836 -80.7420245 50
3627440031 1598.07269975666 2014.375812354758 35.3120225 -80.742369 50
482708506 1708.126747468332 2109.071622169731 35.3128789 -80.74115740000001 50
3627440032 1606.883563595311 2023.055893007326 35.312101 -80.742272 50
729710897 1740.327275624736 2081.759776041381 35.3126319 -80.74080290000001 50
729710899 1744.82354119283 2086.735618453341 35.3126769 -80.7407534 50
482708529 1781.411334538805 2042.461678414107 35.3122765 -80.7403506 50
482708531 1787.524439038217 2010.527827557264 35.3119877 -80.7402833 50
653810709 1752.271900314402 1978.715608403322 35.3117 -80.7406714 50
729722090 1807.989259893943 2015.857507651283 35.3120359 -80.740058 50
653810618 1730.217490619965 1954.72099055008 35.311483 -80.74091420000001 50
729711324 1698.280380044701 1916.285372273265 35.3111354 -80.74126579999999 50
653810703 1730.181157161613 1936.044995363513 35.3113141 -80.7409146 50
653810625 1685.391085415934 1900.760743948824 35.310995 -80.7414077 50
482708535 1659.012994086352 1864.33757749303 35.3106656 -80.74169809999999 50
653810692 1685.590919441491 1881.730911079494 35.3108229 -80.7414055 50
482708538 1644.979195496394 1812.44506985022 35.3101963 -80.7418526 50
482708542 1653.553891849981 1769.077838872934 35.3098041 -80.74175820000001 50
482708546 1687.85267727242 1724.936587963945 35.3094049 -80.7413806 50
653810629 1695.001285356812 1718.987691925268 35.3093511 -80.7413019 50
482708549 1740.091108140827 1690.083576225541 35.3090897 -80.74080549999999 50
653810659 1691.685857210572 1722.581355889617 35.3093836 -80.7413384 50
3702846007 1754.887909372349 1666.730289171648 35.3088785 -80.7406426 50
482708526 1764.261941828163 1620.377552747327 35.3084593 -80.7405394 50
482708552 1799.341896621342 1686.213476571248 35.3090547 -80.74015319999999 50
482708524 1782.083503533334 1550.395093579872 35.3078264 -80.7403432 50
482708522 1818.952881188468 1513.894525130555 35.3074963 -80.73993729999999 50
4493122558 1861.626528938937 1496.423789550568 35.3073383 -80.7394675 50
4854194050 1889.448875269201 1492.763781021448 35.3073052 -80.7391612 50
4493122555 1950.116668655477 1512.357542696604 35.3074824 -80.7384933 50
4854194046 1901.720501090966 1447.074490251164 35.306892 -80.7390261 50
4493122553 1988.711885619297 1549.698475642394 35.3078201 -80.7380684 50
4493122551 2029.478026765855 1567.799484594385 35.3079838 -80.7376196 50
4493122549 2076.538939708207 1565.842319912197 35.3079661 -80.73710149999999 50
4614310447 1942.968060571084 1422.737092143208 35.3066719 -80.738572 50
1833732445 2032.857038466522 1421.697693951016 35.3066625 -80.73758239999999 50
1833732444 2068.600078886175 1421.244339420746 35.3066584 -80.73718890000001 50
482708557 1868.484469350738 1733.030624954591 35.3094781 -80.739392 50
482708561 1879.702424857192 1758.540110387094 35.3097088 -80.73926849999999 50
482708458 1541.238086308535 2081.516512634878 35.3126297 -80.7429947 50
482708457 1534.425562719674 2073.831600465124 35.3125602 -80.74306970000001 50
2147643912 1509.137475163755 2098.998305642209 35.3127878 -80.74334810000001 50
172358825 1480.688376664213 2008.99084512261 35.3119738 -80.7436613 50
5189366037 1700.56030460365 2267.004860325684 35.3143072 -80.74124070000001 50
2147643917 1515.704747901809 2106.970710928548 35.3128599 -80.74327580000001 50
2147643984 1593.658184472168 2196.270496081918 35.3136675 -80.7424176 50
2147643976 1585.165238398717 2186.562074665207 35.3135797 -80.7425111 50
2147643924 1522.126686804145 2114.40130226375 35.3129271 -80.7432051 50
3702167398 1466.890745558164 2147.186575045114 35.3132236 -80.74381320000001 50
3702167399 1458.679383795027 2137.533440765828 35.3131363 -80.7439036 50
5189366036 1432.991628186839 2009.134591680903 35.3119751 -80.7441864 50
2147643841 1320.348821512139 1873.957539489578 35.3107526 -80.74542649999999 50
2147643833 1293.60739559095 1840.254500218922 35.3104478 -80.74572089999999 50
3799202634 1218.724136319491 1883.566444058782 35.3108395 -80.74654529999999 50
172772098 1175.650820517909 1920.398735334062 35.3111726 -80.74701949999999 50
172455356 1139.008526980939 1955.915192728613 35.3114938 -80.7474229 50
172772108 1101.957482030579 1998.021876961892 35.3118746 -80.7478308 50
172455359 1187.232110614813 2007.354345841152 35.311959 -80.746892 50
172772112 1072.6000470526 2038.259855933147 35.3122385 -80.748154 50
2147643882 1070.810624189488 2016.133943341227 35.3120384 -80.7481737 50
2147643873 1111.140763827736 1963.356841491159 35.3115611 -80.74772969999999 50
4365192760 1250.243412115621 2037.120940892041 35.3122282 -80.7461983 50
172455385 1279.428263164119 2082.876576227095 35.312642 -80.74587699999999 50
5538054404 1288.557044770282 2127.216860831803 35.313043 -80.74577650000001 50
5538054405 1247.327652020494 2162.279963694677 35.3133601 -80.7462304 50
2147643799 1207.724181566614 1690.028289087412 35.3090892 -80.7466664 50
5189366033 1179.520333913257 1656.789661775074 35.3087886 -80.74697690000001 50
2147643776 1136.710435692814 1608.07063584908 35.308348 -80.74744819999999 50
2147643802 1171.436139257818 1707.410565246532 35.3092464 -80.7470659 50
172415336 1149.081978527358 966.894640068346 35.3025494 -80.74731199999999 50
172657375 1171.51788953911 909.208040371793 35.3020277 -80.74706500000001 50
172415347 1372.078583952066 947.057614985983 35.30237 -80.744857 50
172415357 1421.401254724191 947.4999120896121 35.302374 -80.744314 50
172415362 1635.496162663214 907.5825985176789 35.302013 -80.741957 50
172415368 1682.457158591631 908.577766999789 35.302022 -80.74144 50
1803349835 1723.668384612243 923.9586487666411 35.3021611 -80.7409863 50
172415380 1770.674797364756 960.746710332543 35.3024938 -80.7404688 50
172415382 1817.708460212188 1003.782218482459 35.302883 -80.739951 50
172415396 1860.218607396607 1027.223964956516 35.303095 -80.73948300000001 50
172415408 1917.080470939651 1034.07957005714 35.303157 -80.738857 50
1833752413 1978.429516683889 1012.086346596871 35.3029581 -80.7381816 50
1833752410 1966.139724132948 966.90569749569 35.3025495 -80.7383169 50
172415416 1986.041376372667 1008.570084626044 35.3029263 -80.73809780000001 50
1833752416 1993.798569897162 1053.120460354518 35.3033292 -80.7380124 50
172668736 1963.314797686012 955.240111396791 35.302444 -80.738348 50
172668727 1957.955612463575 897.63091369376 35.301923 -80.738407 50
172668719 1965.767306176754 832.170942407291 35.301331 -80.738321 50
172627038 1984.38820398184 777.104953047666 35.300833 -80.73811600000001 50
4363571173 2035.491214252489 979.4337629471579 35.3026628 -80.7375534 50
172668748 2004.580523895306 1048.642202183614 35.3032887 -80.7378937 50
4363571170 2050.151765011726 907.5494262349421 35.3020127 -80.737392 50
653813749 2138.99615595644 1157.347772743766 35.3042718 -80.7364139 50
172668757 2039.696812146836 1097.604491516815 35.3037315 -80.7375071 50
1833752419 2031.222032803716 1100.556824681113 35.3037582 -80.73760040000001 50
172668819 2198.201527612859 1970.168216882406 35.3116227 -80.7357621 50
172668815 2182.850641129917 1919.967495659184 35.3111687 -80.7359311 50
172668812 2186.629320879387 1865.266401409666 35.310674 -80.7358895 50
3527288651 2171.469185056259 1822.10926155685 35.3102837 -80.7360564 50
172668804 2148.706272910096 1773.710901029475 35.309846 -80.736307 50
1269676764 2144.028340046777 1762.255406053639 35.3097424 -80.73635849999999 50
1269676740 2200.099950852181 1752.414295506683 35.3096534 -80.73574120000001 50
172668796 2134.082055608056 1686.357223130244 35.309056 -80.736468 50
1269676743 2209.283232648183 1725.788009888467 35.3094126 -80.7356401 50
1269676745 2133.62788736826 1660.140062332919 35.3088189 -80.736473 50
1833757364 2183.150392167097 1661.057828822915 35.3088272 -80.7359278 50
1269676741 2280.251561699043 1662.860189518058 35.3088435 -80.7348588 50
1269676746 2294.875778998772 1670.124919439575 35.3089092 -80.73469780000001 50
1825447254 2166.945669394401 1384.710598688692 35.306328 -80.73610619999999 50
