42435810 42432932
42435810 4888388399
42432932 42432931
42432931 42432929
42432931 42440146
42432931 4888388399
42432929 5403787911
5403787911 42432928
42432928 42432926
42432928 42439371
42432928 42439369
42432928 42435803
42432926 42435802
42432926 42438920
42432926 5481863726
42435802 42438913
42435802 42435794
42435802 5157411375
2141026510 42432905
42432905 42432908
42432905 4207743629
42432905 42435785
42432908 42432917
42432908 42435794
42432908 42435785
42432917 42435794
42432917 42447336
42432917 5481863726
42435794 42439858
42447336 42438920
42447336 42440134
42447336 42445219
42438920 42438923
42438920 42439369
42438923 42440134
42438923 1775693152
42438923 3579426774
42440134 42440131
42440131 42429747
42440131 42445219
42429747 42429744
42429747 42440125
42429744 42429741
42429744 42447330
42429744 42445219
42429741 42429735
42429741 42435775
42429741 5475792646
42429735 4207743629
4708064890 42435775
4708064890 42447326
42435775 42447330
42447330 42440125
42447330 5403787908
42440125 42440122
42440122 42440112
42440122 42447326
42447323 42447326
42447326 5403787908
5475792646 42435785
42435785 42445219
1775693152 3579426702
3579426702 42438928
42438928 3579426492
42438928 3579426846
42438928 3579432162
3579426846 1506599375
1506599375 3579426479
3579432162 1669455270
3579432162 3579432161
3579432162 2297691110
1669455270 1774036908
1774036908 1669455262
1669455262 42435380
42435380 1807949737
42435380 4188035934
1807949737 3579432161
3579432161 561035338
3579432161 2133873543
561035338 42428844
2133873543 1504153626
1504153626 42442578
1504153626 1506445787
1504153626 3579432163
42442578 2308955220
42442578 4762583943
2308955220 42442577
42442577 2340960591
42442577 3579432159
2340960591 3347295531
1506445821 3579432159
3579432159 1506445789
1506445789 3579432160
1506445789 4762583943
3579432160 1506445766
3579432160 4188035934
1506445766 1506445787
3579432163 2340960702
2340960702 2541754749
2541754749 1506591536
2297691110 1506599382
1506599382 1506599378
1506599378 1332860731
3579426774 42440138
42440138 42429825
42440138 4384311764
42429825 42429827
42429825 42439371
42429825 42440144
42439371 4384311764
42440144 42440146
42440146 42446212
2141026511 42435803
42435803 42435805
42435803 5157411375
42435805 4888388399
4888388399 5481857115
