42435810 1035.423696189721 1091.459829595146 40.811478 -73.950216 50
42432932 926.3640943082701 1150.656287846865 40.812008 -73.95150599999999 50
4888388399 996.1960564429612 1020.535771122769 40.810843 -73.95068000000001 50
42432931 876.0614097185089 1087.438938090251 40.811442 -73.952101 50
42432929 834.6356694696992 1011.823839531315 40.810765 -73.952591 50
42440146 754.0668318015039 1155.459019364529 40.812051 -73.95354399999999 50
5403787911 810.8031874773392 968.5322410054314 40.8103774 -73.9528729 50
42432928 793.3790138734869 936.8788895547528 40.810094 -73.953079 50
42432926 799.6351460744415 841.1593334756017 40.809237 -73.953005 50
42439371 746.2635750145482 962.8806546137771 40.8103268 -73.9536363 50
42439369 776.5550907927006 906.5658352730834 40.8098226 -73.953278 50
42435803 912.144074899209 870.4895031693643 40.8094996 -73.9516742 50
42435802 873.1700621334962 799.9228572745368 40.8088678 -73.9521352 50
42438920 754.2359164551767 866.3680893761889 40.8094627 -73.953542 50
5481863726 801.7064330875812 793.6011222990885 40.8088112 -73.9529805 50
42438913 1108.290727865531 669.5454502604604 40.8077005 -73.94935409999999 50
42435794 835.1429234317934 729.5795942426319 40.808238 -73.952585 50
5157411375 889.4275516234563 827.3319343588181 40.8091132 -73.95194290000001 50
2141026510 1043.472125724126 522.2356223570739 40.8063816 -73.95012079999999 50
42432905 808.1739211058959 652.7358899450828 40.80755 -73.952904 50
42432908 807.0748708543333 678.4249189985734 40.80778 -73.952917 50
4207743629 809.6365033645225 618.1785612977267 40.8072406 -73.95288669999999 50
42435785 796.676164628175 659.4373757844443 40.80761 -73.95304 50
42432917 804.1158894091423 747.2268402870415 40.808396 -73.952952 50
42447336 715.4225341106144 796.4380846380973 40.8088366 -73.9540011 50
42439858 1069.316715099818 599.4032318029831 40.8070725 -73.9498151 50
42440134 594.6200030029174 862.6040881634053 40.809429 -73.95543000000001 50
42445219 676.4400671123794 726.2176821794143 40.8082079 -73.95446219999999 50
42438923 633.8476427496773 933.5281466350721 40.810064 -73.954966 50
1775693152 583.7224970471871 961.4845117299255 40.8103143 -73.9555589 50
3579426774 670.8349108307002 1000.732880466682 40.8106657 -73.9545285 50
42440131 556.2377865277485 792.5735611363237 40.808802 -73.955884 50
42429747 517.3483160883345 722.431342679557 40.808174 -73.956344 50
42429744 637.6097763027726 656.2541700100015 40.8075815 -73.9549215 50
42440125 478.2897609963229 652.2891242227903 40.807546 -73.956806 50
42429741 757.7866941898362 589.1834658972821 40.806981 -73.95350000000001 50
42447330 598.694943166867 586.1342898403086 40.8069537 -73.9553818 50
42429735 812.1474104774268 558.8033967565227 40.806709 -73.95285699999999 50
42435775 719.1508507325448 519.0412474398048 40.806353 -73.953957 50
5475792646 781.1034679886552 631.302304400816 40.8073581 -73.95322419999999 50
4708064890 679.7710347971567 449.4351478500734 40.8057298 -73.9544228 50
42447326 559.7124761686318 515.9138873816256 40.806325 -73.95584289999999 50
5403787908 581.0763222106991 554.4027543884243 40.8066696 -73.9555902 50
42440122 439.4002905569089 581.9235229038117 40.806916 -73.957266 50
42440112 400.8489894269917 512.1163787389419 40.806291 -73.957722 50
42447323 520.8060972641731 445.8163454961646 40.8056974 -73.9563031 50
3579426702 475.8803046747621 1021.552163141287 40.8108521 -73.9568345 50
42438928 394.423772572364 1067.088759423591 40.8112598 -73.957798 50
3579426492 432.3832774138882 1135.767820139548 40.8118747 -73.95734899999999 50
3579426846 349.4557088203414 1092.319853610542 40.8114857 -73.9583299 50
3579432162 354.2746214613121 996.6896506761334 40.8106295 -73.9582729 50
1506599375 272.057208414697 1135.756650996721 40.8118746 -73.9592454 50
3579426479 221.1711817690652 1164.304980673453 40.8121302 -73.95984730000001 50
1669455270 409.3539475283569 965.1144832273712 40.8103468 -73.95762139999999 50
3579432161 316.8730959791669 926.7708150801577 40.8100035 -73.95871529999999 50
2297691110 305.0371701930246 1024.24392662071 40.8108762 -73.9588553 50
1774036908 442.4015431679384 936.5996609784088 40.8100915 -73.95723049999999 50
1669455262 451.515206022741 889.968488676381 40.809674 -73.9571227 50
42435380 441.1756794253142 859.8118023964128 40.809404 -73.957245 50
1807949737 355.4243971090843 906.0073781196849 40.8098176 -73.95825929999999 50
4188035934 426.8542092238345 822.4398496964111 40.8090694 -73.9574144 50
561035338 79.88404482098167 1058.745409553224 40.8111851 -73.9615185 50
2133873543 284.6624693765032 868.5013957029244 40.8094818 -73.9590963 50
42428844 65.71475080920573 1066.988237135312 40.8112589 -73.96168609999999 50
1504153626 275.3712676344298 851.6918353868364 40.8093313 -73.9592062 50
42442578 239.3308736174167 786.4863781659138 40.8087475 -73.9596325 50
1506445787 319.9757993815397 827.2090737855962 40.8091121 -73.9586786 50
3579432163 180.5824105582492 905.6276272550613 40.8098142 -73.9603274 50
2308955220 203.2312999716719 721.1692295124642 40.8081627 -73.9600595 50
4762583943 290.3098968229449 758.7310576454881 40.808499 -73.9590295 50
42442577 200.2892269915255 715.8527174134175 40.8081151 -73.96009429999999 50
2340960591 171.4941104010131 663.7486650085104 40.8076486 -73.9604349 50
3579432159 343.5377459267324 637.4006565147628 40.8074127 -73.9583999 50
3347295531 136.80639361661 600.9892501177255 40.8070867 -73.96084519999999 50
1506445821 262.6222847175932 493.1288355255233 40.806121 -73.959357 50
1506445789 383.1542803781231 708.1906852703811 40.8080465 -73.9579313 50
3579432160 409.7259337668675 777.9419837189873 40.808671 -73.957617 50
1506445766 362.0356070824294 804.122455067497 40.8089054 -73.9581811 50
2340960702 75.25112529872831 962.0094614541343 40.810319 -73.9615733 50
2541754749 33.1321379680312 984.5711304487352 40.810521 -73.96207149999999 50
1506591536 22.74188597331931 990.0551796937305 40.8105701 -73.9621944 50
1506599382 232.2377723784687 1064.988960528177 40.811241 -73.9597164 50
1506599378 118.6889729308705 1128.552553718094 40.8118101 -73.9610595 50
1332860731 30.21542768437621 1177.908996929445 40.812252 -73.96210600000001 50
42440138 672.1453168985474 1003.111907939861 40.810687 -73.95451300000001 50
42429825 691.1673404824589 1037.177794291488 40.810992 -73.95428800000001 50
4384311764 691.3871505323414 992.6687591726586 40.8105935 -73.9542854 50
42429827 644.9226875916029 1119.047612968913 40.811725 -73.954835 50
42440144 714.5855650736967 1079.397155082591 40.81137 -73.95401099999999 50
42446212 708.6676021800877 1181.036356987624 40.81228 -73.954081 50
2141026511 1159.7854592646 732.3607108660876 40.8082629 -73.948745 50
42435805 954.1193402748756 946.0599251555732 40.8101762 -73.9511777 50
5481857115 1055.062878759592 987.6538139348983 40.8105486 -73.9499837 50
