306073125 175.6266664642531 192.1824433402602 34.6521942 135.4303214 50
325609224 330.5811263904072 266.2532222708812 34.6528619 135.4320117 50
325609226 459.9955564201053 328.7091883302266 34.6534249 135.4334234 50
325609230 586.9623238563133 387.6041659165197 34.6539558 135.4348084 50
390830990 715.4875281459647 449.7827964252944 34.6545163 135.4362104 50
390830998 821.3787289158183 226.3058095224625 34.6525018 135.4373655 50
390831000 828.5292039052581 210.076133083426 34.6523555 135.4374435 50
390831004 960.4463001786944 139.9435189761292 34.6517233 135.4388825 50
402315604 450.54409524639 350.3302678776338 34.6536198 135.4333203 50
1038135046 131.6787471099206 441.5736641183846 34.6544423 135.429842 50
1038142534 491.2926354103002 57.04237610526368 34.650976 135.4337648 50
1038142545 346.8897097304684 75.9122869870308 34.6511461 135.4321896 50
1038142548 230.0252800375093 138.4348135792752 34.6517097 135.4309148 50
1038142553 223.2139942436489 144.3032338362079 34.6517626 135.4308405 50
1038142586 387.326562522757 149.4062079722109 34.6518086 135.4326307 50
1038142612 1016.256674196179 336.8295732606434 34.6534981 135.4394913 50
1038142614 1031.905213693609 364.8071836339311 34.6537503 135.439662 50
1038142621 1064.274863932453 426.8305062340193 34.6543094 135.4400151 50
1374740941 30.00449312889032 115.5158036540968 34.6515031 135.4287329 50
1374740942 49.145764637504 124.9452123840818 34.6515881 135.4289417 50
1374740946 16.00606324620222 118.8216434201725 34.6515329 135.4285802 50
1374740954 459.6196981181403 127.4190454984457 34.6516104 135.4334193 50
1374740960 6.756282136614516 136.6154923650482 34.6516933 135.4284793 50
1374740968 142.4227941449405 169.7293571404356 34.6519918 135.4299592 50
1374740970 0 140.8975532711364 34.6517319 135.4284056 50
1374740971 538.3849303071395 164.2713934998716 34.6519426 135.4342785 50
1374740974 439.4241899117376 173.9559509368331 34.6520299 135.433199 50
1374740977 143.7612163857282 179.9242119913503 34.6520837 135.4299738 50
1374740987 71.9997827769545 176.0082340130313 34.6520484 135.429191 50
1374740991 147.0981047146 205.7275116465556 34.6523163 135.4300102 50
1374740992 105.8728662189935 192.3377512489467 34.6521956 135.4295605 50
1374740996 358.4863133991496 208.8003895499544 34.652344 135.4323161 50
1374741003 664.9025012379416 221.9350012391755 34.6524624 135.4356586 50
1374741006 411.9406975821108 233.4388798903641 34.6525661 135.4328992 50
1374741013 581.8378167789153 241.8698806374481 34.6526421 135.4347525 50
1374741023 487.6807288115272 270.3023213142926 34.6528984 135.4337254 50
1374741030 553.9692988718934 301.1975016822926 34.6531769 135.4344485 50
1374741041 614.1432960897487 329.5522884051467 34.6534325 135.4351049 50
1374741058 743.5668933925444 391.2317149217653 34.6539885 135.4365167 50
1374741086 857.7178095022075 445.8446316026758 34.6544808 135.4377619 50
1388476029 86.92410749907732 143.6709087803706 34.6517569 135.4293538 50
1388476036 310.1014326386732 610.2602395887311 34.6559629 135.4317883 50
1388476037 301.6858736142192 613.4218648693287 34.6559914 135.4316965 50
1394231526 844.2877507078495 366.1605811220986 34.6537625 135.4376154 50
1394255358 567.1151721209202 273.2198913097106 34.6529247 135.4345919 50
1394255359 522.7638926383324 71.00899444831359 34.6511019 135.4341081 50
1394255360 216.1001883582621 0 34.6504618 135.4307629 50
1394255361 276.9708985228016 112.8533823656553 34.6514791 135.4314269 50
1394255366 526.6783193309643 359.6931160754254 34.6537042 135.4341508 50
1394255367 133.3471912731902 447.9856620553671 34.6545001 135.4298602 50
1394255369 468.2461044844847 187.6563271504037 34.6521534 135.4335134 50
1394255371 645.7520624492327 212.9937030795496 34.6523818 135.4354497 50
1394255372 424.5273670159051 206.1934353719094 34.6523205 135.4330365 50
1394255375 109.5031073662941 185.7149782942926 34.6521359 135.4296001 50
1394255376 560.2488826768117 119.1988197697388 34.6515363 135.434517 50
1394255379 157.2004424531838 88.6364420627058 34.6512608 135.4301204 50
1394255380 596.3221122687298 190.562803723319 34.6521796 135.4349105 50
1394255383 353.7651664523396 72.2736445599881 34.6511133 135.4322646 50
1394255384 68.2045306649141 392.8069808515184 34.6540027 135.4291496 50
1394255386 124.7757885594265 50.51944394889981 34.6509172 135.4297667 50
1394255388 578.1525719767014 96.6569861941268 34.6513331 135.4347123 50
1394255392 500.9549439212407 242.8461017760494 34.6526509 135.4338702 50
1394255393 686.0147370060164 176.2190090314085 34.6520503 135.4358889 50
1394255394 372.0997177067751 180.767312066976 34.6520913 135.4324646 50
1394255395 175.654168292876 122.1163897651569 34.6515626 135.4303217 50
1394379380 302.9234558252756 721.6936639347311 34.6569674 135.43171 50
1568522275 192.9344828495226 227.3818714593538 34.6525115 135.4305102 50
1568522287 154.7436125865963 359.3935936798494 34.6537015 135.4300936 50
1568522289 132.7879874602903 432.8542343989329 34.6543637 135.4298541 50
1568522290 131.9170962757687 437.1806689929149 34.6544027 135.4298446 50
1568522292 132.4671328132385 445.3343341887227 34.6544762 135.4298506 50
1568522295 136.0057012039054 452.2122558503533 34.6545382 135.4298892 50
1568522297 138.2516837332677 454.7859297630074 34.6545614 135.4299137 50
1568522306 248.6440168349436 552.4635107843349 34.6554419 135.4311179 50
1583486556 430.7702817191028 33.40229374704938 34.6507629 135.4331046 50
1583486557 438.0857676686173 34.00133853820128 34.6507683 135.4331844 50
1583486559 424.6832107028821 34.37851488706198 34.6507717 135.4330382 50
1583486561 444.5211951605127 35.93159397180969 34.6507857 135.4332546 50
1583486567 417.16604468924 38.15027837849138 34.6508057 135.4329562 50
1583486572 571.5521335270641 93.20693194116163 34.651302 135.4346403 50
1583486576 292.7111107745327 104.533315839364 34.6514041 135.4315986 50
1583486589 698.3355554476723 150.4600830655082 34.6518181 135.4360233 50
1583486592 217.3469378447487 156.4061572764313 34.6518717 135.4307765 50
1583486593 922.7046264235066 159.7785575754061 34.6519021 135.4384708 50
1583486610 811.7439222311682 201.800440245734 34.6522809 135.4372604 50
1583486612 203.6143589565317 204.4628615334698 34.6523049 135.4306267 50
1583486614 516.2459596652334 210.819392360056 34.6523622 135.434037 50
1583486623 263.0091377441665 233.7494957070314 34.6525689 135.4312746 50
1583486632 272.7631190094083 264.4006207912632 34.6528452 135.431381 50
1583486636 642.4335086758863 270.6018437091629 34.6529011 135.4354135 50
1583486640 321.3405125585822 287.6080596895148 34.6530544 135.4319109 50
1583486649 244.5095755296563 324.9596116830968 34.6533911 135.4310728 50
1583486664 771.5545858824903 331.7155057028433 34.653452 135.436822 50
1583486684 293.2153109325194 348.3334519104206 34.6536018 135.4316041 50
1583486692 345.4504474599494 373.3823988671989 34.6538276 135.4321739 50
1583486695 201.8542420342958 381.0479534933533 34.6538967 135.4306075 50
1583486697 214.0925549970806 386.8054395294932 34.6539486 135.430741 50
1583486701 920.0369492150287 402.5359119763737 34.6540904 135.4384417 50
1583486704 576.4566259848091 409.9685047405569 34.6541574 135.4346938 50
1583486707 422.253882662585 409.9019442076578 34.6541568 135.4330117 50
1583486710 263.6600143113676 410.2902139790212 34.6541603 135.4312817 50
1583486714 180.9161845040583 424.0682441472878 34.6542845 135.4303791 50
1583486716 307.9929592454278 431.7448921959449 34.6543537 135.4317653 50
1583486719 315.6751362191446 435.4279083108812 34.6543869 135.4318491 50
1583486726 243.28116059403 453.5212796513329 34.65455 135.4310594 50
1583486736 548.7714535910545 469.8729837315479 34.6546974 135.4343918 50
1583486739 706.1185724557854 470.5496824752788 34.6547035 135.4361082 50
1583486740 392.231054985167 471.470436504895 34.6547118 135.4326842 50
1583486744 159.4097558831582 472.8460208366566 34.6547242 135.4301445 50
1583486745 287.0365671619975 474.1994183248242 34.6547364 135.4315367 50
1583486747 233.4721756715424 474.3214459681196 34.6547375 135.4309524 50
1583486754 803.2091886237899 492.1929488669857 34.6548986 135.4371673 50
1583486756 276.8608912176402 495.010678063408 34.654924 135.4314257 50
1583486758 446.5838321766075 497.3181098472884 34.6549448 135.4332771 50
1583486769 840.8316877960538 511.1516071252458 34.6550695 135.4375777 50
1583486773 822.5613074719615 524.5746477882458 34.6551905 135.4373784 50
1583486779 676.8107922759119 530.9200851916236 34.6552477 135.4357885 50
1583486785 360.998146922983 535.2465197856056 34.6552867 135.4323435 50
1583486793 668.3493968719748 549.3240723487424 34.6554136 135.4356962 50
1583486802 666.2684253050197 552.9516213546938 34.6554463 135.4356735 50
1583486814 663.2157225214792 556.3129282311659 34.6554766 135.4356402 50
1583486818 659.5854813718461 559.0419100525064 34.6555012 135.4356006 50
1583486821 414.9200621622103 560.9832589086175 34.6555187 135.4329317 50
1583486834 341.0684897087188 580.0084776990709 34.6556902 135.4321261 50
1583486835 625.5565542451625 582.5377779231258 34.655713 135.4352294 50
1583486861 370.467942645226 655.6545225580338 34.6563721 135.4324468 50
1583486879 451.6441683213295 705.0424374596458 34.6568173 135.4333323 50
1583486883 447.5372288423326 707.4164297757197 34.6568387 135.4332875 50
1584713906 532.6462157642609 176.041514279128 34.6520487 135.4342159 50
1584713925 458.537959594061 503.0312221955347 34.6549963 135.4334075 50
1584713927 504.9793779213666 525.1404123118896 34.6551956 135.4339141 50
1584713940 534.0029725559089 538.9517227455473 34.6553201 135.4342307 50
1584713959 584.6888394983282 563.0799156727095 34.6555376 135.4347836 50
1584713960 588.8966190117214 565.087825061014 34.6555557 135.4348295 50
1584713984 380.3410984957244 664.4072325442878 34.656451 135.4325545 50
1584713988 507.1795240712457 665.671882656668 34.6564624 135.4339381 50
1584713994 472.9214150541442 689.9110098032115 34.6566809 135.4335644 50
1584713998 456.8603481530287 701.3483279222069 34.656784 135.4333892 50
1602960491 322.3855819809411 620.7213365684195 34.6560572 135.4319223 50
1602960494 320.753806919392 629.3631123345863 34.6561351 135.4319045 50
1602960496 303.4734923604129 650.0745312741744 34.6563218 135.431716 50
1602960512 298.7065090364522 656.5863700087414 34.6563805 135.431664 50
1602960514 297.1022358011935 662.798686348438 34.6564365 135.4316465 50
1602960518 250.4224683057071 668.1457157703263 34.6564847 135.4311373 50
1602960524 297.59726868375 692.0520402566086 34.6567002 135.4316519 50
1602960526 282.3704238654356 696.1676998322134 34.6567373 135.4314858 50
1602961313 320.5704614061245 612.334709509229 34.6559816 135.4319025 50
2125868662 606.433617287409 497.4623243327665 34.6549461 135.4350208 50
2682701332 258.8471946079238 659.1933241874921 34.656404 135.4312292 50
2682701335 258.7646891267202 675.3675335154267 34.6565498 135.4312283 50
3919656395 464.0658267973818 505.6603632178794 34.65502 135.4334678 50
4571258484 350.8774746288738 451.9238268779857 34.6545356 135.4322331 50
4571258547 291.070168439886 466.0568465508134 34.654663 135.4315807 50
4571258602 334.7980731792306 486.9346668215906 34.6548512 135.4320577 50
4594323264 432.0537003073099 709.224657567444 34.656855 135.4331186 50
4594323265 424.4998651896147 704.2437110733251 34.6568101 135.4330362 50
4594323266 413.3066216515214 694.0155759563137 34.6567179 135.4329141 50
4594323267 403.0759420499182 684.5196066941354 34.6566323 135.4328025 50
4594323269 382.1745536190686 666.037965583026 34.6564657 135.4325745 50
4594323270 441.0376304224265 710.3229063493407 34.6568649 135.4332166 50
4594323272 313.328313660051 718.997962380193 34.6569431 135.4318235 50
5300345434 537.8715628713901 492.7254331245329 34.6549034 135.4342729 50
5300345462 164.7084411913958 363.7865888067304 34.6537411 135.4302023 50
5300345484 316.261841863 298.3353987979767 34.6531511 135.4318555 50
5300345485 267.721117417879 274.5621953753755 34.6529368 135.431326 50
5300345491 189.5884272452207 238.9523106420301 34.6526158 135.4304737 50
5300345973 219.5379167215303 149.9941593401545 34.6518139 135.4308004 50
5300345974 226.3858716147786 141.0972348677166 34.6517337 135.4308751 50
5300346029 168.4578569262856 311.9692144793539 34.653274 135.4302432 50
5455682412 300.3107822693784 716.2467937159641 34.6569183 135.4316815 50
5470490116 335.1830987566258 625.0144908963047 34.6560959 135.4320619 50
5470490117 404.2310187774385 477.1724554299329 34.6547632 135.4328151 50
5470490118 431.6595074568172 414.3614998660266 34.654197 135.4331143 50
5470490119 372.2555613890871 540.6046426285852 34.655335 135.4324663 50
5470514818 374.1806892737302 647.5896047387191 34.6562994 135.4324873 50
5470514820 418.3211214190929 698.6859066337653 34.65676 135.4329688 50
5470516295 303.482659635843 598.112942460614 34.6558534 135.4317161 50
5470516296 352.2433986959518 531.0532062560104 34.6552489 135.432248 50
5470516297 380.6069494878629 466.0013794411227 34.6546625 135.4325574 50
5470516298 397.5572421220276 460.5212289555533 34.6546131 135.4327423 50
5470516299 386.8223623624378 482.5083914293185 34.6548113 135.4326252 50
5470516300 328.4818202725919 601.440969071695 34.6558834 135.4319888 50
5470516301 316.8668820530505 635.1760654811227 34.6561875 135.4318621 50
5470516302 297.1022358011935 618.1032889685773 34.6560336 135.4316465 50
5470516310 445.9329556070738 360.037012158895 34.6537073 135.43327 50
5474279835 374.7490603620602 671.5957700232914 34.6565158 135.4324935 50
5475297222 411.5831738333385 404.7324095394614 34.6541102 135.4328953 50
5475297236 572.2855155754688 419.2093252957587 34.6542407 135.4346483 50
5475297238 701.4157600621681 480.2342399122404 34.6547908 135.4360569 50
5475297240 632.6611928574516 436.226634697202 34.6543941 135.4353069 50
5475297243 669.046109818659 527.4700309393641 34.6552166 135.4357038 50
5475297250 614.9683508947871 577.5013643193161 34.6556676 135.4351139 50
5479317742 443.5402966684971 503.3640248565016 34.6549993 135.4332439 50
5479317748 519.1703205927522 531.8963063316361 34.6552565 135.4340689 50
5479317749 522.0671796916482 525.6285228815432 34.6552 135.4341005 50
5481466082 872.99049069534 306.2782889754073 34.6532227 135.4379285 50
5481474928 809.0854123004528 481.1106202532572 34.6547987 135.4372314 50
5490080530 883.056159334536 285.3228147506397 34.6530338 135.4380383 50
5490457894 776.8807730216834 320.5333362908247 34.6533512 135.4368801 50
5490457895 766.585922494402 342.287536901913 34.6535473 135.4367678 50
5490457896 782.1794583345861 336.7851995727497 34.6534977 135.4369379 50
5490457897 760.9847170853077 326.4461302356512 34.6534045 135.4367067 50
5490457898 843.8018850983906 200.8131256846301 34.652272 135.4376101 50
5490458522 751.6799323231394 395.1144126346932 34.6540235 135.4366052 50
5490458526 694.5128015116741 465.1249991001059 34.6546546 135.4359816 50
5490458529 704.2576155038182 444.3692064719185 34.6544675 135.4360879 50
5490458532 720.3553515043216 439.6323152629791 34.6544248 135.4362635 50
5490458535 727.6616701807386 455.6623101040241 34.6545693 135.4363432 50
5490458538 718.2560453841738 476.1296737591383 34.6547538 135.4362406 50
5490478522 735.3988508093685 387.6374461826164 34.6539561 135.4364276 50
5494988992 465.3309108347285 357.5077119341347 34.6536845 135.4334816 50
5494988993 475.4974195059883 335.9864731857232 34.6534905 135.4335925 50
5494989002 591.1976051936645 378.6739611779851 34.6538753 135.4348546 50
5500299662 120.8063582165465 430.5911763036518 34.6543433 135.4297234 50
5500299664 150.6733422093199 373.460052821895 34.6538283 135.4300492 50
5500299674 163.5716990147358 463.405518684169 34.6546391 135.4301899 50
5500299677 253.8510293935451 541.8581993191683 34.6553463 135.4311747 50
5502300820 741.1100635236241 486.6240510042176 34.6548484 135.4364899 50
5502300823 695.3561908699053 492.7254331245329 34.6549034 135.4359908 50
5502560328 589.3549827925576 489.2864722933647 34.6548724 135.4348345 50
5509919427 786.653088840118 190.2965615945455 34.6521772 135.4369867 50
5515370682 43.24203913688331 391.5867044277376 34.6539917 135.4288773 50
5515370683 45.22217066944199 387.7483804027035 34.6539571 135.4288989 50
5515370684 48.2748734529824 387.4821382739299 34.6539547 135.4289322 50
5515370685 86.01654721050275 415.615056555904 34.6542083 135.4293439 50
5515370686 89.50927922635161 411.4217430263089 34.6541705 135.429382 50
5515370687 86.34656913298463 412.952635266757 34.6541843 135.4293475 50
5515370688 87.77666413040608 418.7212147261052 34.6542363 135.4293631 50
5515370689 94.66128812537481 412.4090575874128 34.6541794 135.4294382 50
5515370693 117.0844443102796 439.6212218404764 34.6544247 135.4296828 50
5515370694 58.22136750925431 398.0874497405076 34.6540503 135.4290407 50
5515370695 46.74393842116461 393.8608559441101 34.6540122 135.4289155 50
5515370696 52.56515844757931 388.1810238626662 34.653961 135.428979 50
5515370697 43.03119179499291 389.3014594881569 34.6539711 135.428875 50
5515370698 81.54291670263841 402.2142027379094 34.6540875 135.4292951 50
5591196557 928.1041517661406 169.9955992699148 34.6519942 135.4385297 50
5591196560 927.1049187232647 397.7213668127383 34.654047 135.4385188 50
5591196561 847.1662752558852 360.1479463789821 34.6537083 135.4376468 50
5591196563 999.0771996715964 304.3258466967935 34.6532051 135.4393039 50
5591196574 1011.709705484874 339.9357314308446 34.6535261 135.4394417 50
5826111394 440.249244716776 118.5664947139016 34.6515306 135.433208 50
6014826952 1031.373511707 363.9529901372139 34.6537426 135.4396562 50
6014826959 891.1783655382285 176.1746353442205 34.6520499 135.4381269 50
6014826962 877.097430179002 183.4962938869052 34.6521159 135.4379733 50
6028468216 583.4237554609814 612.1239344915575 34.6559797 135.4347698 50
6056094201 319.1311991309404 428.2282774107863 34.654322 135.4318868 50
6056094202 266.822724402402 403.6674410243671 34.6541006 135.4313162 50
6056094203 217.2460978103523 380.393441593922 34.6538908 135.4307754 50
6056094204 347.6322590566357 458.6464406309299 34.6545962 135.4321977 50
6056094205 304.7110745691367 438.389851994193 34.6544136 135.4317295 50
6056094206 260.3231259848284 417.3678172379377 34.6542241 135.4312453 50
6056094207 198.4440155019831 388.0479027982794 34.6539598 135.4305703 50
6136167593 231.40037138235 148.1637447041304 34.6517974 135.4309298 50
6136167599 436.2614798207032 180.8005923323671 34.6520916 135.4331645 50
6136167602 384.0630123973261 156.1288217258607 34.6518692 135.4325951 50
6136167624 491.4943154720953 262.4148982472583 34.6528273 135.433767 50
6136167630 519.7203571302221 203.4533601287719 34.6522958 135.4340749 50
6136167631 508.2979316970456 206.9810683357275 34.6523276 135.4339503 50
6136167635 512.4048711783751 218.8732167582794 34.6524348 135.4339951 50
6136167636 495.2437312069851 240.1060265336176 34.6526262 135.4338079 50
6136167637 465.9176164739188 316.2290885404368 34.6533124 135.433488 50
6136167638 482.1711961613993 267.6177131815515 34.6528742 135.4336653 50
6136167645 328.5826603023232 291.1246744746734 34.6530861 135.4319899 50
6136167646 338.4558161551541 270.0582660298187 34.6528962 135.4320976 50
6136167651 334.6147276659632 257.955342588184 34.6527871 135.4320557 50
6136167654 206.0345197213987 195.9874870991977 34.6522285 135.4306531 50
6136167662 436.0322979302851 343.285944884814 34.6535563 135.433162 50
6136167663 446.2721448049858 322.0864153762782 34.6533652 135.4332737 50
6136167666 544.132812125448 166.8783476786223 34.6519661 135.4343412 50
6136167667 524.6065150394393 214.7797440262686 34.6523979 135.4341282 50
6136167668 506.6478220846362 245.4530559548001 34.6526744 135.4339323 50
6136167669 493.5019488356094 273.0091162906277 34.6529228 135.4337889 50
6141323643 646.5037790508302 261.7936666125124 34.6528217 135.4354579 50
6141323644 566.7759829253408 104.1894197558944 34.651401 135.4345882 50
6141323648 487.1490268249177 66.2499163943689 34.651059 135.4337196 50
6141323651 356.2403308721199 79.77279785565899 34.6511809 135.4322916 50
6141323653 302.5659320765034 109.20364651611 34.6514462 135.4317061 50
6141323662 587.4390221880096 100.8835799898187 34.6513712 135.4348136 50
6141323666 694.2377832441055 159.1573259413659 34.6518965 135.4359786 50
6141323667 663.2157225214792 221.1473682746518 34.6524553 135.4356402 50
6141323674 636.9331432965233 267.9948895304121 34.6528776 135.4353535 50
6141323675 648.0897177375612 273.2642649976043 34.6529251 135.4354752 50
6141323679 611.603960739625 328.3541988256656 34.6534217 135.4350772 50
6141323680 617.324340733976 331.0720872237978 34.6534462 135.4351396 50
6141325588 639.0966203470146 277.8014746099635 34.652966 135.4353771 50
6143777249 455.7327732541313 125.6440979721124 34.6515944 135.4333769 50
6143777256 354.9844141102032 207.1252828226169 34.6523289 135.4322779 50
6143777262 375.977475295354 182.6531938126908 34.6521083 135.4325069 50
6143777265 362.6390892576297 210.7195515624716 34.6523613 135.4323614 50
6143777269 221.6647246633034 135.9277001988145 34.6516871 135.4308236 50
6143777272 274.1565449051092 107.6283805863569 34.651432 135.4313962 50
6143777285 442.1468707727961 167.677074064943 34.6519733 135.4332287 50
6146760313 306.0953331917402 280.3307748340181 34.6529888 135.4317446 50
6146760315 312.191571483391 307.1768561600181 34.6532308 135.4318111 50
6146760320 288.9525277665454 346.2922622567251 34.6535834 135.4315576 50
6146760321 296.7722138810441 350.0418389045605 34.6536172 135.4316429 50
6148655314 488.0749216643525 441.1077403937365 34.6544381 135.4337297 50
6148655342 450.1407351204672 423.1253032747833 34.654276 135.4333159 50
6150641318 405.3127573038504 581.7945186464957 34.6557063 135.4328269 50
6150641328 293.0319654215845 698.5860658354752 34.6567591 135.4316021 50
6150641348 348.2923029015995 636.5405563910873 34.6561998 135.4322049 50
6158170965 711.6647742099665 303.2165044930998 34.6531951 135.4361687 50
6220351118 854.7934485770213 344.2399791798212 34.6535649 135.43773 50
6222682931 124.656613978835 200.0476795637004 34.6522651 135.4297654 50
6223895573 550.8340906071494 370.8752854867383 34.653805 135.4344143 50
6223895574 523.5981147211335 385.0193985827743 34.6539325 135.4341172 50
6239113696 514.7058573626505 529.7663693007419 34.6552373 135.4340202 50
6239113699 546.5529728903152 474.5322209857911 34.6547394 135.4343676 50
6239113702 543.7294519971929 467.487897993677 34.6546759 135.4343368 50
6240954035 162.1599385681746 333.7677887783359 34.6534705 135.4301745 50
6240954039 173.8298804426293 293.4210128360512 34.6531068 135.4303018 50
6241131143 287.1465744694915 698.5971592579779 34.6567592 135.4315379 50
6241131144 296.4880283333803 696.7667446219539 34.6567427 135.4316398 50
6241153773 677.0308068908998 431.190221094098 34.6543487 135.4357909 50
6241153778 674.968169874805 455.9951127649911 34.6545723 135.4357684 50
6242917439 870.0019588421428 187.1793100025473 34.6521491 135.4378959 50
6242917440 812.3214605972607 245.4752427983941 34.6526746 135.4372667 50
6242935418 268.2619866775862 649.0761232912735 34.6563128 135.4313319 50
6248321050 221.8664047297636 240.7938187005568 34.6526324 135.4308258 50
6503076112 806.6927533595435 485.6256430220224 34.6548394 135.4372053 50
6503076126 912.6114559580203 407.6943532220674 34.6541369 135.4383607 50
6505014555 561.5689703667392 232.274070576274 34.6525556 135.4345314 50
6505014559 554.7576845775441 229.0458847641887 34.6525265 135.4344571 50
6507547092 583.9462901721608 413.4629326814157 34.6541889 135.4347755 50
6507547093 593.911118779293 390.9654727929917 34.6539861 135.4348842 50
6507547094 570.1403730758378 406.9843742122398 34.6541305 135.4346249 50
6507547095 580.2335435436567 384.4869143245215 34.6539277 135.434735 50
6512229110 582.4978606238791 486.0028193701774 34.6548428 135.4347597 50
6530537837 385.0805799957272 546.7282115924945 34.6553902 135.4326062 50
6530537839 355.387774236126 547.8486472179852 34.6554003 135.4322823 50
7281132379 384.3288633941298 487.6113655660271 34.6548573 135.432598 50
7281132380 399.6290464135525 456.2724483155617 34.6545748 135.4327649 50
7281132381 408.9705002774413 479.4244201041227 34.6547835 135.4328668 50
7281132382 376.0599807765576 463.8492555659287 34.6546431 135.4325078 50
