1583486739 390830990
390830990 5490458532
5490458532 1374741058
1374741058 5490457895
5490457895 1583486664
1583486664 5490457894
5490457894 6242917440
6242917440 390830998
390830998 390831000
1568522306 5470516295
5470516295 1602961313
306073125 1374740968
1374740992 6222682931
6222682931 1374740991
1374740968 1388476029
1388476029 1374740942
1374740942 1374740941
1374740970 1374740987
1374740987 1374740992
306073125 1374740977
1394255375 1374740991
1374741041 6141323679
6141323679 1374741030
1374741030 6136167669
6136167669 1374741023
1374741006 1394255372
1394255372 6136167599
6136167599 1374740974
1374741023 6136167638
6136167638 1374741006
1374741006 6143777265
6143777265 1374740996
1374740996 6143777256
6143777256 6136167593
6136167593 1038142553
1374740954 6143777249
6143777249 5826111394
5826111394 6141323651
6141323651 1038142545
1374740954 6143777285
6143777285 1374740974
1038142534 6141323648
6141323648 1374740954
1374741086 5490458522
5490458522 1374741058
1374741041 6141323680
6141323680 5490478522
5490478522 1374741058
1374741003 6141323667
6141323667 1394255371
1394255371 1394255380
1394255380 6136167666
6136167666 1374740971
1602961313 5470490116
5470490116 6150641348
6150641348 1583486861
325609224 6136167651
6136167651 1374740996
1374740996 1394255394
1394255394 6136167602
6136167602 1038142586
1602961313 1388476036
1388476036 1388476037
1388476037 5470516302
5470516302 6242935418
6242935418 2682701332
2682701332 1602960518
1602960518 2682701335
2682701335 1602960526
1602960526 6241131143
6241131143 6150641328
6150641328 6241131144
6241131144 1602960524
1602960524 1602960514
1602960514 1602960512
1602960512 1602960496
1602960496 5470516301
5470516301 1602960494
1602960494 1602960491
1602960491 1602961313
1568522275 6248321050
6248321050 1583486632
1583486632 6146760313
6146760313 1583486640
1583486640 6136167645
6136167645 6136167662
6136167662 402315604
1394231526 5591196561
5591196561 6220351118
6220351118 5481466082
5481466082 5490080530
1038142612 6014826952
6014826952 1038142614
1394255386 1394255379
1394255379 1394255395
1394255395 6143777269
6143777269 1038142548
1568522290 5500299662
5500299662 5515370689
5515370689 5515370698
5515370698 1394255384
1394255384 5515370696
5515370696 5515370684
5515370684 5515370683
5515370683 5515370697
1394255394 6143777262
6143777262 1394255372
1394255372 6136167636
6136167636 1394255392
1374740977 1374740946
1394255360 6143777272
6143777272 1394255361
1374740960 1394255375
1568522306 1583486744
1583486744 1568522297
1568522297 1568522295
1568522295 1394255367
1394255367 1568522292
1568522292 1038135046
1038135046 1568522290
1568522290 1568522289
1568522289 5500299664
5500299664 1568522287
1568522287 6240954035
6240954035 5300346029
5300346029 6240954039
6240954039 5300345491
5300345491 1568522275
1583486769 1583486754
1583486861 1584713984
1584713984 4594323269
4594323269 4594323267
4594323267 4594323266
4594323266 5470514820
5470514820 4594323265
4594323265 4594323264
4594323264 4594323270
4594323270 1583486883
1583486883 1583486879
1583486879 1584713998
1584713998 1584713994
1584713994 1584713988
1584713988 6028468216
6028468216 1583486835
1583486835 1583486818
1583486818 1583486814
1583486814 1583486802
1583486802 1583486793
1583486793 1583486779
1583486779 5502300823
5502300823 5475297238
5475297238 1583486739
1568522287 5300345462
5300345462 1583486695
1583486695 1583486697
1583486697 1583486710
1583486710 1583486716
1583486716 1583486719
1583486719 4571258484
4571258484 7281132382
7281132382 5470516297
5470516297 1583486740
1583486740 5470490117
5470490117 7281132381
7281132381 1583486758
1583486758 1584713925
1584713925 3919656395
3919656395 1584713927
1584713927 6239113696
6239113696 5479317748
5479317748 1584713940
1584713940 1584713959
1584713959 1584713960
1584713960 5475297250
5475297250 1583486835
1583486701 1394231526
1394231526 5490457896
5490457896 1583486664
1583486664 5490457897
5490457897 6158170965
6158170965 6141323675
6141323675 1583486636
1583486636 6141323674
6141323674 1374741013
1374741013 6505014555
6505014555 6505014559
6505014559 6136167667
6136167667 1583486614
1583486614 6136167631
6136167631 1394255369
1394255369 1374740974
1374740974 1038142586
1038142586 6141323653
6141323653 1583486576
1583486719 6056094201
6056094201 1583486692
1583486593 5591196557
5591196557 5591196563
5591196563 1038142612
390831000 1583486610
1583486610 5509919427
5509919427 1583486589
1583486589 6141323662
6141323662 1394255388
1394255388 1583486572
1583486572 1394255359
1394255359 1038142534
1038142534 1583486561
1583486561 1583486557
1583486557 1583486556
1583486556 1583486559
1583486559 1583486567
1583486704 5475297236
5475297236 1583486736
1583486736 6239113699
6239113699 5300345434
5300345434 5479317749
5479317749 5479317748
1583486821 6530537837
6530537837 5470490119
5470490119 1583486785
1583486785 5470516296
5470516296 1583486756
1583486756 1583486747
1583486747 1583486726
1583486726 6056094206
6056094206 1583486710
1583486710 6056094202
6056094202 1583486684
1583486684 6146760315
6146760315 5300345484
5300345484 1583486640
1583486745 1583486726
1583486726 1583486714
1583486861 5470514818
5470514818 6150641318
6150641318 1583486821
1583486821 5479317742
5479317742 1583486758
1583486632 5300345485
5300345485 1583486649
1583486649 6056094203
6056094203 1583486697
1583486695 6056094207
6056094207 1583486714
1583486714 5500299674
5500299674 1583486744
1583486707 5470490118
5470490118 6148655342
6148655342 6148655314
6148655314 6239113702
6239113702 1583486736
1583486736 6512229110
6512229110 5502560328
5502560328 2125868662
2125868662 5475297243
5475297243 1583486779
1583486716 6056094205
6056094205 4571258547
4571258547 1583486745
1583486745 1583486756
1583486756 5500299677
5500299677 1568522306
6150641328 5455682412
5455682412 1394379380
1583486707 5475297222
5475297222 1583486692
1583486692 6146760321
6146760321 1583486684
1583486684 6146760320
6146760320 1583486649
1583486754 6503076112
6503076112 5481474928
5481474928 1374741086
1374741086 6503076126
6503076126 1583486701
1602961313 5470516300
5470516300 1583486834
1583486834 6530537839
6530537839 1583486785
1583486785 7281132379
7281132379 5470516299
5470516299 1583486740
1583486740 5470516298
5470516298 7281132380
7281132380 1583486707
1583486707 5470516310
5470516310 402315604
1583486636 6141323643
6141323643 1374741003
1374741003 1394255393
1394255393 6141323666
6141323666 1583486589
402315604 325609226
1038142614 1038142621
325609226 6136167637
6136167637 1374741023
1374741023 6136167624
6136167624 1394255392
1394255392 6136167635
6136167635 1583486614
1583486614 6136167630
6136167630 1584713906
1584713906 1374740971
1374740971 1394255376
1394255376 6141323644
6141323644 1583486572
402315604 5494988992
5494988992 6223895574
6223895574 6507547094
6507547094 1583486704
1583486704 6507547092
6507547092 5475297240
5475297240 6241153778
6241153778 5490458526
5490458526 1583486739
1583486739 5490458538
5490458538 5502300820
5502300820 1583486773
325609226 6136167663
6136167663 6136167646
6136167646 325609224
325609224 1583486623
1583486623 1583486612
4571258547 4571258602
4571258602 6056094204
6056094204 4571258484
1583486567 1394255383
1394255383 1038142545
1038142545 1583486576
1583486576 1394255361
1394255361 1038142548
1038142548 5300345974
5300345974 1038142553
1038142553 5300345973
5300345973 1583486592
1583486592 6136167654
6136167654 1583486612
1394379380 4594323272
4594323272 5474279835
5474279835 4594323269
390831000 5490457898
5490457898 6242917439
6242917439 6014826962
6014826962 6014826959
6014826959 1583486593
1583486593 390831004
1583486612 306073125
1583486754 5490458535
5490458535 390830990
390830990 5490458529
5490458529 6241153773
6241153773 6507547093
6507547093 325609230
325609230 6507547095
6507547095 6223895573
6223895573 1394255366
1394255366 5494988993
5494988993 325609226
1583486701 5591196560
5591196560 5591196574
5591196574 1038142612
5515370689 5515370686
5515370686 5515370687
5515370687 5515370685
5515370685 5515370688
5515370697 5515370682
5515370682 5515370695
5515370695 5515370694
5515370694 5515370688
5515370688 5515370693
5515370693 1568522290
1394255392 6136167668
6136167668 1394255358
325609230 5494989002
5494989002 1374741041
1374741041 6141325588
6141325588 1583486636
1583486704 325609230
1374740991 1568522275
