4930984833 4930984831 1
4930984833 4930984835 1
4930984831 4930984845 1
4930984845 4930984827 1
4930984845 4930984841 1
4930984827 4930984824 1
4930984824 5822184173 1
5822184173 5822184169 1
5822184173 5822184174 1
5822184169 5822184167 1
5822184169 4930984823 1
5822184167 5822184164 1
5822184164 5822184163 1
5822184164 5822184170 1
5822184163 172797490 1
172797490 5841982550 1
172797490 5841982551 1
5841982550 172159394 1
172159394 4930984320 1
172159394 172552871 1
172159394 5841982536 1
172159394 172556199 1
4930984320 4930984823 1
172552871 172552869 1
172552869 172552867 1
172552867 653846737 1
653846737 653846981 1
653846737 653846982 1
653846981 5841982563 7
653846981 4614310697 7
5841982563 5841982551 1
4614310697 653846979 7
653846979 4614310689 7
4614310689 801953589 7
801953589 172459874 7
801953589 653846976 7
801953589 172459877 7
172459874 801909175 7
172459874 653847556 7
172459874 653847547 7
801909175 172778722 7
172778722 172778717 7
172778717 172196011 7
172196011 172196017 7
172196011 5822829828 7
172196017 172196024 7
172196024 172196035 7
172196024 172709808 7
172196035 172196041 7
172196041 172196045 7
172196041 172832329 7
172196041 172832340 7
172196045 172196051 7
172196045 172773627 7
172196051 172196056 7
172196056 172196068 7
172196056 172334753 7
172196068 172196075 7
172196075 172196077 7
172196077 172196079 7
172196077 172298850 7
172196079 172196081 7
172196079 172291522 7
172196081 3494169310 7
3494169310 3494169309 7
3494169309 3494169307 7
3494169307 3494169306 7
3494169306 3494169305 7
3494169305 1505632787 7
1505632787 1505632805 7
1505632787 3494169303 7
1505632787 3494169091 7
1505632805 1505632807 7
1505632805 1505632815 7
1505632807 1505632808 7
1505632807 1505632838 7
1505632808 1505632817 1
1505632808 1505632809 1
1505632808 1505632829 1
1505632817 1505632815 7
1505632817 1505632818 1
1505632818 1505632811 1
1505632811 1505632810 1
1505632811 1505632814 1
1505632810 1505632809 1
1505632809 1505632814 1
1505632814 1505632822 1
1505632822 1505632823 1
1505632822 1505632831 1
1505632823 1505632825 1
1505632823 1505632833 1
1505632825 1505632826 1
1505632825 1505632833 1
1505632833 1505632834 1
1505632834 1505632831 1
1505632831 1505632829 1
3494169303 1505632789 7
1505632789 3494169311 7
1505632789 3494169300 7
3494169311 1505632791 7
1505632791 5693611469 7
1505632791 172799611 7
5693611469 5693611470 7
5693611470 5693611484 7
5693611484 5693611480 7
5693611484 5693611486 7
5693611480 1505632796 7
5693611480 5693611481 7
1505632796 5693611477 7
5693611477 1505632798 7
5693611477 5693611475 7
5693611475 5693611473 7
5693611473 3494169317 7
3494169317 3494169312 7
3494169312 3494169295 7
3494169312 3494169296 7
3494169295 3494169294 7
3494169294 3494169091 7
3494169294 3494169324 7
3494169296 3494169298 7
3494169298 3494169299 7
3494169299 5693611481 7
3494169299 5693611486 7
172799611 172799608 7
172799608 172799602 7
172799602 172550278 7
172799602 172863782 7
172799602 172799599 7
172550278 172550276 3
172550278 172550280 7
172863782 172863773 7
172863773 172863766 7
172863766 172863761 7
172863761 172625602 7
172625602 172574691 7
172625602 172863748 7
172574691 172574684 7
172574691 172574692 7
172574691 3494169300 7
172574684 172574676 7
172574676 172574674 1
172863748 172863744 7
172863744 172863737 1
172863737 172863727 1
172863727 172863709 1
172863709 172863700 8
172863700 172863697 8
172799599 172799592 3
172799592 172411849 3
172411849 172799590 3
172411849 172403260 3
172411849 172411851 3
172799590 172789206 3
172789206 172789202 3
172789206 172789211 3
172789206 172799585 3
172789211 172670701 3
172670701 172789224 3
172670701 172670707 3
172789224 172664575 3
172664575 172664581 3
172664575 172789228 3
172664581 172664594 3
172664594 172664597 3
172789228 172789240 3
172789240 172789243 8
172789243 172789249 8
172670707 172670710 3
172799585 172211626 3
172211626 172799574 3
172211626 172211634 3
172799574 172799570 3
172799570 172799566 3
172799566 172421513 3
172421513 172421509 3
172421513 172421520 3
172421513 172799561 3
172421509 172421506 3
172421506 172421496 3
172421506 172694264 3
172421496 172421490 3
172421490 172421486 3
172694264 172694273 3
172694273 172694275 3
172421520 172421528 3
172421528 172421533 3
172421533 172421539 3
172421539 172316786 3
172316786 172421546 3
172316786 172316789 3
172421546 172421551 3
172421551 172421554 3
172421554 172673272 3
172421554 172421563 3
172421563 172421567 3
172421563 172736472 3
172421567 172421573 3
172421573 172421575 3
172421573 172465714 3
172421575 172263607 3
172263607 172263604 3
172263607 172263613 3
172263607 172421580 3
172263604 172263596 3
172263596 172263586 3
172263586 172263578 3
172263613 172263629 3
172263629 172263643 3
172263643 172263647 3
172421580 172420279 3
172420279 172420290 3
172420279 172421584 3
172420290 172420294 3
172420294 172420305 3
172420305 172420309 3
172421584 172500880 3
172421584 172345336 3
172500880 172500883 3
172500883 172500889 3
172500889 172500899 3
172345336 172345334 3
172345336 172345338 3
172345334 172345325 3
172345325 172345311 3
172345311 172345308 3
172345338 172345342 3
172345342 172345344 3
172345344 172345356 3
172465714 172465717 3
172316789 172658830 3
172316789 172316798 3
172799561 172799558 3
172799558 172799556 3
172211634 172211640 3
172211640 172211653 3
172211653 172211656 3
172211656 172573763 3
172211656 172211669 3
172573763 172573769 3
172573769 172573777 3
172211669 172234783 3
172211669 172211675 3
172234783 172234786 3
172211675 172211678 3
172211678 172855591 3
172211678 172162520 3
172162520 172211690 3
172162520 172162529 3
172211690 172211698 8
172211698 172211707 8
172403260 172403255 3
172403260 172403264 3
172403255 172403242 3
172403242 172403237 3
172403237 172403234 3
172403237 172805238 3
172403234 172403229 8
172805238 172805242 3
172403264 172403275 3
172403275 172403279 3
172403279 172403285 8
172403285 172214630 8
172214630 172214633 8
172214630 172403291 8
172403291 172403301 8
172403301 172403316 8
172403316 172403319 8
172291522 172887146 7
172291522 172291521 7
172291522 172291523 7
172887146 172773617 7
172773617 172887158 7
172773617 172773639 7
172773617 172773619 7
172887158 5617193159 7
5617193159 172887168 7
5617193159 5617193158 7
172887168 172291494 7
172291494 172291487 7
172291494 172291500 7
172291487 172291428 7
172291428 172291462 7
172291500 172291509 7
172291509 172773627 7
172291509 172773639 7
172291509 172291513 7
172291513 172291516 7
172291516 172291521 7
172298850 172451617 7
172298850 172298869 7
172298869 172298875 7
172298875 172298885 7
172832329 172701779 7
172701779 172832319 7
172701779 172701786 7
172832319 5617193143 7
5617193143 5617193144 7
5617193143 172832306 7
5617193144 5617193147 7
172701786 172701796 7
172832340 172832345 7
172832345 172832351 7
172832351 172832358 7
172832358 172832362 7
172709808 172709819 7
172709819 172709828 7
172709828 172709831 7
5822829828 172778711 7
172778711 172778709 7
172778709 172778705 7
172778705 172237869 7
172237869 172237875 7
172237869 172778697 7
172237875 172688913 7
172237875 172236429 7
172688913 172688914 7
172688914 172688926 7
172236429 172236417 7
172236429 172236434 7
172236417 172236411 7
172236411 172568678 7
172236411 172568685 7
172236411 172236408 7
172568685 172568689 7
172236434 172902640 7
172236434 172321080 7
172902640 172902626 7
172321080 172321084 7
172321084 172321086 7
172778697 172778694 7
172778694 172145320 7
172145320 172778686 7
172778686 172778681 7
172778681 172778673 7
172778673 172778665 7
172778665 172778663 7
653847556 801953542 7
801953542 801953543 7
801953543 653847569 7
653847569 653847573 7
653847573 653847577 7
653847577 653847581 7
653847581 653847584 7
653847584 1854240199 7
653847547 653847543 7
653847543 653847535 7
653847535 653847530 1
653847530 653847524 1
653847524 653847517 1
653847517 653847511 1
653847511 4614310455 1
4614310455 4614310480 1
4614310455 4614310456 1
4614310480 4614310479 1
4614310480 653847483 1
4614310479 653846987 1
4614310479 3786422820 1
4614310479 4614310456 1
653846987 653846988 1
653846988 653846990 1
653846990 653846991 1
653846991 3786422829 1
653846991 3702888469 1
3786422829 3786422825 1
3786422825 3786422824 1
3786422824 3786422822 1
3786422822 3786422820 1
3786422820 4614310478 1
4614310478 4614310477 1
4614310477 4614310476 1
4614310476 4614310475 1
4614310475 4614310474 1
4614310474 4614310473 1
4614310473 4614310471 1
4614310471 4614310469 9
4614310469 773021608 9
773021608 5616812354 9
773021608 172263395 9
773021608 773021222 9
5616812354 5616812352 9
5616812354 4614310466 9
5616812352 5616811419 9
5616811419 5616812323 9
5616812323 172419443 9
5616812323 5616812358 9
5616812323 172419447 9
172419443 172897197 9
172419443 172890958 9
172419443 773021222 9
172897197 172893855 9
172893855 172893863 9
172893855 172143998 9
172893863 172513680 9
172513680 172893878 9
172513680 172513683 9
172893878 172893885 9
172143998 172897194 9
172897194 172579719 9
172579719 172897191 9
172579719 172579707 9
172897191 172897186 9
172897186 2902023892 9
2902023892 172897176 9
172897176 172897173 9
172897173 172897171 9
172897171 172668868 9
172668868 1833752465 9
172668868 172668875 9
172668868 172897168 9
172668868 172668867 9
1833752465 3702011126 9
3702011126 1833752472 9
3702011126 172668863 9
3702011126 3702011130 9
1833752472 1833752477 9
1833752477 1833752478 9
1833752478 1833752475 9
1833752475 3702011142 9
1833752475 1833752484 9
1833752475 172668838 9
3702011142 4045926710 9
4045926710 4045926709 9
4045926709 482711558 9
1833752484 1833752485 9
1833752485 1863678590 9
1863678590 1833752488 9
1833752488 1833752487 9
1833752487 1833752473 9
1833752473 1833752468 6
1833752468 1833752461 6
1833752461 1833752459 6
1833752459 1833752456 6
1833752456 1833752452 6
1833752452 1833752450 6
1833752450 1833752449 6
1833752449 482708521 6
482708521 1833752442 6
482708521 172228464 6
482708521 1816672591 6
1833752442 1833752439 6
1833752439 1833752434 6
1833752434 1833752431 6
1833752431 1833752428 6
1833752428 1833752426 6
1833752426 1833752424 6
1833752424 172526256 6
1833752424 1833752422 6
172526256 1825881080 6
172526256 3702167401 6
172526256 172668761 6
1825881080 172668769 6
172668769 172668778 6
172668778 1825447256 6
1825447256 172668784 6
1825447256 1825447252 6
172668784 172668790 6
172668790 1816672586 6
1816672586 172228464 6
172228464 172228453 6
172228464 172668794 6
172228453 172228449 6
172228449 172228444 6
172228444 172228436 6
172228436 172228430 6
172228430 2129814754 8
2129814754 1863556093 8
1863556093 1807875086 8
1807875086 2129659959 8
2129659959 2129659974 8
2129659959 2129659958 8
2129659974 2129659975 9
2129659974 2129659989 9
2129659975 2129659977 9
2129659977 2129659981 9
2129659989 2129659986 9
2129659989 2129659995 9
2129659995 2129659966 9
2129659995 482711555 9
2129659966 2129659958 8
2129659958 2129718107 8
2129718107 1806268017 8
1806268017 172228408 8
172228408 172897165 8
172228408 1806268028 8
172897165 172897162 8
172897162 172897144 8
172897144 1804645376 8
1804645376 3627440228 8
1804645376 3627440231 8
3627440228 3627440237 8
3627440228 3627440231 8
3627440237 3627440234 8
3627440237 172716806 8
3627440234 172716806 8
3627440234 3627440224 8
172716806 172716817 8
172716817 172716819 8
172716819 3702888157 8
3702888157 172716833 8
3702888157 3702888178 8
172716833 172263284 1
172263284 172263274 1
172263284 172263290 1
172263274 172263267 8
172263267 2936164807 8
2936164807 3702888437 8
2936164807 172263265 8
2936164807 5728126299 8
3702888437 653846997 1
653846997 653846995 1
653846995 653846993 1
653846993 3702888469 1
172263265 653847442 1
172263265 653847433 8
172263265 5728134129 8
653847442 653847447 1
653847447 653847450 1
653847450 653847457 1
653847457 653847458 1
653847458 653847475 1
653847475 653847483 1
653847433 5728085050 8
5728085050 172574646 8
5728085050 4510506106 8
4510506106 4510506108 8
4510506108 1805394923 8
1805394923 653847423 8
653847423 653847006 8
653847423 653847417 8
653847423 172497433 8
653847006 3702888144 8
653847006 653847010 8
3702888144 653847005 8
653847005 5728126299 8
653847010 653847012 8
653847012 653847017 8
653847012 653847410 8
653847012 3627440193 8
653847012 3627440089 8
653847017 653847019 8
653847019 653847021 8
653847019 653847370 8
653847021 653847023 8
653847023 653847026 8
653847026 653847028 5
653847028 653847346 5
653847028 172668701 5
653847028 653847030 5
653847346 653847352 5
653847346 5534707496 5
653847346 172183102 5
653847352 653847360 8
653847360 653847366 8
653847366 653847370 8
653847370 653847389 8
653847370 172502167 8
653847389 653847395 8
653847395 653847410 8
653847410 653847417 8
172502167 5837644194 8
5837644194 172336497 8
172336497 172336494 8
172336497 172336499 8
172336494 172336490 8
172336494 172389482 8
172389482 172254829 8
172254829 172254832 8
172254829 172389475 8
172254832 172254843 8
172254843 172254861 8
172254861 172254874 8
172254874 172254877 8
172254877 172254879 8
172254877 172389492 8
172254879 172254881 8
172254881 172254887 8
172389492 172389500 8
172389475 172389469 8
172389475 172833282 8
172389469 172389463 8
172389463 172198812 8
172198812 172198811 8
172198812 172389454 8
172198811 172198809 8
172198809 172198804 8
172198804 172198798 8
172198804 172198825 5
172198798 172198797 8
172198797 172578079 8
172198797 172578099 8
172578079 172578067 8
172578067 172578055 8
172578067 172578112 8
172578055 172389448 8
172389448 172389445 8
172389448 172389451 8
172389445 172389442 8
172389445 172515102 8
172389445 172515108 8
172389442 172389436 8
172515102 172515093 8
172515108 172515122 8
172515122 172700401 8
172515122 172515133 8
172700401 172700411 8
172700411 172700414 8
172700414 172700417 8
172515133 172515137 8
172515137 172515140 8
172389451 172389454 8
172833282 172773683 8
172773683 172773688 8
172773683 172833285 8
172773688 172773699 8
172833285 172833300 5
172833300 5534707824 5
172833300 172833325 5
172833325 172833342 5
172336499 172336505 8
172336505 172336513 8
172336513 172336519 8
172336513 172682781 8
172336519 172336521 8
172336521 172336524 8
172336524 172311777 8
172336524 172336526 8
172336524 172497433 8
172311777 172497438 8
172311777 172311779 8
172497438 172497441 8
172497441 172497443 8
172497443 172400948 8
172497443 172497446 8
172400948 172729009 8
172400948 172729028 8
172400948 172400861 8
172729009 172728991 8
172728991 172728980 8
172728991 172400939 8
172400939 172400946 8
172400939 172728967 8
172400946 172400947 8
172728967 172728951 8
172728967 172218966 8
172728951 172728939 8
172728939 172728936 8
172218966 172218963 8
172218966 172218972 8
172218963 172218957 8
172218957 172218956 8
172218956 172497459 8
172218956 172218948 8
172497459 172497453 8
172497453 172359775 8
172359775 172359777 8
172359775 172497446 8
172359777 172359792 8
172359777 5785797015 8
172359792 172359796 8
172218948 172218945 8
172218945 172218941 3
172218941 172218937 3
172218937 172218935 3
172218972 172218978 8
172218978 172218981 8
172218981 172263242 8
172218981 172218984 8
172263242 172263248 8
172263248 172311800 8
172263248 172263260 8
172311800 172311798 8
172311798 172304625 8
172304625 172311796 8
172311796 172311794 8
172311794 172311790 8
172311790 172311784 8
172311784 172400926 8
172311784 172311781 8
172400926 172400916 8
172400926 172729065 8
172400916 172400902 8
172400902 172400896 8
172400896 172729036 8
172400896 172729056 8
172729036 172729028 8
172729056 172729065 8
172311781 172311779 8
172263260 5728134129 8
172218984 172218987 1
172218987 172218993 1
172218993 172218996 1
172218996 653857818 1
653857818 5854187888 1
5854187888 172218999 1
172218999 172219001 1
172400861 172400888 8
172336526 172336529 8
5534707496 653847335 5
653847335 5534707489 5
5534707489 653847329 5
5534707489 5534707487 5
5534707489 5614445676 5
653847329 5850655490 5
653847329 5516335267 5
5850655490 5534707491 5
5534707491 5878088344 5
5878088344 1062479512 5
1062479512 1062479510 5
1062479512 1062479537 5
1062479537 1062479538 5
1062479538 1710227046 5
1710227046 1710227152 5
1710227152 2148775514 5
2148775514 1710227399 5
1710227399 1710227495 5
1710227495 1710227572 5
1710227572 1710227591 5
1710227591 1710227695 5
1710227695 1710227725 5
1710227725 1710227741 5
1710227741 1710227762 5
1710227762 2148775539 5
2148775539 1710227932 5
1710227932 2148775542 6
1710227932 172415342 6
2148775542 1710228139 0
1710228139 1710228167 0
1710228139 2148775561 6
1710228167 1710228196 0
1710228196 482726790 0
482726790 2148775574 0
482726790 2148775576 0
2148775574 482714370 0
2148775574 2148775576 0
482714370 482714367 0
482714367 5649286003 0
5649286003 1710228335 0
1710228335 482714355 0
482714355 482714348 0
482714348 482714338 0
482714338 482714328 0
482714338 5583420753 0
482714338 172189019 0
482714328 5583420766 0
482714328 2147643754 0
5583420766 3730498289 6
3730498289 5583420763 6
5583420763 482714309 6
5583420763 482714297 6
482714309 5583420757 6
5583420757 5583420753 0
482714297 482714291 6
482714291 482714279 6
482714279 482714269 6
482714269 482714264 6
482714264 4370141953 6
4370141953 2148775561 6
2147643754 2147643758 0
2147643758 172189019 0
2147643758 5189366035 0
2147643758 2147643764 0
172189019 2147643723 0
172189019 2147643759 0
2147643723 2147643721 0
2147643721 172175856 0
172175856 1710228259 0
172175856 2147643710 0
172175856 2147643715 0
1710228259 2148775576 0
2147643710 1710228241 0
2147643710 1710228276 0
2147643710 1710228171 0
1710228241 172736591 0
172736591 2148775564 0
2148775564 172736588 0
172736588 482714256 0
172736588 172415336 0
482714256 1710228060 0
1710228060 482714254 0
482714254 5538678211 2
482714254 5538678227 0
5538678211 5538678227 2
5538678211 5538678212 2
5538678227 5538678216 2
5538678216 5583419711 2
5538678216 5538678213 2
5583419711 5538678230 2
5583419711 5538678213 2
5538678213 5538678220 2
5538678220 5538678212 2
5538678220 5583420748 2
5538678212 5583420748 2
5583420748 482714250 2
482714250 172358816 0
172358816 1710228131 0
172358816 172358811 2
172358816 1710228171 0
1710228131 1710228008 2
1710228131 5189366031 0
1710228008 5189366030 2
5189366030 1710227812 2
1710227812 172358808 2
1710227812 172739457 2
1710227812 1710227791 2
172358808 5189366029 2
172358808 172636336 2
172358808 172358799 2
5189366029 172358811 2
172636336 172636342 2
172636342 172636350 2
172636350 172636351 2
172358799 172358793 2
172358793 172358789 2
172358789 172358788 2
172358788 172358786 2
172358786 172525813 2
172358786 172358784 2
172525813 172525810 2
172525810 172525805 2
172525805 172525790 2
172525790 172518399 2
172518399 172525775 5
172518399 172518404 5
172525775 172525771 5
172518404 172518406 5
172518406 1710227716 5
172518406 172266620 5
1710227716 1710227756 5
1710227756 1710227767 5
1710227756 172266620 5
1710227756 172266626 5
1710227767 172518420 5
1710227767 172559770 5
172518420 172266620 5
172518420 172518421 5
172559770 172808422 2
172808422 172808420 2
172808420 172266626 2
172358784 5828404111 2
5828404111 5377253518 2
5377253518 172358781 2
172358781 1710227198 2
172358781 1710227331 2
172358781 1710227279 2
172358781 172358780 2
1710227198 172657356 2
172657356 1710227169 2
1710227169 172657350 2
172657350 1710227372 5
1710227372 172657346 5
172657346 172657344 5
172657344 1710227341 5
1710227341 1710227305 5
1710227305 1710227180 5
1710227180 172657336 5
172657336 5795083353 5
1710227331 1710227543 2
1710227331 1710227383 2
1710227331 1710227279 2
1710227543 1710227686 2
1710227686 172521200 2
1710227686 5189366101 2
172521200 172521214 2
172521214 172521222 2
172521222 172521226 2
172521226 172521227 2
172521227 5431750633 2
5431750633 172521228 2
5431750633 5828713387 2
5828713387 5431750632 2
5431750632 4063555601 2
5431750632 5702471144 2
5431750632 4063555605 2
4063555601 5702471124 2
5702471124 5702471125 2
5702471125 5702471140 2
5702471125 5702471142 2
5702471142 5702471144 2
5702471144 5702471146 2
5702471144 5702471122 2
5702471146 5702471148 2
5702471148 5377253377 2
5377253377 5377253367 2
5377253377 5377253370 2
5377253367 172739429 2
5377253367 5377253383 2
172739429 172739420 2
172739420 5843824953 2
5843824953 1710228146 2
1710228146 3557799030 2
3557799030 1710228175 2
3557799030 3557799026 2
1710228175 172739413 2
1710228175 1710228179 2
172739413 172739407 0
172739407 1710228264 0
1710228264 1710228278 0
1710228264 1710228290 0
1710228278 1710228243 0
1710228278 1710228285 0
1710228243 1710228194 0
1710228194 1710228179 2
1710228179 1710228182 2
1710228182 1710228188 2
1710228188 1710228192 2
1710228192 1710228190 2
1710228192 1710228209 2
1710228209 1710228251 0
1710228209 1710228211 2
1710228251 1710228284 0
1710228284 1710228304 0
1710228304 1710228285 0
1710228304 1710228333 0
1710228333 1710228351 0
1710228351 1710228399 0
1710228399 1710228369 0
1710228399 1710228408 0
1710228399 1710228414 0
1710228369 1710228308 0
1710228308 1710228274 0
1710228274 1710228262 0
1710228262 1710228234 0
1710228262 1710228263 0
1710228234 1710228211 2
1710228408 4622741313 0
1710228414 1710228415 0
1710228415 1710228446 0
1710228446 1710228482 0
1710228290 172739399 0
172739399 172739394 0
172739394 172286932 0
172286932 172286926 0
172286932 172286940 0
172286932 2147643727 0
172286932 2147643735 0
172286926 172286911 0
172286911 172286903 0
172286940 172286946 0
172286946 172286949 0
172286949 172286954 0
172286954 172233817 0
172233817 5649387299 0
5649387299 172233811 0
172233811 172739388 0
172233811 2147643735 0
172739388 172739383 0
172739383 2147643794 0
2147643794 2147643800 0
2147643794 2147643790 0
2147643794 2147643814 0
2147643800 2147643795 0
2147643800 172175842 0
2147643800 2147643813 0
2147643795 2147643807 0
2147643795 2147643792 0
2147643795 2147643790 0
2147643807 2147643818 0
2147643818 2147643822 0
2147643822 2147643812 0
2147643822 2147643827 0
2147643812 2147643804 0
2147643804 2147643791 0
2147643791 2147643782 0
2147643782 172192302 0
172192302 2147643769 0
172192302 5649274301 0
172192302 2147643775 0
2147643769 2147643753 0
2147643753 2147643781 0
2147643753 2147643748 0
2147643753 172175848 0
2147643781 2147643792 0
2147643748 2147643743 0
2147643748 2147643745 0
2147643748 2147643775 0
2147643743 2147643731 0
2147643743 172175848 0
2147643743 2147643730 0
2147643731 172767224 0
172767224 172175848 0
172767224 5649387273 0
172175848 2147643770 0
2147643770 5828705038 0
5828705038 2147643789 0
2147643789 2147643790 0
2147643790 2147643780 0
2147643780 2147643765 0
2147643765 2147643736 0
2147643736 2147643727 0
5649387273 5649387277 0
5649387277 172767225 0
172767225 172767227 0
172767227 172767231 0
172767231 172767248 0
172767248 172767252 0
172767252 172767257 2
172767257 172767270 2
172767270 5843824962 2
5843824962 172767273 2
172767273 172767286 2
172767286 1710227880 2
1710227880 1710227929 2
1710227880 172767301 2
1710227929 1710227964 2
1710227929 1710227901 2
1710227964 1710228030 2
1710228030 1710228109 2
1710228109 1710228098 2
1710228098 1710228038 2
1710228038 1710228001 2
1710228001 1710227920 2
1710227920 1710227867 2
1710227867 1710227901 2
172767301 172739451 2
172739451 172739450 2
172739451 172739453 2
172739451 172767309 2
172739450 5377253383 2
5377253383 5377253370 2
5377253370 1710227839 2
1710227839 5376839249 2
5376839249 4063555605 2
172739453 172739457 2
172767309 172767317 2
172767317 172767321 2
172767321 172767323 2
172767323 5850641337 2
5850641337 5850641325 2
5850641325 1710227764 2
1710227764 1710227770 2
1710227764 5189366101 2
1710227770 5850641297 2
5850641297 1710227791 2
2147643730 172175851 0
172175851 172175854 0
172175854 1710228276 0
1710228276 5189366032 0
1710228276 2147643715 0
5189366032 5189366031 0
2147643715 2147643720 0
2147643715 2147643722 0
2147643720 2147643724 0
2147643724 2147643745 0
2147643722 2147643725 0
2147643725 2147643737 0
2147643737 2147643759 0
2147643759 172189016 0
2147643759 2147643764 0
172189016 2147643779 0
172189016 5649274262 0
2147643779 5649274234 0
2147643779 2147643773 0
5649274234 172192239 0
172192239 5649274248 0
5649274248 5536955849 0
5536955849 172192225 0
172192225 172192218 0
172192225 5538245761 0
172192218 2147643861 6
172192218 172192212 6
2147643861 2147643850 6
2147643861 172192212 6
2147643850 2147643839 6
2147643839 2147643830 6
2147643830 2147643826 6
2147643826 172358822 6
2147643826 2147643829 6
2147643826 5189366034 6
172358822 4076783594 6
172358822 2147643829 6
172358822 2147643844 6
172358822 172872162 6
4076783594 4837362517 6
4837362517 1868062758 6
1868062758 482708511 6
482708511 3702845998 6
482708511 482708505 6
3702845998 3702846003 6
482708505 482708500 6
482708505 3627440031 6
482708500 482708506 6
482708500 3627440032 6
482708506 729710897 6
729710897 729710899 6
729710897 482708529 6
482708529 482708531 6
482708531 653810709 6
482708531 729722090 6
653810709 653810618 6
653810618 729711324 6
653810618 653810703 6
729711324 653810625 6
653810625 482708535 6
653810625 653810692 6
482708535 482708538 6
482708538 482708542 6
482708542 482708546 6
482708546 653810629 6
653810629 482708549 6
653810629 653810659 6
482708549 3702846007 6
3702846007 482708526 6
3702846007 482708552 6
482708526 482708524 6
482708524 482708522 6
482708522 4493122558 6
4493122558 4854194050 6
4854194050 4493122555 6
4854194050 4854194046 6
4493122555 4493122553 6
4493122553 4493122551 6
4493122551 4493122549 6
4493122549 1816672591 6
4854194046 4614310447 6
4614310447 1833732445 6
1833732445 1833732444 6
482708552 482708557 6
482708557 482708561 6
3627440032 3627440031 6
3627440032 482708458 6
3627440031 482708457 6
482708457 482708458 6
482708457 2147643912 6
482708457 172358825 6
482708458 5189366037 6
482708458 2147643917 6
5189366037 2147644105 4
2147644105 2147644109 4
2147644105 172358834 4
2147644105 5189367106 4
2147644109 801862641 4
2147644109 172358834 4
2147644109 801862629 4
801862641 172572143 4
172572143 172358834 4
172572143 5933126027 4
172358834 2147644071 4
2147644071 2147643984 4
2147643984 2147643976 6
2147643984 172358830 4
2147643976 2147643924 6
2147643976 172505074 4
2147643924 2147643917 6
2147643917 2147643912 6
2147643917 3702167398 6
2147643912 3702167399 6
2147643912 5189366036 6
5189366036 2147643841 6
2147643841 2147643833 6
2147643833 2147643829 6
2147643829 3799202634 6
3799202634 172772098 6
172772098 172455356 6
172455356 172772108 6
172455356 172192212 6
172455356 172455359 6
172772108 172772112 6
172772112 2147643933 0
2147643933 172772119 0
172772119 172772129 4
172772129 172772136 4
172772136 172772141 0
172772141 172772147 0
172772147 172391973 0
172391973 172772157 0
172391973 172391971 0
172391973 172391975 0
172772157 2147643973 0
2147643973 172772178 0
172772178 2147643906 0
2147643906 2147643892 0
2147643892 3643273459 0
2147643892 2147643887 0
2147643892 2147643890 0
2147643887 2147643886 0
2147643887 172772187 0
2147643887 3643273457 0
2147643886 3643273453 0
2147643886 2147643875 0
2147643886 2147643890 0
2147643875 2147643857 0
2147643857 2147643843 0
2147643843 2147643827 0
2147643843 172772199 0
2147643843 3799202614 0
172772199 3799202617 0
172772199 172772204 0
172772199 2147643856 0
3799202617 5538536485 0
172772204 2147643817 0
2147643817 172175842 0
2147643856 172772187 0
3799202614 3799202615 0
2147643890 2147643918 0
2147643890 5649274487 0
2147643918 2147643950 0
2147643950 2147643985 0
2147643985 172391971 0
172391971 2147644025 0
2147644025 2147644023 0
2147644023 2147644009 0
2147644009 2147643980 0
2147643980 2147643951 0
2147643951 2147643916 0
2147643916 3799202627 0
3799202627 2147643882 0
2147643882 2147643873 6
2147643873 172192212 6
5649274487 3643273456 0
172391975 172391983 0
172391983 172562562 4
172391983 172391993 0
172562562 172562572 4
172562572 172562584 4
172562584 172562595 4
172562595 172562603 4
172562603 172436769 4
172436769 172436771 4
172436769 172562614 4
172436771 172436776 4
172436776 172436784 4
172562614 172562617 4
172562617 172209913 4
172209913 172393818 4
172209913 172209928 4
172209913 172562631 4
172393818 172393841 4
172393818 172393826 4
172209928 172209945 4
172209945 172209956 4
172562631 172562641 4
172562641 172562658 4
172562658 172562660 4
172391993 5821964995 0
5821964995 172392011 0
172455359 4365192760 6
4365192760 172455385 6
172455385 5538054404 6
5538054404 5538054405 6
172505074 172358830 4
172358830 172276746 4
172276746 172561099 4
5933126027 5933126029 4
5933126029 5802617651 4
5802617651 172572152 4
172572152 5538125376 4
801862629 801862627 4
801862627 2147644181 4
2147644181 2147644192 4
2147644192 801862617 4
801862617 801862667 4
801862667 801862666 4
801862666 172474891 4
801862666 5616812321 9
801862666 172358852 9
172474891 172474895 4
172474895 172474898 4
172474898 172474904 4
172474904 172474907 4
172474907 5616812353 4
172474907 172618481 4
172474907 172474915 4
5616812353 5616812331 4
5616812353 172618481 4
5616812353 5616812362 4
5616812331 172618474 4
172618474 172618470 4
172618474 172618481 4
172618470 172618468 4
172618468 172618465 4
172618468 172817345 4
172618465 172618451 4
172618451 172618438 4
172618438 172618434 9
172618434 4059852171 9
4059852171 4059852172 9
4059852171 172618416 9
4059852172 172284714 4
4059852172 172284735 9
172284714 172284705 4
172284705 172284703 4
172284703 172558017 4
172284703 172558040 4
172558017 172558005 4
172558040 172558046 4
172558040 172817356 4
172558040 172817345 4
172558046 172487190 4
172487190 172558070 4
172487190 172487196 4
172487190 172487163 4
172487163 172817356 4
172618416 172618402 9
172618402 172618391 9
172618481 5616812361 4
5616812361 5616812325 4
5616812362 5616812356 4
5616812356 5616812321 4
5616812321 5616812359 9
5616812321 801862664 9
5616812359 5616812326 9
5616812359 172358852 9
5616812359 172358854 9
5616812326 5616812335 9
5616812335 5616812360 9
5616812360 5616812332 9
5616812332 5616812341 9
5616812341 5616812327 9
5616812341 172199628 9
5616812341 172316632 9
5616812327 5616812322 9
5616812322 5616812358 9
172199628 5616812336 9
172199628 5616812343 9
172199628 172199643 9
5616812336 1803480639 9
1803480639 1803480642 9
1803480642 172890969 9
172890969 172890971 9
172890971 172358852 9
172358852 172358849 9
172358849 4370141962 4
4370141962 5933125890 4
5933125890 172358846 4
172358846 172358843 4
172358843 172358840 4
172358840 5189367106 4
5616812343 172890963 9
172890963 172890961 9
172890961 172890958 9
172199643 172199658 9
172199658 172510734 9
172199658 172199667 9
172510734 172510746 9
172510746 172510757 9
172199667 172191648 9
172191648 172199687 9
172191648 172191650 9
172199687 172445063 9
172199687 172199700 9
172445063 172445064 9
172191650 172191651 9
172316632 172316630 9
172316630 172316622 9
172316622 172316617 9
172316617 172316613 9
172316613 172316609 9
172316609 172316599 9
172316599 172316595 9
172316595 172316593 9
172316593 172316591 9
172316591 172316590 9
172316590 172316588 9
172316588 172316586 9
172316586 3709716403 9
3709716403 3709716405 9
3709716405 3709716408 9
3709716408 3709716410 9
3709716410 3709716413 9
3709716413 3709716414 9
3709716414 3709716415 9
3709716415 3709716417 9
3709716417 3709716419 9
172358854 801862604 9
172358854 801862632 9
801862604 801862637 9
801862604 172358856 9
801862637 801862636 9
801862637 801862662 9
801862636 801862632 9
801862636 801862664 9
172358856 172358858 9
172474915 172474921 4
172474921 172428240 4
172428240 172428251 4
172428251 172428260 4
172428260 172500066 4
172428260 172428267 4
172500066 172500077 4
172500077 172166297 4
172166297 172166285 4
172166297 172166231 4
172166285 172166269 4
172166269 172166265 4
172166265 172166254 4
172166254 172166231 4
172166231 172166308 4
172166308 172166320 4
172166320 172428283 4
172166320 172166324 4
172428283 172428267 4
172358825 2147643844 6
172872162 2147643799 6
2147643799 5189366033 6
5189366033 2147643776 6
2147643776 5189366035 0
5189366034 2147643802 6
2147643802 2147643784 0
2147643784 2147643768 0
2147643768 2147643764 0
2147643764 2147643773 0
5538245761 172192340 0
5649274262 172192274 0
172192274 172192287 0
172192287 5649274292 0
5649274292 5649274301 0
2147643813 2147643835 0
2147643835 2147643853 0
2147643853 2147643866 0
2147643866 2147643879 0
2147643879 2147643881 0
2147643881 2147643888 0
2147643888 2147643908 0
2147643908 2147643910 0
2147643814 172134300 0
172134300 172155873 0
172155873 2147643871 0
2147643871 457021169 0
457021169 172140201 0
172140201 172175832 0
3557799026 3557799038 2
3557799038 3557799046 0
3557799038 3557797071 2
3557799046 3557797076 0
3557799046 3557799050 0
3557797076 3557799052 0
3557797076 3557797072 0
3557799052 3557799055 0
3557799055 3557799060 0
3557799060 3557799066 0
3557799060 3557799063 0
3557799066 3557799082 0
3557799066 3557799072 0
3557799082 3557799063 0
3557797072 3557797071 0
3557797071 3557799036 0
5702471122 5702471121 2
5702471121 5702470919 2
5702470919 5702470916 2
5702470916 5702470915 2
1710227383 1710227449 2
1710227449 1710227518 2
1710227518 1710227585 2
1710227585 1710227587 2
1710227587 1710227536 2
1710227587 1710227613 2
1710227536 5377245913 2
5377245913 1710227402 2
1710227402 1710227325 2
1710227325 1710227279 2
1710227279 3474548119 2
3474548119 1710226721 2
1710227613 4063555609 2
172358780 5189279038 2
172415336 172657375 6
172657375 2148775540 5
2148775540 172131444 5
172131444 172736573 5
172736573 172736570 5
172736570 172736563 5
172736563 172736560 5
172736560 172736555 5
172736555 172736542 5
172736542 172736536 5
172736536 172145241 5
172145241 172736525 5
172736525 172736522 5
172736522 172432036 5
172415342 172415347 6
172415347 172415357 6
172415357 172415362 6
172415362 172415368 6
172415368 1803349835 6
1803349835 172415380 6
172415380 172415382 6
172415382 172415396 6
172415396 172415408 6
172415408 1833752413 6
1833752413 1833752410 6
1833752413 172415416 6
1833752413 1833752416 6
1833752410 172668736 6
172668736 172668727 6
172668736 172415416 6
172668727 172668719 6
172668719 172627038 6
172627038 172668708 5
172627038 172627047 5
172668708 172668706 5
172668706 172668701 5
172627047 172627062 5
172627062 172627077 5
172627077 172627100 5
172627100 172627103 5
172627103 172627130 5
172627130 4059852157 5
4059852157 4059852151 5
4059852157 172627135 5
172627135 653847032 5
653847032 653847030 5
653847032 5534707487 5
5534707487 1803349800 5
1803349800 2148775524 5
2148775524 653847078 5
653847078 653847092 5
653847092 2148775508 5
2148775508 1710227057 5
1710227057 2148775496 5
172415416 4363571173 6
172415416 172668748 6
4363571173 4363571170 6
4363571170 4363571168 8
4363571168 482710390 8
482710390 4565612429 8
4565612429 4565612431 8
4565612429 3729890221 8
4565612431 4565612433 8
4565612431 4565612436 8
3729890221 172225285 8
172225285 482710418 8
172225285 172225286 8
482710418 482710420 8
172225286 172225294 8
172225294 172225297 8
172225297 172225308 8
172225297 3729890217 8
172225308 172225320 8
172225320 172225323 8
172225323 3627440055 8
172225323 3627440063 8
3627440055 3627440063 8
3627440055 3627440054 8
3627440063 3627440064 8
3627440064 3627440050 8
3627440064 3627440085 8
3627440050 172897062 8
3627440050 3627440076 8
172897062 172897070 8
172897062 3627440217 8
172897070 3627440204 8
3627440204 1805458707 8
1805458707 172897073 8
172897073 1805364136 8
1805364136 3627440209 8
1805364136 172897078 8
3627440209 3627440211 8
3627440211 3627440213 8
3627440213 3627440216 8
3627440216 3627440217 8
3627440217 3627440060 8
3627440060 3627440200 8
3627440060 3627440054 8
3627440200 3627440201 8
3627440201 3627440202 8
3627440054 172773921 8
172773921 172773930 8
172773930 172773936 8
172773936 172526244 8
172526244 172526236 8
172526236 653813749 8
653813749 3702167401 6
172897078 1805368008 8
1805368008 172897102 8
172897102 1868077983 8
1868077983 172897122 8
172897122 172897129 8
172897129 3627440224 8
172897129 3627440239 8
3627440224 3627440239 8
3627440239 3627440231 8
3627440076 3627440193 8
3627440085 3627440089 8
3729890217 482710400 8
482710400 482710401 8
482710401 482710402 8
482710402 482710407 8
172668748 172668757 6
172668757 172668761 6
1833752416 1833752419 6
1833752419 1833752422 6
5516335267 5516335255 5
5516335267 172432097 5
5516335255 5516335258 5
5516335258 5516335263 5
172432097 172432091 5
172432091 172432081 5
5614445676 5534707488 5
172183102 172183117 5
172263290 172263296 1
172263296 172263301 1
172263296 172668916 1
172263301 172263307 1
172263307 172263320 1
172263320 172263327 1
172263327 172263333 1
172263333 4844546155 1
4844546155 172263342 1
172263342 172263348 1
172263348 172263356 1
172263356 172263366 9
172263366 172263374 9
172263374 172263378 9
172263378 172263384 9
172263384 172263388 9
172263388 172263395 9
172668916 172668910 1
172668910 172668907 1
172668907 172668892 1
172668892 172668890 9
172668890 3702888191 9
3702888191 5742054559 9
3702888191 3709716355 9
5742054559 172668881 9
172668881 172668875 9
3709716355 3702888185 9
3702888185 3702888184 9
3702888184 3702888183 8
3702888183 3702888192 8
3702888192 3702888178 8
1806268028 172897167 9
172897167 172897168 9
482711555 482711553 9
482711553 1871772955 9
1871772955 482711549 9
482711549 1871772968 9
1871772968 172668863 9
172668863 172668867 9
172668863 172668856 9
172668856 172668852 9
172668852 172668843 9
172668843 172668838 9
172668838 172668835 9
172668838 482711565 9
172668835 172668831 9
172668831 1863678587 9
1863678587 172668828 9
172668828 172668826 9
172668826 172668819 9
172668819 172668815 6
172668815 172668812 6
172668812 3527288651 6
3527288651 172668804 6
172668804 1269676764 6
1269676764 1269676740 6
1269676764 172668796 6
1269676740 1269676743 6
172668796 1269676745 6
1269676745 1833757364 6
1269676745 172668794 6
1833757364 1269676741 6
1269676741 1269676746 6
482711565 1871784112 9
1825447252 1825447254 6
3702011130 3702011132 9
172579707 172579702 9
172579702 172579700 9
172579702 172579733 9
172579700 172579679 9
172579700 172579782 9
172579679 172579761 9
172579679 172579667 9
172579761 172579756 9
172579756 172579746 9
172579756 172579757 9
172579746 172579733 9
172579667 172579660 9
172579660 172579646 9
172579660 172579815 9
172579646 172579637 9
172579637 172579634 9
172579815 172579818 9
172579815 172579835 9
172579782 172579788 9
172579788 172579791 9
172579788 172579800 9
172579800 172579804 9
172419447 4589931445 9
4589931445 172419461 9
4614310466 3729890264 9
3729890264 4614310464 9
4614310464 773021204 1
773021204 2355165264 1
773021204 4614310462 1
2355165264 2355165266 1
2355165264 2355165305 1
2355165266 2355165275 1
2355165275 2355165314 1
2355165275 2355165269 1
2355165314 2355165311 1
2355165311 2355165310 1
2355165269 2355165271 1
2355165271 2355165274 1
2355165305 2355165306 1
2355165306 2355165297 1
2355165306 2355165293 1
2355165297 2355165299 1
2355165299 2355165287 1
2355165287 2355165279 1
2355165287 2355165290 1
2355165279 2355165284 1
2355165279 2355165277 1
2355165284 2355165281 1
2355165277 4614310458 1
2355165277 4614310460 1
4614310458 4614310457 1
4614310457 4614310456 1
4614310456 653846983 1
653846983 653846982 1
653846983 172380521 1
172380521 5835501136 1
5835501136 172380528 1
4614310460 4614310461 1
4614310461 4614310462 1
2355165290 2355165293 1
653846976 653846970 7
653846970 653846960 7
653846960 653846956 7
653846956 653846951 7
653846951 653846946 7
653846946 653846942 7
653846942 653846941 7
653846941 801917758 7
801917758 653846935 7
172459877 172459881 7
172459881 4614310712 7
4614310712 172206940 7
172206940 172459897 7
172459897 172459898 1
172459898 172207024 1
172207024 172459905 1
172459905 172459910 1
172459910 172459913 1
172459913 172459916 1
172459916 172459919 1
172459919 172459924 1
172459924 172459926 1
172459926 172459930 1
172459930 172608272 1
172459930 172459936 1
172608272 172608270 1
172608270 172608264 1
172608264 172608261 1
172608264 172846255 1
172608261 172608253 1
172608253 172363449 1
172363449 172608251 1
172363449 172363457 1
172363457 172363461 1
172363461 172363468 7
172363461 172610697 1
172363468 172534931 7
172363468 172534940 7
172363468 172363473 7
172534931 172534922 7
172534922 172534916 7
172534916 172534911 7
172534911 172534899 7
172534911 172871194 7
172534911 172871191 7
172534899 172534890 7
172534890 172534881 7
172534881 172534878 7
172534878 172534876 7
172534878 172872456 7
172534876 172534868 7
172872456 172694370 1
172694370 172694354 1
172694354 172872468 1
172694354 172694358 1
172872468 172872479 1
172872479 172871225 1
172871225 172871222 1
172871225 172871227 1
172871222 172871213 1
172871213 172871203 1
172871203 172871194 1
172871227 172871237 1
172871237 172459946 1
172459946 172459938 1
172459946 172459952 1
172459938 172459936 1
172459952 172459961 1
172459961 172459963 1
172459963 172459967 1
172459963 172710607 1
172459967 172459971 1
172459971 172164562 1
172164562 172164564 1
172164562 5536895296 1
172710607 172710614 1
172710614 172322790 1
172322790 172322800 1
172322790 172710623 1
172710623 172710633 1
172710633 172710642 1
172710642 172330997 1
172330997 172331002 1
172330997 172710646 1
172331002 172331015 1
172331015 172331022 1
172331022 172480310 1
172331022 172480313 1
172480310 172480308 7
172480310 172800585 7
172800585 172800579 1
172800579 172800568 1
172800568 172800565 1
172480313 172480314 1
172480314 172480323 1
172480323 172480326 1
172710646 172710652 1
172871191 172871182 7
172871182 172871176 7
172871176 172673094 7
172534940 172534955 7
172363473 172363476 7
172363476 172363478 7
172363478 172363480 7
172363480 172363484 7
5841982536 5841982541 1
5841982541 172556205 1
5841982541 172556199 1
172556205 172556199 1
172556205 172556212 1
172556212 172523978 1
172523978 172523968 1
172523978 172523981 1
172523968 172523955 1
172523955 172523947 1
172523947 172523935 1
172523947 172524003 1
172523935 172523894 1
172523935 172523919 1
172523894 172523981 1
172523894 172523899 1
172523899 172523919 1
5822184170 5822184174 1
4930984841 4930984839 1
4930984839 4930984835 1
2562250643 2562250663 4
2562250643 2562250645 4
2562250643 2562250641 4
2562250663 2562250670 4
2562250663 2562250658 4
2562250670 2562250668 4
2562250670 2562250672 4
2562250672 2562250679 4
2562250672 2562250666 4
2562250679 2562250682 4
2562250679 2562250671 4
2562250671 2562250669 4
2562250669 2562250665 4
2562250669 2562250666 4
2562250665 2562250664 4
2562250665 2562250660 4
2562250664 2562250654 4
2562250664 2562250666 4
2562250654 2562250649 4
2562250654 2562250660 4
2562250649 2562250652 4
2562250649 2562250645 4
2562250652 2562250660 4
2562250658 172272678 4
172272678 2562250653 4
172272678 172272672 4
172272678 172272681 4
2562250653 4614237069 4
4614237069 2562250648 4
4614237069 4614237067 4
2562250648 4591497750 4
4591497750 4591497751 4
4591497750 2562250644 4
4591497751 4591497753 4
4591497753 4591497754 4
4591497754 4591497755 4
4591497755 4591497757 4
4614237067 4614237065 4
4614237065 4614237063 4
4614237065 4614237061 4
4614237063 4614237061 4
172272672 2562250681 4
172272672 172272669 4
172272681 2562250641 4
2562250641 172272683 4
172204345 172204354 4
172204345 172782662 4
172204345 172161891 4
172204354 172204357 4
172204357 5898879934 4
172161891 172782638 4
172161891 172161888 4
172782638 172782632 4
172782632 172782622 4
172782622 172782610 4
172782610 172782591 4
172782591 172556735 4
172556735 172556727 4
172556735 172556739 4
172556727 172556707 4
172556707 172556701 4
172556701 172556696 4
172556701 172624185 4
172556696 172556693 0
172161888 172161882 4
172161882 172161876 4
172161876 172161874 4
172161874 172161872 4
172161872 172161870 4
172161870 5837388904 4
5837388904 172161866 4
172161866 172161864 4
172161864 172161863 4
172851659 172851661 3
172851659 172851654 3
1505632841 1505632848 7
1505632841 172301543 7
1505632848 1505632849 7
1505632848 1505632884 7
1505632848 1505632883 7
1505632849 1505632852 7
1505632852 1505632853 7
1505632853 1505632854 7
1505632853 1505632899 7
1505632854 1505632857 3
1505632854 1505632891 7
1505632857 1505632895 3
1505632857 1505632862 3
1505632895 1505632892 3
1505632892 1505632891 3
1505632891 1505632890 3
1505632890 1505632886 7
1505632890 1505632899 7
1505632886 1505632884 7
1505632862 1505632864 3
1505632862 1505632879 3
1505632864 1505632866 3
1505632866 1505632868 3
1505632866 1505632881 3
1505632879 1505632878 3
1505632878 172252684 3
172252684 172472389 3
172252684 172252678 3
172472389 172472392 3
172252678 172252675 3
172252675 172301500 3
172252675 172252672 3
172301500 172301506 3
172301506 172301515 3
172301506 172302108 3
172301515 172301521 3
172301521 172301530 3
172301530 172301537 3
172301537 172301543 7
172302108 172302104 3
172302104 172302099 3
172302099 172302097 3
172302097 172302095 3
172302095 172213454 3
172213454 172213448 7
172213454 172213455 7
172213455 172213458 3
172213458 172188660 3
172188660 172188668 3
172188660 172213462 3
172188668 172188675 3
172213462 172213464 3
172213464 172213468 3
172213464 172550679 3
172213468 172213472 3
172213472 172213476 3
172550679 172550677 3
172550677 172636526 3
172550677 172252655 3
172636526 172636531 3
172252655 172252657 3
172252655 172550673 3
172252657 172252663 3
172252663 172252669 3
172252669 172252672 3
172252672 172606706 3
172606706 172606713 3
172606713 172606717 3
172606717 172606723 3
5850514023 172820313 5
5850514023 172820327 5
172820313 172803127 5
172803127 172296123 5
172296123 172820388 5
172296123 172296125 5
172820388 172247028 5
172296125 172296129 5
4614310721 2562178031 7
4614310721 2562178040 7
2562178031 2562178025 7
2562178025 2562178021 7
2562178040 2562178043 7
2562178043 2562178047 7
172663807 172663808 3
172743515 172743505 3
172743515 172743525 3
172292772 172292762 4
172292772 172292789 4
172292762 172292760 4
172848921 172848915 7
172848921 172848924 7
172848924 172848931 7
172789304 172789317 1
172740288 172740290 3
172609277 172609283 4
172609277 172609341 4
172609283 172609295 4
172609283 172609487 4
172609295 172609306 4
172609306 172609337 4
172609337 172609341 4
172609399 172609409 4
172609409 172609412 4
172219994 172220004 7
