142776471 638029433
638029433 142843846
142843846 142778669
142843846 142776474
142778669 763701320
763701320 142838875
142838875 142778668
142838875 142839132
142778668 142835893
142778668 142845279
142835893 763700655
763700655 148399176
148399176 4507066554
148391200 344370777
344370777 344370776
344370777 142778667
344370776 344370775
344370775 1110779093
344370775 142778667
1110779093 142790211
142790211 148396528
142790211 4619569039
148396528 344370754
4619569039 142776489
142776489 344370922
142776489 142776490
344370922 4619569077
344370922 344370921
4619569077 142776477
142776477 142845279
142776477 568894982
142845279 344370891
344370891 344370890
344370891 3163401069
3163401069 142778667
142778667 4507066554
568894982 568895099
568894982 568894980
568895099 142776474
568895099 568895056
142776474 142839132
568895056 568894980
568895056 568895052
568894980 568895005
568895005 568895009
568895005 568895014
568895009 568895032
568895009 568895014
568895032 568895025
568895014 568895052
