142776471 880.6511986282156 943.5413530141012 -22.9497369 -43.1896942 50
638029433 822.5083328540979 929.6089942610374 -22.9498629 -43.1902614 50
142843846 741.1780266034471 909.329672075397 -22.9500463 -43.1910548 50
142778669 871.4049248396415 547.6301584349159 -22.9533174 -43.1897844 50
142776474 641.1911590527837 880.967370327159 -22.9503028 -43.1920302 50
763701320 862.8352076695368 544.1802410288594 -22.9533486 -43.189868 50
142838875 782.3557226217697 511.7819782129948 -22.9536416 -43.1906531 50
142778668 756.1750316509673 501.6644319753912 -22.9537331 -43.1909085 50
142839132 777.4250599921407 520.7053222717141 -22.9535609 -43.1907012 50
142835893 805.2868916514784 387.905617009758 -22.9547619 -43.1904294 50
142845279 702.6040484826195 481.5509712037876 -22.953915 -43.1914311 50
763700655 724.8996643250638 359.1673627240682 -22.9550218 -43.1912136 50
148399176 598.7218549440037 309.0440434940168 -22.9554751 -43.1924445 50
4507066554 580.055042784397 357.3097148900919 -22.9550386 -43.1926266 50
148391200 378.1131429708832 356.6794415180885 -22.9550443 -43.1945966 50
344370777 435.8664761456189 379.8226374475121 -22.954835 -43.1940332 50
344370776 416.0618187627368 426.3301778581734 -22.9544144 -43.1942264 50
142778667 554.3766438489536 424.7600231411341 -22.9544286 -43.1928771 50
344370775 536.4273917383692 473.3131876548495 -22.9539895 -43.1930522 50
1110779093 474.1944336785641 639.5726687806064 -22.9524859 -43.1936593 50
142790211 473.1693478925697 641.563005745179 -22.9524679 -43.1936693 50
148396528 387.1749013174046 610.0714519912618 -22.9527527 -43.1945082 50
4619569039 451.0582474915262 701.9807900542153 -22.9519215 -43.193885 50
344370754 366.3246564339038 662.9923003996222 -22.9522741 -43.1947116 50
142776489 420.6747047990596 785.0110137688827 -22.9511706 -43.1941814 50
344370922 477.4849590508629 813.1963966757394 -22.9509157 -43.1936272 50
142776490 336.638172074531 738.3818416549694 -22.9515923 -43.1950012 50
4619569077 539.8409274049351 846.2249328636074 -22.950617 -43.1930189 50
344370921 524.8234206421383 727.9215151622994 -22.9516869 -43.1931654 50
142776477 556.9496091702737 853.9209024607053 -22.9505474 -43.192852 50
568894982 563.8484365094814 856.8290059149216 -22.9505211 -43.1927847 50
344370891 617.2041516635138 448.6330092914753 -22.9542127 -43.1922642 50
344370890 586.8206089697431 526.9638262834242 -22.9535043 -43.1925606 50
3163401069 571.5775833349926 431.6930302356324 -22.9543659 -43.1927093 50
568895099 619.6951101224239 874.5651197568046 -22.9503607 -43.1922399 50
568894980 555.6272485069017 872.5084382260545 -22.9503793 -43.1928649 50
568895056 602.6274317882903 914.8915581489263 -22.949996 -43.1924064 50
568895052 565.4373194773164 981.866397013954 -22.9493903 -43.1927692 50
568895005 539.605157674039 910.9551139298625 -22.9500316 -43.1930212 50
568895009 508.6373160831513 929.8964873779743 -22.9498603 -43.1933233 50
568895014 524.4441389016986 947.2124189716207 -22.9497037 -43.1931691 50
568895032 495.7622386136958 983.2596328896121 -22.9493777 -43.1934489 50
568895025 515.9974320258609 998.1208155603675 -22.9492433 -43.1932515 50
