26202735 304.1065079293444 1369.946731161878 30.260595 120.1570009 50
26202736 694.1877489904944 1371.554155428492 30.2606095 120.1610544 50
26202737 867.6673230050213 1358.351105072695 30.2604904 120.1628571 50
26202739 1606.593882643967 1334.195398336055 30.2602725 120.1705356 50
26202758 834.4861186344243 915.2230346663081 30.2564931 120.1625123 50
26202760 1449.425834559753 910.8109321969187 30.2564533 120.1689024 50
26202762 1517.135507982468 883.251920288011 30.2562047 120.169606 50
26202763 1716.049514462927 870.0377842478556 30.2560855 120.171673 50
26287347 564.0900976313178 0 30.2482372 120.1597025 50
26287349 530.5624537720264 897.3639967802876 30.256332 120.1593541 50
26287350 509.1024521034808 1374.51403321582 30.2606362 120.1591311 50
26287353 483.8701093374508 1991.465638107892 30.2662015 120.1588689 50
26304821 1719.25407973641 1335.436995010358 30.2602837 120.1717063 50
26364494 1074.174128282426 1343.11937443618 30.260353 120.165003 50
26480114 1516.798691812699 544.6618556333054 30.2531504 120.1696025 50
26480115 1789.725645747305 519.3088949597974 30.2529217 120.1724386 50
26480116 1029.993470143946 517.86775596139 30.2529087 120.1645439 50
26480117 761.7915659025706 506.8818425260579 30.2528096 120.1617569 50
26480122 1423.664209242979 1335.84716534081 30.2602874 120.1686347 50
26482520 760.9928304120948 641.0297118374953 30.2540197 120.1617486 50
26514742 507.0430618091672 1391.408616542154 30.2607886 120.1591097 50
26514771 545.0070557890012 486.4176687592502 30.252625 120.1595042 50
26514776 440.8538728110961 501.3611715960839 30.2527598 120.1584219 50
26514781 86.85045517858939 1076.065232487609 30.257944 120.1547433 50
26514788 0 1416.395749624762 30.261014 120.1538408 50
26514796 67.42097384757838 1126.449668982572 30.2583985 120.1545414 50
26514800 347.2189776449626 582.6857538020931 30.2534934 120.1574489 50
26514803 367.0526383782261 544.6729413183697 30.2531505 120.157655 50
26592037 540.6188222630901 635.0323564702103 30.2539656 120.1594586 50
26592055 1147.667416504756 527.5233872461361 30.2529958 120.1657667 50
26592079 564.1574608638023 10.73094269084299 30.248334 120.1597032 50
26592145 1163.064727117477 7.527179841975112 30.2483051 120.1659267 50
26592197 1134.521962567324 662.0703412029608 30.2542095 120.1656301 50
26592198 951.8328721443927 657.1926399806194 30.2541655 120.1637317 50
26607138 1026.509828616701 921.220390033593 30.2565472 120.1645077 50
26607211 556.1989759403089 192.037314278952 30.2499695 120.1596205 50
26607215 757.7016552707223 185.685217004421 30.2499122 120.1617144 50
26607278 731.8053034816339 913.094583223537 30.2564739 120.1614453 50
26683461 1246.354554214962 1353.417975427854 30.2604459 120.1667922 50
26683462 1070.469150417427 1358.340019389042 30.2604903 120.1649645 50
26683465 1499.245757713953 1346.156852016137 30.2603804 120.1694201 50
26683466 1719.042366715134 1345.779938739468 30.260377 120.1717041 50
26683467 622.2630617898888 1384.291607030631 30.2607244 120.160307 50
26683469 876.6651263945979 1370.855757299064 30.2606032 120.1629506 50
26683664 404.7086861450712 512.4579418785322 30.2528599 120.1580463 50
26865356 1042.109228931772 1609.464032570259 30.2627556 120.1646698 50
26870174 1012.276939618554 1620.084118414692 30.2628514 120.1643598 50
26882404 292.308318670985 1382.506811810747 30.2607083 120.1568783 50
26882415 393.0740933158056 1227.861511678014 30.2593133 120.1579254 50
26882430 550.5597109294865 294.413611534786 30.250893 120.1595619 50
26882436 761.3585165410905 365.251136110787 30.251532 120.1617524 50
26882437 651.0271626777958 186.1286443886549 30.2499162 120.1606059 50
26882439 929.3624219689916 1353.495575219777 30.2604466 120.1634982 50
26882444 876.5400232436581 1081.752188686494 30.2579953 120.1629493 50
26882462 883.1127502123738 1135.728386990648 30.2584822 120.1630176 50
26882469 889.7913336941767 1191.090295869299 30.2589816 120.163087 50
26882507 899.2221864427847 1249.75573875887 30.2595108 120.163185 50
26882508 934.9920636608877 1384.080979023578 30.2607225 120.1635567 50
26882509 941.9882166697087 1416.717234478226 30.2610169 120.1636294 50
26882510 964.6415099096076 1496.988676646856 30.261741 120.1638648 50
26882511 984.2827042594469 1529.480818201311 30.2620341 120.1640689 50
26882512 998.5348398954461 1607.435352289541 30.2627373 120.164217 50
27271941 1694.810849137033 531.4255482244322 30.253031 120.1714523 50
27271948 1910.863986995059 504.9640190903395 30.2527923 120.1736974 50
27446969 518.7161479190353 1231.741501287592 30.2593483 120.159231 50
27446994 634.8118699416436 1074.613007806253 30.2579309 120.1604374 50
27446995 626.689788591505 1235.998404173134 30.2593867 120.160353 50
27448279 426.2841676431816 760.1453928351111 30.2550942 120.1582705 50
27448282 535.6339429539512 762.5842434462817 30.2551162 120.1594068 50
28583703 755.6422649764086 1077.861113393262 30.2579602 120.161693 50
28583708 749.7816636229344 1240.665477388423 30.2594288 120.1616321 50
28583713 947.5408718101938 782.1393910759036 30.2552926 120.1636871 50
28583717 1037.903838472808 785.110354548296 30.2553194 120.1646261 50
28583723 991.7407765889757 1333.929341905091 30.2602701 120.1641464 50
28583744 636.4574575123297 638.5576041725424 30.2539974 120.1604545 50
28583756 645.753583795969 500.6073450441556 30.252753 120.1605511 50
29559135 801.9496766441357 774.6232969189929 30.2552248 120.1621742 50
32751749 876.6651263945979 1460.949116020646 30.2614159 120.1629506 50
32751780 762.8116377308011 1502.620204421831 30.2617918 120.1617675 50
32751786 691.3392465295284 1524.137518225313 30.2619859 120.1610248 50
32751792 616.6237967790664 1531.620355328441 30.2620534 120.1602484 50
32757185 1200.047142544786 2844.852724090248 30.2738996 120.166311 50
32757223 1198.440048249805 2638.747676058571 30.2720404 120.1662943 50
35835270 1255.977873346994 1061.86447051905 30.2578159 120.1668922 50
35835271 1264.831326950227 1092.006446939321 30.2580878 120.1669842 50
35835291 1214.790067455823 2470.766297355619 30.2705251 120.1664642 50
35835293 1233.112867085818 2043.867669199215 30.2666742 120.1666546 50
35835294 1229.898678495856 1979.38224189704 30.2660925 120.1666212 50
35835295 1255.814276920349 1803.518941445571 30.2645061 120.1668905 50
36154970 956.2211056678551 511.7595437491043 30.2528536 120.1637773 50
36154971 633.9842644943888 766.2757764175251 30.2551495 120.1604288 50
36154991 631.068398796041 908.8155089692768 30.2564353 120.1603985 50
36518112 746.3268920549168 1367.530051920131 30.2605732 120.1615962 50
36518380 722.7882534542048 1076.974258624795 30.2579522 120.1613516 50
52566893 1305.162657434914 1348.174446612497 30.2603986 120.1674033 50
52574351 957.2604241363869 336.7387553265521 30.2512748 120.1637881 50
52574369 950.9379034646533 371.6475761241643 30.2515897 120.1637224 50
52574390 950.9379034646533 399.7497865772425 30.2518432 120.1637224 50
52574575 1150.775748584079 417.4757962488391 30.2520031 120.165799 50
52574612 1151.689963899223 361.315718079414 30.2514965 120.1658085 50
52574629 548.0287779979873 357.32487162413 30.2514605 120.1595356 50
60167861 487.5462172432231 1749.099315757889 30.2640152 120.1589071 50
60167879 500.5184514375317 1520.623356208045 30.2619542 120.1590419 50
60167880 947.5216251723411 1433.412275481161 30.2611675 120.1636869 50
60167883 718.8523159300753 1516.45513879949 30.2619166 120.1613107 50
60167914 693.7450763100878 1381.97469895023 30.2607035 120.1610498 50
60167959 1608.114367066162 1347.265420476017 30.2603904 120.1705514 50
60168003 1008.841414688389 1086.541204433258 30.2580385 120.1643241 50
60168009 1086.16478392421 1088.991140728788 30.2580606 120.1651276 50
60168015 742.6026675496156 771.6190763935235 30.2551977 120.1615575 50
136468895 622.1187120035449 1375.799972628969 30.2606478 120.1603055 50
263990664 493.0700024269292 1699.169392332224 30.2635648 120.1589645 50
267771064 1163.218700222747 18.65720717750105 30.2484055 120.1659283 50
303474827 1271.760116724115 1349.682099718469 30.2604122 120.1670562 50
330039862 1257.161541599421 929.6233389582662 30.256623 120.1669045 50
330039863 1268.055138859115 690.028437757256 30.2544617 120.1670177 50
330039864 1285.271256788093 558.8404462331467 30.2532783 120.1671966 50
330039868 1276.321569995597 853.8970274741547 30.2559399 120.1671036 50
330039869 1282.249534581556 945.952552370302 30.2567703 120.1671652 50
330039878 1257.055685088782 1373.760206663186 30.2606294 120.1669034 50
330039885 1266.149721670071 1370.955528460411 30.2606041 120.1669979 50
330039892 1269.546753324531 1723.059042638607 30.2637803 120.1670332 50
330039899 1260.423846786463 1693.404836341415 30.2635128 120.1669384 50
330039906 1251.195083737757 1692.185411035125 30.2635018 120.1668425 50
330039908 1247.182159659768 1612.191110981817 30.2627802 120.1668008 50
330173371 984.6676370238467 1555.066578252 30.2622649 120.1640729 50
330179553 545.9116477876669 1074.103066314454 30.2579263 120.1595136 50
330179556 564.821469884412 1057.563224895366 30.2577771 120.1597101 50
330179558 591.6512836264964 1033.141461727762 30.2575568 120.1599889 50
330179559 631.7035378598719 1008.930326566505 30.2573384 120.1604051 50
330179561 673.2858998343686 988.8319803927129 30.2571571 120.1608372 50
330179563 728.1484422112658 972.3586530811891 30.2570085 120.1614073 50
332165886 750.926838599656 1378.017109548729 30.2606678 120.161644 50
1254131659 504.0790795161878 493.2575361561563 30.2526867 120.1590789 50
1256827902 383.2583077979005 524.4415669280379 30.252968 120.1578234 50
2499048720 559.8173439349716 99.23904851523503 30.2491324 120.1596581 50
2499048721 563.9457478425254 19.78794700609797 30.2484157 120.159701 50
2688190988 1309.772227301029 1246.297005164103 30.2594796 120.1674512 50
2688190996 1534.996388294203 1333.818485059385 30.2602691 120.1697916 50
2688191001 1594.237540878085 539.5624407188473 30.2531044 120.1704072 50
2688191002 1606.420662900844 877.5538784047665 30.2561533 120.1705338 50
2688191005 1318.115644988922 931.3194487018678 30.2566383 120.1675379 50
2688191006 1307.0103347104 1334.949224887983 30.2602793 120.1674225 50
2867827082 1272.645462084928 1670.523983332155 30.2633064 120.1670654 50
3387907263 1193.253079238315 2890.137745670048 30.2743081 120.1662404 50
3387907268 1203.809860325792 2539.807941027377 30.2711479 120.1663501 50
3387907277 1270.201139026214 1474.384965752918 30.2615371 120.16704 50
3387907282 1238.781002055868 2075.672498308601 30.2669611 120.1667135 50
3387907283 1238.193979589118 2045.541607573393 30.2666893 120.1667074 50
3387907284 1263.484062268706 1795.670276750838 30.2644353 120.1669702 50
3387907285 1262.974026355815 1752.524792298874 30.2640461 120.1669649 50
3387907286 1267.881919113543 1613.543564502531 30.2627924 120.1670159 50
3387907287 1266.84260064746 1488.508127929554 30.2616645 120.1670051 50
3387907288 1276.042493739387 1511.588523261508 30.2618727 120.1671007 50
3387908000 1245.469208854149 1334.971396257406 30.2602795 120.166783 50
3388725397 1255.140644580813 886.233969444057 30.2562316 120.1668835 50
3388725398 1261.405425338988 887.0099673668187 30.2562386 120.1669486 50
3388725399 1272.751318595566 696.6465914620452 30.2545214 120.1670665 50
3388725400 1275.484341229416 612.9496727524299 30.2537664 120.1670949 50
3388725401 1273.925363529067 586.8650568950065 30.2535311 120.1670787 50
3388725402 1280.91189322141 537.8995880290281 30.2530894 120.1671513 50
3388725403 1291.131858141567 392.2780351591782 30.2517758 120.1672575 50
3388725405 1296.424683663695 411.4784408815542 30.251949 120.1673125 50
3388725406 1307.395267474799 411.6558118355298 30.2519506 120.1674265 50
3388727479 1274.310296293466 1136.371356697576 30.258488 120.1670827 50
3388727480 1271.817856640121 1334.915967834201 30.260279 120.1670568 50
3388727481 1268.690277920497 1188.363217458447 30.258957 120.1670243 50
3388727482 1268.748017836504 1132.76850920332 30.2584555 120.1670249 50
3388727484 1287.11893406113 847.7777295768049 30.2558847 120.1672158 50
3388727485 1304.739231392361 538.6312432122382 30.253096 120.1673989 50
3388727486 1329.702121226004 128.095085521652 30.2493927 120.1676583 50
3390572587 1103.005592407715 926.6745468552972 30.2565964 120.1653026 50
3394764062 759.1643997769106 290.6001360334781 30.2508586 120.1617296 50
3439411265 497.5544691421038 1861.097987243981 30.2650255 120.1590111 50
3439411266 501.0862272664294 1729.433311282561 30.2638378 120.1590478 50
3439411267 514.0488381369145 1525.246086685192 30.2619959 120.1591825 50
3439411268 518.5333048545375 1391.630330234271 30.2607906 120.1592291 50
3439411269 534.1711984453143 1073.094269016627 30.2579172 120.1593916 50
3439411270 485.1885040572954 1861.297529566675 30.2650273 120.1588826 50
3439411271 521.4395472339588 1374.946374914989 30.2606401 120.1592593 50
3439411272 528.5608033912708 1232.00755771785 30.2593507 120.1593333 50
3439411274 525.0579152261729 1062.906524871364 30.2578253 120.1592969 50
3439425372 649.8723643821478 362.147144423971 30.251504 120.1605939 50
3614344346 1162.516197926432 29.96460546629601 30.2485075 120.165921 50
3614344357 1338.180265383763 539.7952400953232 30.2531065 120.1677464 50
3813795688 1306.914101518688 1314.418537014316 30.2600941 120.1674215 50
3866674834 1603.745380180553 1347.387363006081 30.2603915 120.170506 50
3866674835 1604.034079755689 1334.029113066438 30.260271 120.170509 50
3928504145 410.3575744797172 477.5712924510482 30.2525452 120.158105 50
3928504147 455.8854972972698 484.6550449087894 30.2526091 120.1585781 50
3928504148 428.9594503634733 482.1275088206309 30.2525863 120.1582983 50
3928504149 444.0776847199841 484.2559602626968 30.2526055 120.1584554 50
3928504151 546.7296299135468 499.0553492000424 30.252739 120.1595221 50
3928504152 497.7373122066016 488.9784619011908 30.2526481 120.159013 50
3928504153 452.6713087048596 492.3706813883938 30.2526787 120.1585447 50
3928504154 438.1497201340254 496.8049552265012 30.2527187 120.1583938 50
3928504155 416.4010188927921 502.6249396405157 30.2527712 120.1581678 50
3928504558 432.8472712905224 498.2239228554854 30.2527315 120.1583387 50
3930252471 899.0778366564409 779.9555112106323 30.2552729 120.1631835 50
3931988750 1311.591034617286 417.353853718069 30.252002 120.1674701 50
4176752089 1270.326242172257 1466.325673050427 30.2614644 120.1670413 50
4176752092 1306.06724943358 1545.366604229113 30.2621774 120.1674127 50
4183408765 1059.334970179677 1434.997528378352 30.2611818 120.1648488 50
4291103631 1423.442872902776 1346.666793507936 30.260385 120.1686324 50
4291103632 1422.596020817668 1433.00210515071 30.2611638 120.1686236 50
4291103633 1307.048827986105 1439.276602632612 30.2612204 120.1674229 50
4291103634 1361.978733597935 1617.65635348788 30.2628295 120.1679937 50
4291103635 1370.658967455597 1450.439887022625 30.2613211 120.1680839 50
4291103636 1307.347150880169 1449.597374993004 30.2613135 120.167426 50
4291103637 1427.388433748281 1451.226970629041 30.2613282 120.1686734 50
4291103638 1428.947411446181 1476.912501841077 30.2615599 120.1686896 50
4291103639 1427.388433748281 1525.578657223015 30.2619989 120.1686734 50
4291103672 1312.524496572732 1104.987783602295 30.2582049 120.1674798 50
4450379105 493.734011447539 1649.05101226752 30.2631127 120.1589714 50
4475232898 1161.70783911703 177.670267040776 30.2498399 120.1659126 50
4734564469 1318.250371458788 912.3961850941091 30.2564676 120.1675393 50
4813551917 1311.485178106648 1158.431869045933 30.258687 120.167469 50
4813551918 1280.796413391845 1182.365862091867 30.2589029 120.1671501 50
4813551919 1270.085659196649 1211.532298266683 30.259166 120.1670388 50
4813551920 1306.96221811332 1321.857031378598 30.2601612 120.167422 50
4813552522 1271.317444046157 1323.66399796861 30.2601775 120.1670516 50
4813552523 1298.320477533813 651.3172271441047 30.2541125 120.1673322 50
4813552524 1330.818426245947 691.8464900316276 30.2544781 120.1676699 50
4815879709 1561.219932931685 542.7107751438048 30.2531328 120.1700641 50
4815879715 1623.944727042812 536.9683905231242 30.253081 120.1707159 50
4815884922 1288.697158399332 931.6741906084086 30.2566415 120.1672322 50
4815884923 1304.517895054606 931.0866493246866 30.2566362 120.1673966 50
4815884924 1285.473346487995 914.0590377832232 30.2564826 120.1671987 50
4815884925 1308.232496240981 913.6710388229001 30.2564791 120.1674352 50
4815884927 1285.790916022359 930.7097360487226 30.2566328 120.167202 50
4815884928 1276.783489313856 953.036304827338 30.2568342 120.1671084 50
4815884929 1246.017738042745 1462.634140079889 30.2614311 120.1667887 50
4815884930 1112.532678345587 1459.13106374698 30.2613995 120.1654016 50
4815884931 1199.1906671432 1463.731622854704 30.261441 120.1663021 50
4815884932 1194.946783403633 1608.865405602178 30.2627502 120.166258 50
4815884933 1193.387805705733 1705.532575290409 30.2636222 120.1662418 50
4815884934 1153.479901258701 1705.920574251437 30.2636257 120.1658271 50
4815884935 1147.215120502975 1814.915025211355 30.2646089 120.165762 50
4815884936 1236.471405464572 1820.125296972929 30.2646559 120.1666895 50
4815884937 1257.70044747154 1852.816980850078 30.2649508 120.1669101 50
4820507717 513.8948650316443 1231.51978759618 30.2593463 120.1591809 50
4820507720 537.7703197996757 1232.539670578367 30.2593555 120.159429 50
4840058760 1426.32024532297 529.7183527964717 30.2530156 120.1686623 50
4866184453 1067.57253135938 1834.836000433287 30.2647886 120.1649344 50
4866184454 1083.604981033483 1757.391407836856 30.26409 120.165101 50
4866184455 1103.621484831245 1607.579466189029 30.2627386 120.165309 50
4866184456 1105.796354955123 1551.929329510696 30.2622366 120.1653316 50
4866184457 1095.470533526775 1540.633016906259 30.2621347 120.1652243 50
4866184458 1108.89506371552 1419.411055834591 30.2610412 120.1653638 50
4910855745 648.6598261729416 292.5733878909909 30.2508764 120.1605813 50
5033598150 1162.429588051198 35.36333386549995 30.2485562 120.1659201 50
5034020808 541.5426609020572 904.1262643845649 30.256393 120.1594682 50
5034020809 547.1819259128797 763.2493845219274 30.2551222 120.1595268 50
5034020810 551.0889934826787 637.0499510665703 30.2539838 120.1595674 50
5034020811 560.2696399343045 358.59972535292 30.251472 120.1596628 50
5034020812 562.3097835907655 296.1873210703111 30.250909 120.159684 50
5034020821 531.1879695120335 877.7977634656014 30.2561555 120.1593606 50
5034020822 531.8519785326433 847.5671015690469 30.2558828 120.1593675 50
5034020823 468.7807449352704 496.1619855202789 30.2527129 120.1587121 50
5034020824 526.7901126696449 495.0090743222581 30.2527025 120.1593149 50
5034020825 569.1904567700216 191.5606298409359 30.2499652 120.1597555 50
5034020826 556.8341150041396 489.466232023566 30.2526525 120.1596271 50
5034020827 556.5742853857823 499.0996919381837 30.2527394 120.1596244 50
5034020828 529.2633056851374 491.7387973658252 30.252673 120.1593406 50
5034020829 539.2330643083127 493.4349071094267 30.2526883 120.1594442 50
5034020830 643.8192966501465 490.0870303610703 30.2526581 120.160531 50
5034020831 762.3689650479459 498.5897504470904 30.2527348 120.1617629 50
5034020832 955.9516527330201 503.6891653615487 30.2527808 120.1637745 50
5034020833 1147.705909778013 519.164781059604 30.2529204 120.1657671 50
5034020834 1282.586350751324 526.0268198252282 30.2529823 120.1671687 50
5034020835 1305.393617096493 526.9912743856196 30.252991 120.1674057 50
5034020836 1338.892390999005 528.4102420138986 30.2530038 120.1677538 50
5034020837 1512.53556143528 531.0153778939806 30.2530273 120.1695582 50
5034020839 1622.934278533508 523.3884268906588 30.2529585 120.1707054 50
5034020840 1693.954373735447 517.2580433089499 30.2529032 120.1714434 50
5034020841 1908.419663936346 491.1290847133852 30.2526675 120.173672 50
5034020848 1259.92343419005 534.3410832736189 30.2530573 120.1669332 50
5034020849 1259.981174106056 526.0046484565102 30.2529821 120.1669338 50
5045917153 1219.986659788688 149.5791422713521 30.2495865 120.1665182 50
5045917154 1309.974317003379 128.771312282362 30.2493988 120.1674533 50
5046598052 1096.047932672151 993.7540243539007 30.2572015 120.1652303 50
5046598053 1019.638778756371 987.213470441035 30.2571425 120.1644363 50
5046598069 1105.815601592976 903.6274085778307 30.2563885 120.1653318 50
5046598071 1219.688336894625 928.758655559927 30.2566152 120.1665151 50
5046598075 1194.205787831613 586.8650568950065 30.2535311 120.1662503 50
5046598076 1142.307227745247 904.8690052521342 30.2563997 120.165711 50
5046598077 1176.412270752362 694.263169273375 30.2544999 120.1660654 50
5046598078 1187.979500351591 642.9253639037904 30.2540368 120.1661856 50
5046598079 1200.47056858734 530.7271500942991 30.2530247 120.1663154 50
5046598080 1126.140051601277 736.9430549730922 30.2548849 120.165543 50
5048683233 1503.354914983654 1500.513924348483 30.2617728 120.1694628 50
5048683236 1428.187169233859 1500.49175297906 30.2617726 120.1686817 50
5048683237 1501.47836775139 1463.033224725276 30.2614347 120.1694433 50
5048683238 1428.090936042147 1462.844768086941 30.261433 120.1686807 50
5054176416 1325.005941489553 793.834788326433 30.2553981 120.1676095 50
5054176417 1355.329020077809 916.5089740794581 30.2565047 120.1679246 50
5054176536 1150.987461605356 1356.078539731142 30.2604699 120.1658012 50
5054176562 1248.096374974911 1099.677740680785 30.258157 120.1668103 50
5054176576 1250.771657697652 1179.771811895439 30.2588795 120.1668381 50
5054176583 1248.827747230454 1083.525898222019 30.2580113 120.1668179 50
5054176586 1083.912927246472 1128.955033702012 30.2584211 120.1651042 50
5054176587 1116.815055360859 1340.580752664368 30.2603301 120.1654461 50
5054176588 1076.454854916944 1261.606335592541 30.2596177 120.1650267 50
5054176590 997.4281581968785 1253.048187083316 30.2595405 120.1642055 50
5054176593 994.7240055198077 1291.559855374479 30.2598879 120.1641774 50
5054176607 916.3613178179039 1306.115359250284 30.2600192 120.1633631 50
5054176608 845.2257427863992 1307.82255467895 30.2600346 120.1626239 50
5094966682 1305.181904075216 1367.807194034748 30.2605757 120.1674035 50
5126106712 1292.286656437215 1348.62895968109 30.2604027 120.1672695 50
5126106716 1419.275975717068 1346.522679607742 30.2603837 120.1685891 50
5126106717 1311.706514446852 1348.252046405126 30.2603993 120.1674713 50
5126109421 1250.280868420165 1165.559964242521 30.2587513 120.166833 50
5126109425 1248.086751655985 1268.590316888936 30.2596807 120.1668102 50
5181443892 1238.8291186505 1462.8004253488 30.2614326 120.166714 50
5181443894 1235.432086998489 1353.717288911894 30.2604486 120.1666787 50
5181443895 1240.301486478063 1335.026824680612 30.26028 120.1667293 50
5200235386 977.4309010369698 176.7058124810901 30.2498312 120.1639977 50
5200235392 970.7138242819102 300.7657088086121 30.2509503 120.1639279 50
5200235405 1303.622926374867 237.377764281252 30.2503785 120.1673873 50
5200235407 1216.012228986404 231.890350405765 30.250329 120.1664769 50
5200235408 1206.581376235348 371.9801466619871 30.2515927 120.1663789 50
5247236848 414.9960143001618 1371.221584890669 30.2606065 120.1581532 50
5247325965 581.9509779406048 1234.257951691392 30.259371 120.1598881 50
5247325967 622.8597075780141 1360.834298422713 30.2605128 120.1603132 50
5247370821 885.5763199113886 1164.251853459948 30.2587395 120.1630432 50
5247370822 1003.952768568514 1160.327521112228 30.2587041 120.1642733 50
5247370827 937.6288531030253 1084.434924359205 30.2580195 120.1635841 50
5248291554 1065.869203872687 1376.886369719426 30.2606576 120.1649167 50
5248291555 934.7033640857513 1381.996870318948 30.2607037 120.1635537 50
5248291559 693.4852466941792 1391.319931065166 30.2607878 120.1610471 50
5248291585 622.6672411921413 1367.186395697244 30.2605701 120.1603112 50
5248291586 746.6252149489794 1360.002872077451 30.2605053 120.1615993 50
5248291589 927.7168343958567 1346.278794546907 30.2603815 120.1634811 50
5248291590 1074.308854749844 1338.130816368133 30.260308 120.1650044 50
5248291591 1069.497195183828 1338.396872798391 30.2603104 120.1649544 50
5248291594 1245.671298554051 1329.772210180896 30.2602326 120.1667851 50
5248291595 1271.4617938325 1330.326494410836 30.2602376 120.1670531 50
5248291601 1271.942959788612 1357.508593043779 30.2604828 120.1670581 50
5248291603 1423.365886348917 1354.548715256451 30.2604561 120.1686316 50
5286152709 630.9529189689249 1151.348116588192 30.2586231 120.1603973 50
5286152710 752.8803723833312 1154.518622383278 30.2586517 120.1616643 50
5286152711 628.999385182801 1190.114755624549 30.2589728 120.160377 50
5286152846 679.2138644203274 1075.810261742415 30.2579417 120.1608988 50
5286152872 754.1698971488453 1118.844889349378 30.2583299 120.1616777 50
5286152874 753.5058881282356 1137.335811257262 30.2584967 120.1616708 50
5288969404 1494.973004020056 530.7049787255811 30.2530245 120.1693757 50
5288969405 1559.333762382942 528.7871552898627 30.2530072 120.1700445 50
5289133033 1081.054801461683 1179.771811895439 30.2588795 120.1650745 50
5289133036 1004.953593756443 1145.184475952701 30.2585675 120.1642837 50
5289133037 1001.017656232314 1202.076209305336 30.2590807 120.1642428 50
5289133043 543.8618808122797 890.0807019998526 30.2562663 120.1594923 50
5289133044 631.3474750498025 895.2244596531574 30.2563127 120.1604014 50
5289133045 733.2680479927196 900.124332244922 30.2563569 120.1614605 50
5289133046 831.5798762550031 902.6851253868626 30.25638 120.1624821 50
5289133047 1027.549147082784 908.8155089692768 30.2564353 120.1645185 50
5289133048 1104.612686700247 913.4825821845653 30.2564774 120.1653193 50
5289133049 1215.425206519654 915.8549186888765 30.2564988 120.1664708 50
5289330942 1328.277869995521 736.4996275895635 30.2548809 120.1676435 50
5289330948 1492.903990404367 544.007800242724 30.2531445 120.1693542 50
5290295994 781.0189575287824 706.3576511685865 30.254609 120.1619567 50
5290295995 635.3315291710123 696.5135632469161 30.2545202 120.1604428 50
5290296629 993.3478708839565 907.7401975631797 30.2564256 120.1641631 50
5290296631 1030.705595759187 871.0576672307473 30.2560947 120.1645513 50
5290737078 769.8174140585484 507.7686972938204 30.2528176 120.1618403 50
5290737079 767.6329206157436 641.5618246980117 30.2540245 120.1618176 50
5290737080 810.0717579918257 775.0667243032268 30.2552288 120.1622586 50
5290737081 841.7805945373079 903.0066102396213 30.2563829 120.1625881 50
5290737082 844.9081732544839 915.5445195197719 30.256496 120.1626206 50
5290737083 885.3934768468908 1082.140187647523 30.2579988 120.1630413 50
5290737088 943.220001519216 1351.44472356893 30.2604281 120.1636422 50
5290737089 932.7883235777815 1367.9623936193 30.2605771 120.1635338 50
5290737116 920.2780087041807 905.4565465358561 30.256405 120.1634038 50
5290737117 953.5939395446437 782.3389333993025 30.2552944 120.16375 50
5290741626 1115.68912702199 822.6575682797727 30.2556581 120.1654344 50
5290741633 949.9082083174966 697.3449895914731 30.2545277 120.1637117 50
5290741646 834.3898854427123 499.5209479536994 30.2527432 120.1625113 50
5290741675 632.2520670484682 850.7819501022742 30.2559118 120.1604108 50
5290741676 736.5880930933197 854.4734830735176 30.2559451 120.161495 50
5290741679 739.6579318944889 812.1594249654055 30.2555634 120.1615269 50
5292015736 1959.808188107373 499.709404591329 30.2527449 120.174206 50
5292015738 1957.556331429635 485.7968704217459 30.2526194 120.1741826 50
5292851471 1318.65455086104 905.2348328437392 30.256403 120.1675435 50
5292851472 1337.208310150165 559.9601003773852 30.2532884 120.1677363 50
5292851521 1143.558259232606 569.5381318695025 30.2533748 120.165724 50
5292851524 953.6228095014228 597.7733705384151 30.2536295 120.1637503 50
5292851526 1071.402612372871 521.2710611329519 30.2529394 120.1649742 50
5292917320 769.7019342289836 185.530017419869 30.2499108 120.1618391 50
5292919121 768.9513153355881 291.276362794187 30.2508647 120.1618313 50
5292919122 771.2320419701051 365.58370664861 30.251535 120.161855 50
5292919123 770.4621764388568 499.0886062538247 30.2527393 120.161847 50
5292919126 769.9713871638186 171.650740304068 30.2497856 120.1618419 50
5292919128 1162.246744989148 168.5578343016109 30.2497577 120.1659182 50
5293930239 1265.79365886245 813.4564500636195 30.2555751 120.1669942 50
5293930241 1268.613291369086 766.1094911486138 30.255148 120.1670235 50
5293930242 1131.471370401559 689.2967825740459 30.2544551 120.1655984 50
5297175873 527.223162031125 485.9077272681569 30.2526204 120.1593194 50
5300195692 1579.677459029097 1333.951513274515 30.2602703 120.1702559 50
5300520390 1666.77812050222 873.5741176345467 30.2561174 120.171161 50
5300532031 1321.570416559388 854.0300556892838 30.2559411 120.1675738 50
5322476767 1773.452613095147 507.5691549711267 30.2528158 120.1722695 50
5327837684 769.5575844426398 228.7309302957431 30.2503005 120.1618376 50
5327837823 959.7913570678861 329.9654020386211 30.2512137 120.1638144 50
5327837826 770.3082033360353 335.3752161214779 30.2512625 120.1618454 50
5334221061 971.8686225800068 279.858107658275 30.2507617 120.1639399 50
5334222471 1162.333354861934 104.8373192364279 30.2491829 120.1659191 50
5334222484 1162.304484902706 126.4765755706801 30.2493781 120.1659188 50
5360836233 1198.507411484738 2588.363239563609 30.2715859 120.166295 50
5360836234 1200.576425097978 2713.343247712675 30.2727133 120.1663165 50
5360836237 1210.767520058908 2496.728970682977 30.2707593 120.1664224 50
5460863338 513.6350354157356 1307.235013395228 30.2600293 120.1591782 50
5460863339 523.691403909248 1309.152836830241 30.2600466 120.1592827 50
5460863342 525.3562381202356 1526.299226721866 30.2620054 120.1593 50
5460863343 533.5360593814836 1392.007243510235 30.260794 120.159385 50
5460863344 533.5937992974902 1374.913117861207 30.2606398 120.1593856 50
5470239012 501.8368461573763 1478.719468430384 30.2615762 120.1590556 50
5470239013 512.5379770336457 1596.471610222221 30.2626384 120.1591668 50
5470239014 507.9669004456855 1632.843741386254 30.2629665 120.1591193 50
5470239015 504.877815004215 1694.624261647 30.2635238 120.1590872 50
5470239019 586.7530141876945 1529.49190388567 30.2620342 120.159938 50
5470239020 486.1123426938138 1833.439204173726 30.264776 120.1588922 50
5470240021 497.2176529747843 1807.720415908613 30.264544 120.1590076 50
5470240023 499.238549990944 1752.192221760346 30.2640431 120.1590286 50
5498653295 1263.840125078775 904.9798620985453 30.2564007 120.1669739 50
5498653296 1271.933336469686 1040.890355261149 30.2576267 120.167058 50
5498653297 1266.852223966386 1040.879269576084 30.2576266 120.1670052 50
5498653298 1257.556097685196 1028.585245358179 30.2575157 120.1669086 50
5498653299 1252.099675736423 1027.642962167211 30.2575072 120.1668519 50
5498653300 1276.850852546341 1039.47138763287 30.2576139 120.1671091 50
5498653301 1253.148617521432 1105.2981827714 30.2582077 120.1668628 50
5498653302 1263.811255121996 1123.766933310566 30.2583743 120.1669736 50
5498653303 1274.252556379908 1195.768454769652 30.2590238 120.1670821 50
5498653304 1264.061461418979 1216.332399697101 30.2592093 120.1669762 50
5498653305 1262.637210186047 1271.018081815747 30.2597026 120.1669614 50
5498653306 1256.237702962902 1213.494464440543 30.2591837 120.1668949 50
5498653307 1255.410097518096 1164.606595366488 30.2587427 120.1668863 50
5498653308 1254.823075051346 1266.284494492894 30.2596599 120.1668802 50
5498653309 1256.054859898405 1345.602567786197 30.2603754 120.166893 50
5498653310 1265.543452565468 1347.34302026794 30.2603911 120.1669916 50
5498653317 1321.97459596164 240.3598134380029 30.2504054 120.167578 50
5498653318 1325.16953791375 182.1267122483071 30.2498801 120.1676112 50
5498653428 1300.129661531144 292.0634463998981 30.2508718 120.167351 50
5498653429 1288.456575421276 453.9255272047955 30.2523319 120.1672297 50
5502556885 1258.59541614883 915.211948981949 30.256493 120.1669194 50
5570809275 1271.798610002269 1338.862471551343 30.2603146 120.1670566 50
5570809276 1422.932836987437 1382.451383387541 30.2607078 120.1686271 50
5570809278 1415.917437340763 1439.221174210112 30.2612199 120.1685542 50
5572840152 1467.508051211692 901.1553009121727 30.2563662 120.1690903 50
5572840153 1434.192120373677 915.7218904730423 30.2564976 120.1687441 50
5572840154 1489.275999090778 891.1005849827444 30.2562755 120.1693165 50
5572864935 1315.825295037927 1002.38977265505 30.2572794 120.1675141 50
5614646722 529.869574792189 918.493311622741 30.2565226 120.1593469 50
5634443202 516.9647038352621 1438.267805334785 30.2612113 120.1592128 50
5809807897 1366.771146526099 1525.290429423333 30.2619963 120.1680435 50
6176336220 1271.769740043041 651.494598097375 30.2541141 120.1670563 50
6453609447 411.4835028161375 759.5356801819659 30.2550887 120.1581167 50
6453609459 480.2036247457078 632.0946500516003 30.2539391 120.1588308 50
6453609472 506.6966223204728 1397.239686640528 30.2608412 120.1591061 50
6453609473 518.3312151521869 1397.627685601556 30.2608447 120.159227 50
6453609474 509.4296449543225 1369.636331993479 30.2605922 120.1591345 50
6453609475 521.622390296008 1369.481132408926 30.2605908 120.1592612 50
6494894727 500.19125858669 1374.968546284413 30.2606403 120.1590385 50
7314757893 1200.788138119255 522.4018009622546 30.2529496 120.1663187 50
7828890845 498.2665947597939 1778.953064377774 30.2642845 120.1590185 50
8086729612 443.9429582525666 760.6220772724221 30.2550985 120.158454 50
8943241597 525.4332246716464 1051.554783843722 30.2577229 120.1593008 50
8943241599 541.6485174102471 921.6416460484036 30.256551 120.1594693 50
8943241600 529.7733416029256 921.2758184560935 30.2565477 120.1593459 50
