26514776 26683664
26683664 1256827902
1256827902 26514803
26514803 26514800
26514800 26514781
26514781 26514796
26514796 26514788
5290737089 26882439
26870174 26882512
26882512 330173371
330173371 26882511
26882511 26882510
26882510 60167880
60167880 26882509
27446969 4820507717
4820507717 26882415
60168009 60168003
60168003 5247370827
5247370827 5290737083
5290737083 26882444
28583703 5286152872
5286152872 5286152874
5286152874 5286152710
5286152710 28583708
28583708 5248291586
5248291586 36518112
26882507 28583708
28583708 27446995
27446995 5247325965
5247325965 4820507720
4820507720 3439411272
136468895 5248291585
5248291585 5247325967
5247325967 27446995
27446995 5286152711
5286152711 5286152709
5286152709 27446994
26607138 5046598053
5046598053 60168003
60168003 5289133036
5289133036 5247370822
5247370822 5289133037
5289133037 5054176590
5054176590 5054176593
5054176593 28583723
26882437 4910855745
4910855745 3439425372
3439425372 5034020830
5034020830 28583756
3928504151 5034020824
5034020824 1254131659
1254131659 5034020823
5034020823 26514776
36154970 5292851524
5292851524 26592198
26592198 5290741633
5290741633 28583713
26607278 330179563
330179563 36518380
5200235386 5334221061
5334221061 5200235392
5200235392 5327837823
5327837823 52574351
52574351 52574369
52574369 52574390
52574390 5034020832
5034020832 36154970
28583717 5290296631
5290296631 5289133047
5289133047 26607138
28583723 5248291591
5248291591 26364494
60167914 5248291559
5248291559 60167883
3388727480 5570809275
330039868 330039869
330179553 330179556
330179556 330179558
330179558 330179559
330179559 330179561
330179561 330179563
2688191005 4815884923
4815884923 4815884922
4815884922 4815884927
2688190988 4813551917
2688190988 3813795688
3813795688 4813551920
3387907277 3387907288
3387908000 5248291594
5248291594 5126109425
5126109425 5054176576
5054176576 5126109421
5126109421 5054176562
5054176562 5054176583
5054176583 5498653299
5498653299 330039862
3388725406 330039868
330039868 5498653297
5498653297 35835271
35835271 5498653302
5498653302 5498653304
5498653304 5498653305
5498653305 5498653310
5498653310 330039885
330039885 330039899
330039899 35835295
35835295 35835293
35835293 35835291
35835291 5360836237
5360836237 3387907268
3387907268 5360836233
5360836233 32757223
32757223 5360836234
5360836234 32757185
32757185 3387907263
3388727479 3388727481
3388725397 330039863
330039863 6176336220
26683466 60167959
60167959 3866674834
3866674834 26683465
26683465 4291103631
4291103631 5126106716
5126106716 5126106717
5126106717 52566893
52566893 5126106712
5126106712 303474827
3928504145 3928504148
3928504148 3928504149
3928504149 3928504147
3928504147 5297175873
5297175873 26514771
3928504151 5034020829
5034020829 5034020828
5034020828 3928504152
3928504152 3928504153
3928504153 3928504154
3928504154 3928504558
3928504558 3928504155
3930252471 28583713
28583713 5290737117
5290737117 28583717
36154991 330179559
26607278 36154991
4815884927 330039862
26607278 5289133045
5289133045 5290741676
5290741676 5290741679
5290741679 60168015
4291103631 5248291603
5248291603 5570809276
4291103634 5809807897
5809807897 4291103635
4291103636 4291103635
4291103635 4291103637
4291103637 5048683238
5048683238 4291103638
4291103638 5048683236
5048683236 4291103639
36154971 60168015
60168015 29559135
29559135 5290737080
36154971 5290741675
5290741675 5289133044
5289133044 36154991
36154971 5034020809
28583744 26482520
26482520 5290737079
5290737079 26592198
26592198 26592197
28583744 5290295995
5290295995 36154971
26882439 5248291589
5248291589 5054176607
5054176607 26882507
26882507 26882469
26882469 5247370821
5247370821 26882462
26882462 26882444
26882439 5290737088
5290737088 26364494
26882508 5248291555
5248291555 5290737089
26882509 26882508
4813551917 4813551918
4813551918 5498653303
5498653303 4813551919
3614344357 3388727485
3388727485 3388725402
3388725402 5034020848
5034020848 5046598079
5046598079 26592055
26592055 5292851526
5292851526 26480116
26480116 36154970
36154970 5290737078
5290737078 26480117
3614344357 5292851472
5292851472 4813552524
4813552524 5289330942
5289330942 5054176416
5054176416 5300532031
5300532031 5292851471
5292851471 4734564469
4813552523 4813552524
4734564469 5054176417
5054176417 5572840153
5572840153 26202760
26202760 5572840152
5572840152 5572840154
5572840154 26202762
26202762 2688191002
2688191002 5300520390
5300520390 26202763
4815884924 4815884925
4815884925 4734564469
4815884927 4815884928
4815884928 5498653296
5498653296 3388727482
3388727482 3388727481
3388727481 4813551919
4815884929 5181443892
5181443892 4815884931
4815884931 4815884930
4815884931 4815884932
4815884932 4815884933
4815884933 4815884934
4815884934 4815884935
4815884935 4815884936
4866184453 4866184454
4866184454 4866184455
4866184455 4866184456
4866184456 4866184457
4866184457 4866184458
5034020831 26480117
26480117 26482520
26482520 5290295994
5290295994 29559135
29559135 5289133046
26480117 28583756
28583756 5034020827
26202735 5247236848
5247236848 6494894727
6494894727 26287350
36154991 5034020808
28583756 28583744
26683462 5290737089
26364494 5054176587
5054176587 5181443895
5181443895 3387908000
26683462 26364494
26364494 5248291590
5248291590 5054176588
5054176588 5289133033
5289133033 5054176586
5054176586 60168009
60168009 5046598052
5046598052 3390572587
3388727486 5498653318
5498653318 5498653317
5498653317 3931988750
3931988750 5034020835
5034020835 3388727485
3388727485 4813552523
4813552523 3388727484
3388727484 4815884924
4815884924 4815884927
26592145 267771064
267771064 3614344346
3614344346 5033598150
5033598150 5334222471
5334222471 5334222484
5334222484 5292919128
5292919128 4475232898
4475232898 52574612
52574612 52574575
52574575 5034020833
5034020833 26592055
26592055 5292851521
5292851521 26592197
26592197 5293930242
5293930242 5046598080
5046598080 5290741626
5290741626 5046598069
5046598069 5289133048
5289133048 3390572587
27448282 8086729612
8086729612 27448279
27448279 6453609447
26287349 5034020821
5034020821 5034020822
5034020822 27448282
27448282 26592037
26592037 3928504151
5034020810 28583744
5046598076 5046598077
5046598077 5046598078
5046598078 5046598075
5046598075 5046598079
5046598079 7314757893
7314757893 5200235408
5200235408 5200235407
5200235407 5045917153
5048683236 5048683233
5048683237 5048683238
5054176607 5054176608
26287353 3439411270
3439411270 5470239020
5470239020 60167861
60167861 263990664
263990664 4450379105
4450379105 60167879
60167879 5470239012
5470239012 6453609472
6453609472 26514742
5094966682 4291103633
5292015736 27271948
27271948 26480115
26480115 27271941
27271941 4815879715
4815879715 2688191001
2688191001 4815879709
4815879709 26480114
26480114 5289330948
5289330948 3614344357
26514771 5034020826
5034020826 5034020830
5034020830 5034020831
26514771 52574629
52574629 26882430
26882430 26607211
26607211 2499048720
2499048720 2499048721
2499048721 26592079
26592079 26287347
5290737089 26683469
26683469 332165886
332165886 60167914
60167914 26683467
26683467 5460863343
5460863343 3439411268
5289133046 5290737081
5290737081 5290737116
5290737116 5290296629
5290296629 5289133047
5289133047 5289133048
5289133048 5289133049
5289133049 5502556885
5290737080 3930252471
5460863342 5470239019
5470239019 32751792
32751792 32751786
32751786 60167883
60167883 32751780
32751780 32751749
32751749 60167880
35835294 330039906
330039906 330039878
330039878 5498653309
5498653309 5498653308
5498653308 5498653306
5498653306 5498653307
5498653307 5498653301
5498653301 35835270
35835270 5498653298
5498653298 5498653295
5498653295 330039864
330039908 4815884929
4815884929 26683461
5034020825 5034020812
5034020812 5034020811
5034020811 5034020826
5034020826 5034020827
5292919126 5292917320
5292917320 5327837684
5327837684 5292919121
5292919121 5327837826
5327837826 5292919122
5292919122 5292919123
5292919123 5290737078
5290737082 26202758
3928504151 26514771
4176752089 3387907277
3387907277 3387907287
3387907287 3387907286
3387907286 3387907285
3387907285 3387907284
3387907284 4815884937
4815884937 3387907283
3387907283 3387907282
303474827 5248291601
5248291601 4176752089
303474827 26683461
5034020808 8943241599
8943241599 3439411269
3439411269 3439411272
5034020808 26287349
26287349 5289133043
5289133043 5289133044
5289133044 5289133045
5289133045 5289133046
5502556885 4815884924
5502556885 3388725398
3388725398 5293930239
5293930239 5293930241
5293930241 3388725399
3388725399 3388725401
3388725401 3388725402
3388725402 5034020834
5034020834 5498653429
5498653429 3388725403
3388725403 5498653428
5498653428 5200235405
5200235405 5045917154
3439411268 6453609473
6453609473 5634443202
5634443202 3439411267
3439411267 5470239013
5470239013 5470239014
5470239014 5470239015
5470239015 3439411266
3439411266 5470240023
5470240023 7828890845
7828890845 5470240021
5470240021 3439411265
3439411268 26514742
26287350 6453609474
6453609474 5460863338
5460863338 27446969
26287350 3439411271
5034020831 5292919123
5292919123 5290741646
5290741646 5034020832
5034020832 5034020833
5034020833 7314757893
7314757893 5034020849
5034020849 5034020834
5034020834 5034020835
5034020835 5034020836
5034020836 4840058760
4840058760 5288969404
5288969404 5034020837
5034020837 5288969405
5288969405 5034020839
5034020839 5034020840
5034020840 5322476767
5322476767 5034020841
5034020841 5292015738
5034020831 26882436
26882436 3394764062
3394764062 26607215
26882444 26202758
3387907288 2867827082
2867827082 330039892
3387908000 3388727480
5570809275 303474827
3388727480 2688191006
2688191006 26480122
26480122 2688190996
2688190996 5300195692
5300195692 3866674835
3866674835 26202739
26202739 26304821
26683461 3387908000
26683461 5181443894
5181443894 5054176536
5054176536 26683462
5570809276 4291103632
4291103632 5570809278
5570809278 4291103633
4291103633 4291103636
4291103636 4176752092
4734564469 2688191005
2688191005 5572864935
5572864935 4291103672
4291103672 4813551917
4813551919 4813552522
4813552522 5248291595
5248291595 3388727480
26514742 26287350
26514742 26882404
3439411271 3439411268
3439411271 5460863344
5460863344 136468895
27446994 5286152846
5286152846 36518380
36518380 28583703
28583703 26882444
5502556885 3388725397
330039864 3388725405
136468895 26202736
26202736 36518112
36518112 26202737
26202737 26882439
5034020827 3928504151
5034020827 5034020810
5034020810 5034020809
5034020809 5289133043
5289133043 5034020808
330039862 5502556885
330039862 5046598071
5046598071 3390572587
26202758 26607278
26202758 5289133046
3390572587 26607138
26607138 5290737082
26865356 4183408765
4183408765 5248291554
5248291554 26683462
3439411272 5460863339
5460863339 6453609475
6453609475 3439411271
3439411272 27446969
27446969 3439411274
3439411274 8943241597
8943241597 8943241600
8943241600 5614646722
5614646722 26287349
330039869 5498653300
5498653300 3388727479
6176336220 3388725400
3388725400 330039864
3439411269 330179553
330179553 27446994
6453609459 26592037
