3604839183 66.19477546612561 416.8309154963602 23.0292575 113.7687915 50
3604839189 391.3261284747626 557.7753364830173 23.0305302 113.7719635 50
3604839696 235.8842316143544 428.4147816351809 23.0293621 113.770447 50
3604839697 375.8383140223724 593.6343790822453 23.030854 113.7718124 50
3604839704 14.87281189197468 208.487441619491 23.0273762 113.7682908 50
3604839707 373.9933063463421 596.4805106286186 23.0308797 113.7717944 50
3604839717 223.2971792348306 762.4753190023162 23.0323786 113.7703242 50
3604839720 368.6735342080721 601.0874784235153 23.0309213 113.7717425 50
3604839726 343.6019298746737 594.8747165653513 23.0308652 113.7714979 50
3604839727 340.9061686570178 587.1779795030345 23.0307957 113.7714716 50
3604839728 342.1054236466332 591.9289150423142 23.0308386 113.7714833 50
3604839731 347.0664442905669 598.9390367113231 23.0309019 113.7715317 50
3604839734 424.5362666772131 536.5677804065226 23.0303387 113.7722875 50
3604839746 119.4847472281292 545.0951006040648 23.0304157 113.7693114 50
3604839752 128.2485336961193 129.7592347530827 23.0266653 113.7693969 50
3604839765 132.0512995227839 532.4923858182688 23.0303019 113.769434 50
3604839767 351.545712932254 601.8626893508529 23.0309283 113.7715754 50
3604839772 457.244152788636 512.9681448974934 23.0301256 113.7726066 50
3604839774 370.3032909903694 570.1454879911053 23.0306419 113.7717584 50
3604839775 348.0709484713182 570.4002001530253 23.0306442 113.7715415 50
3604839777 353.3497204372422 567.5983663736667 23.0306189 113.771593 50
3604839778 377.9088226384823 583.8113491912437 23.0307653 113.7718326 50
3604839779 359.5509962444414 566.6016666098465 23.0306099 113.7716535 50
3604839783 344.6884343949012 573.7557560228861 23.0306745 113.7715085 50
3604839784 123.3080131357506 121.685966669027 23.0265924 113.7693487 50
3604839786 365.6190214960798 567.6758874664708 23.0306196 113.7717127 50
3604839998 308.6082842507999 355.755368883258 23.028706 113.7711565 50
3604840012 377.4783208497124 589.2599745647045 23.0308145 113.7718284 50
3604840020 0 483.9088095730734 23.0298632 113.7681457 50
3604840021 149.1688707535593 151.0000141553669 23.0268571 113.769601 50
3604840030 136.8585695275917 139.8480512468775 23.0267564 113.7694809 50
3604840031 371.0207939764341 599.481684360248 23.0309068 113.7717654 50
3604840033 9.430039241882298 201.0011189527839 23.0273086 113.7682377 50
3604840035 376.9555686725116 579.0936369781056 23.0307227 113.7718233 50
3604840037 373.9933063463421 573.6782349300819 23.0306738 113.7717944 50
3604840041 79.44808061823744 585.3285477201292 23.030779 113.7689208 50
3604840049 251.4437963650902 652.4728884480692 23.0313853 113.7705988 50
3604840050 282.2349244995291 488.6708195535786 23.0299062 113.7708992 50
3604840053 359.7149969273058 603.5681533904317 23.0309437 113.7716551 50
3604840054 343.099677783646 576.1589098969982 23.0306962 113.771493 50
3604840055 363.4050122832786 603.1251757178184 23.0309397 113.7716911 50
3604840061 172.8874694595204 789.0650538013972 23.0326187 113.7698324 50
3604840075 145.878607061661 338.6453562781724 23.0285515 113.7695689 50
3604840084 340.9369187830174 582.7149794518164 23.0307554 113.7714719 50
3604868727 393.3043867076577 413.4421363007098 23.0292269 113.7719828 50
3604868735 300.8285018760841 363.5296270380268 23.0287762 113.7710806 50
3604868736 326.0641068910427 377.6827636781456 23.028904 113.7713268 50
3604868760 371.5332961085923 408.8462429470384 23.0291854 113.7717704 50
3604868765 321.2260867589313 227.0039083355731 23.0275434 113.7712796 50
3604868792 294.5144755994971 276.9053431566785 23.027994 113.771019 50
3604869212 360.5350003390197 186.4382279647845 23.0271771 113.7716631 50
3604869214 132.2460503316478 134.4437236407837 23.0267076 113.7694359 50
3604869221 300.7157514066963 316.7733336925816 23.028354 113.7710795 50
3604869226 18.98307899558687 464.672504139303 23.0296895 113.7683309 50
3604869241 477.2727361360164 775.3216715077501 23.0324946 113.772802 50
3604869246 340.967668911625 392.6664834545464 23.0290393 113.7714722 50
3604869249 301.3717541368498 330.5499393109615 23.0284784 113.7710859 50
3604869253 424.2492654825264 416.0667790109525 23.0292506 113.7722847 50
3604869258 375.7153135118542 183.3706075819285 23.0271494 113.7718112 50
3604869281 302.0380069081339 298.8438123927915 23.0281921 113.7710924 50
3604869283 305.7690224351487 269.3193505122509 23.0279255 113.7711288 50
3604869288 407.3879453152221 415.8452901744698 23.0292486 113.7721202 50
3604869494 334.8586434902486 205.1318857496301 23.0273459 113.7714126 50
3604869497 18.23482588352265 211.8208486061969 23.0274063 113.7683236 50
3604869507 304.2315160360661 344.7695226023068 23.0286068 113.7711138 50
3604869514 310.8325435060357 249.1970897339582 23.0277438 113.7711782 50
3604869519 303.7907642022535 284.9453879142404 23.0280666 113.7711095 50
3604869522 390.0141230157595 183.8135852545418 23.0271534 113.7719507 50
3604869524 355.9224811456839 403.3754686900702 23.029136 113.7716181 50
3604869526 346.0619401111195 193.847029539392 23.027244 113.7715219 50
3604869527 402.1091733466901 186.2167391290062 23.0271751 113.7720687 50
4191907749 404.5384334571363 373.1754658592082 23.0288633 113.7720924 50
4191907752 344.7191845248129 273.8930949827671 23.0279668 113.7715088 50
4191907762 622.7208414062994 381.0493939902886 23.0289344 113.774221 50
4191907772 682.9808421737395 412.1021288405879 23.0292148 113.7748089 50
4191907780 391.920630949005 371.6693417719002 23.0288497 113.7719693 50
4191907783 646.0396884468821 388.4803444484034 23.0290015 113.7744485 50
4191911812 509.232369132767 408.6026052270483 23.0291832 113.7731138 50
4191911814 514.511141101299 363.5517759215342 23.0287764 113.7731653 50
4191911830 380.3483327926671 368.3691581113361 23.0288199 113.7718564 50
4191911836 465.6799378922015 411.6702256099043 23.0292109 113.7726889 50
4191911843 492.9553013972705 363.5517759215342 23.0287764 113.772955 50
4191911850 469.2059525666139 365.3015377284801 23.0287922 113.7727233 50
4191911874 417.7404883957716 373.1754658592082 23.0288633 113.7722212 50
4191911892 588.8547004763034 372.7435626281725 23.0288594 113.7738906 50
4191911894 343.8479308983183 33.33406986494469 23.0257946 113.7715003 50
4191911895 555.9725636395815 366.7855129312239 23.0288056 113.7735698 50
4191911913 717.2979849825906 449.279030015726 23.0295505 113.7751437 50
4191911914 536.9484844716485 365.3015377284801 23.0287922 113.7733842 50
4191911921 701.1541678013509 431.5931464366305 23.0293908 113.7749862 50
4191911927 357.0294857520845 239.3408365178716 23.0276548 113.7716289 50
4191911933 347.7941973203702 339.9410659705751 23.0285632 113.7715388 50
4191911935 341.1931698517045 325.9429715160647 23.0284368 113.7714744 50
4191911938 340.3116661827754 294.0042813194822 23.0281484 113.7714658 50
4191911939 338.9996607211643 310.6270184845875 23.0282985 113.771453 50
4191911947 343.1919281681648 6.844005041822925 23.0255554 113.7714939 50
4191911948 368.6017839084224 362.0456518345785 23.0287628 113.7717418 50
4191911951 662.3065061412481 395.9223693484481 23.0290687 113.7746072 50
4191911953 533.4224697972362 409.4774861303451 23.0291911 113.7733498 50
4191911959 442.8120927317779 415.1697492234439 23.0292425 113.7724658 50
4191911966 487.2357775962299 409.0455828996616 23.0291872 113.7728992 50
4191911972 558.934825965751 411.6702256099043 23.0292109 113.7735987 50
4191911974 338.7741597836928 0 23.0254936 113.7714508 50
4191911975 356.588733916968 352.1783241765621 23.0286737 113.7716246 50
4191919981 664.2130140718855 280.9142910937058 23.0280302 113.7746258 50
4191919982 516.9301511667027 539.8347407420018 23.0303682 113.7731889 50
4191919983 550.9397926959981 333.4071452996167 23.0285042 113.7735207 50
4191919984 497.7933215280779 313.052321242207 23.0283204 113.7730022 50
4191919985 500.2123315960896 197.8006052678268 23.0272797 113.7730258 50
4191919986 502.8568426015729 188.6088185608363 23.0271967 113.7730516 50
4191919987 716.5497318679184 205.0322157733185 23.027345 113.7751364 50
4191919988 628.6556161036809 513.377899243965 23.0301293 113.7742789 50
4191921489 583.3504275702999 554.0543240329951 23.0304966 113.7738369 50
4191921490 397.4966541533543 317.6371401539486 23.0283618 113.7720237 50
4191921491 415.6699797783576 191.909002222105 23.0272265 113.772201 50
4191921492 417.9557392921125 319.6083907973773 23.0283796 113.7722233 50
4191921493 821.4691684836286 499.6123680671627 23.030005 113.77616 50
4191921494 633.9343880696049 566.956048748078 23.0306131 113.7743304 50
4191921495 678.9423253684729 242.6410201791402 23.0276846 113.7747695 50
4191921496 620.2198309988115 510.5428421395216 23.0301037 113.7741966 50
4191921497 396.8406514232006 209.3844714069997 23.0273843 113.7720173 50
4191921498 685.1846013441061 535.681825061296 23.0303307 113.7748304 50
4191921499 692.6671324817008 359.4099346824059 23.028739 113.7749034 50
4191921500 446.7686091936562 453.2215313022311 23.0295861 113.7725044 50
4191921501 578.9531592706969 211.1342332139456 23.0274001 113.773794 50
4191921502 489.2140358278211 236.0738761827446 23.0276253 113.7729185 50
4191921503 652.8559668105846 539.6132519055191 23.0303662 113.774515 50
4191921504 776.6764820811015 543.3231899136115 23.0303997 113.775723 50
4191921505 640.3201646458416 485.5810502872151 23.0298783 113.7743927 50
4191921506 490.1672897963999 311.4686760624471 23.0283061 113.7729278 50
4191921507 393.0993858537513 301.6788694979394 23.0282177 113.7719808 50
4191921508 742.6770905968486 409.9979848957626 23.0291958 113.7753913 50
4191921509 458.8636595271948 221.4113152184337 23.0274929 113.7726224 50
4191921510 678.0608216995438 311.313633877191 23.0283047 113.7747609 50
4191921511 485.9135220921843 156.2492995758523 23.0269045 113.7728863 50
4191921512 634.1598890096844 230.8245907615548 23.0275779 113.7743326 50
4191921513 558.1968228935133 244.8337596586994 23.0277044 113.7735915 50
4191921514 706.3406893840602 370.4622276142315 23.0288388 113.7750368 50
4191921515 525.7246877646044 488.8812339484838 23.0299081 113.7732747 50
4191921516 691.7856288140757 547.9301577088605 23.0304413 113.7748948 50
4191921517 581.2901689966244 258.1673876044659 23.0278248 113.7738168 50
4191921518 632.3968816731303 431.7924863892537 23.0293926 113.7743154 50
4191921519 568.8363671700534 252.4751245113672 23.0277734 113.7736953 50
4191921520 677.2715684164375 510.0777155830486 23.0300995 113.7747532 50
4191921521 687.1628595783054 186.8590567538905 23.0271809 113.7748497 50
4191921522 708.9339501760668 372.9761259065851 23.0288615 113.7750621 50
4191921523 490.3210404342217 297.736368211082 23.0281821 113.7729293 50
4191921524 660.8304999967726 533.6662766505003 23.0303125 113.7745928 50
4191921525 655.8489792653618 495.4594523868092 23.0299675 113.7745442 50
4191921526 654.3934732096674 441.8480795576112 23.0294834 113.77453 50
4191921527 638.2599060721662 268.444469608954 23.0279176 113.7743726 50
4191921528 371.2462949139056 232.5854270104305 23.0275938 113.7717676 50
4191921529 715.3197267496954 302.5537504012362 23.0282256 113.7751244 50
4191921530 506.1573563346016 177.0249524216635 23.0270921 113.7730838 50
4191921531 393.0173855129711 313.7167877513031 23.0283264 113.77198 50
4191921532 586.4356904082916 199.1073894021594 23.0272915 113.773867 50
4191921533 502.4160907677604 226.2286974078834 23.0275364 113.7730473 50
4191921534 622.5055905099584 266.9051221969133 23.0279037 113.7742189 50
4191921535 395.4363955796788 231.7105461067814 23.0275859 113.7720036 50
4191921536 472.7217171972876 233.4492334725019 23.0276016 113.7727576 50
4191921537 465.2391860596929 228.6318512823478 23.0275581 113.7726846 50
4191921538 458.5664082900736 517.3204005308223 23.0301649 113.7726195 50
4191921539 693.6818867048868 465.2705239975247 23.0296949 113.7749133 50
4191921540 648.5919490665426 552.7475398986624 23.0304848 113.7744734 50
4191921541 482.3157571220343 484.517903873225 23.0298687 113.7728512 50
4191921542 497.3525696955694 453.2215313022311 23.0295861 113.7729979 50
4191921543 557.8380714017849 339.5091627398916 23.0285593 113.773588 50
4191921544 598.7459916381713 263.8485762559871 23.0278761 113.7739871 50
4191921545 676.5848155576763 350.7054234153957 23.0286604 113.7747465 50
4191921546 497.0553184584483 484.086000641837 23.0298648 113.772995 50
4191921547 470.4359576835327 533.5112344648919 23.0303111 113.7727353 50
4191921548 462.1641732615276 457.5959358190674 23.0296256 113.7726546 50
4191921549 549.0435348025791 234.9775064426128 23.0276154 113.7735022 50
4191921550 702.3431727485317 271.5010155505847 23.0279452 113.7749978 50
4191921551 646.6136908349514 557.121944415851 23.0305243 113.7744541 50
4191921552 499.7715797622772 203.7032827554786 23.027333 113.7730215 50
4191921553 700.8056663507531 365.1021977755047 23.0287904 113.7749828 50
4191921554 433.136052463643 433.5422481961995 23.0294084 113.7723714 50
4191921555 763.0439253510883 295.9866064041362 23.0281663 113.77559 50
4191921556 486.7130254203332 282.0106608331332 23.0280401 113.7728941 50
4191921557 465.905438832281 490.4095069192991 23.0299219 113.7726911 50
4191921558 558.4120737898542 228.8644145607604 23.0275602 113.7735936 50
4191921559 739.7353283529402 575.2508056682643 23.030688 113.7753626 50
4191921560 437.6973214435022 317.2052369232651 23.0283579 113.7724159 50
4191921561 593.6619704811112 163.0490068506604 23.0269659 113.7739375 50
4191921562 410.0939565753125 196.2169600880669 23.0272654 113.7721466 50
4191921563 490.2390400934416 290.5379810313798 23.0281171 113.7729285 50
4191921564 361.8675058841959 233.4492334725019 23.0276016 113.7716761 50
4191921565 618.5388240043416 227.535481542216 23.0275482 113.7741802 50
4191921566 532.1104643382331 234.3241143757988 23.0276095 113.773337 50
4191921567 585.328685800587 214.8552456636157 23.0274337 113.7738562 50
4191921568 587.0916931397492 557.1108699739212 23.0305242 113.7738734 50
4191921569 522.2089231352347 230.1601242528109 23.0275719 113.7732404 50
4191921570 679.1678263059445 325.7436315630894 23.028435 113.7747717 50
4191921571 676.8308165813208 533.7105744178673 23.0303129 113.7747489 50
4191921572 650.436956745181 233.0062557991841 23.0275976 113.7744914 50
4191921573 657.6939869453041 274.7790503276415 23.0279748 113.7745622 50
4191921574 420.9487517468896 402.2901733925727 23.0291262 113.7722525 50
4191921575 412.8922182212256 304.9569042753484 23.0282473 113.7721739 50
4191921576 495.7330629544025 544.2202197004157 23.0304078 113.7729821 50
4191921577 485.6162708563671 542.4704578938221 23.030392 113.7728834 50
4191921578 763.2694262898639 355.2570190013479 23.0287015 113.7755922 50
4191921579 635.4821445111221 517.0878372524098 23.0301628 113.7743455 50
4191921580 728.8702831415366 219.4622134592169 23.0274753 113.7752566 50
4191921581 394.5548919120538 221.6438784968463 23.027495 113.771995 50
4191921582 500.8785843686777 211.5772108862067 23.0274041 113.7730323 50
4191921583 570.5173741671315 220.1156055260309 23.0274812 113.7737117 50
4191921584 552.7848003733325 454.9712931088247 23.0296019 113.7735387 50
4191921585 670.1477887705711 289.4416112919524 23.0281072 113.7746837 50
4191921586 621.3985859035578 475.5254571188576 23.0297875 113.7742081 50
4191921587 442.3713408966613 199.7607814689735 23.0272974 113.7724615 50
4191921588 717.7387368177071 321.1366637678404 23.0283934 113.775148 50
4191921589 482.838509296627 276.3073232984568 23.0279886 113.7728563 50
4191921590 478.3592406549399 272.6084597322941 23.0279552 113.7728126 50
4191921591 558.0635723405604 153.6246568656096 23.0268808 113.7735902 50
4191921592 451.7398798813284 485.171295940039 23.0298746 113.7725529 50
4191921593 686.7221077431888 249.1860152920284 23.0277437 113.7748454 50
4191921594 554.3223067711111 335.134758222703 23.0285198 113.7735537 50
4191921595 446.4611079154045 474.0193330315496 23.0297739 113.7725014 50
4191921596 484.2940153536255 311.5351227136737 23.0283067 113.7728705 50
4191921597 433.4845539129368 195.840429066328 23.027262 113.7723748 50
4191921598 537.3789862630265 150.3355476459185 23.0268511 113.7733884 50
4191921599 695.0861425497126 259.906074969482 23.0278405 113.774927 50
4191921600 505.2758526669766 218.786672508191 23.0274692 113.7730752 50
4191921601 524.6279332006384 452.7785536296178 23.0295821 113.773264 50
4191921602 765.1656841806748 336.0317880098594 23.0285279 113.7756107 50
4191921603 597.2084852390885 465.9017671811836 23.0297006 113.7739721 50
4191921604 713.2594681760201 356.3644631830573 23.0287115 113.7751043 50
4191921605 689.5818696437091 538.7383710022223 23.0303583 113.7748733 50
4191921606 498.0188224681574 152.5282871254777 23.0268709 113.7730044 50
4191921607 404.0976816233238 320.2617828641913 23.0283855 113.7720881 50
4191921608 582.6944248401462 205.674533398555 23.0273508 113.7738305 50
4191921609 523.8899301284006 539.1924231167653 23.0303624 113.7732568 50
4191921610 366.4082747804902 232.3639381742999 23.0275918 113.7717204 50
4191921611 655.2749768785965 536.7781948007233 23.0303406 113.7745386 50
4191921612 615.5970617630411 573.0912895141423 23.0306685 113.7741515 50
4191921613 514.511141101299 234.9775064426128 23.0276154 113.7731653 50
4191921614 473.8184717599497 486.6884944689245 23.0298883 113.7727683 50
4191921615 478.0004891632116 539.6132519055191 23.0303662 113.7728091 50
4191921616 521.0301682291844 150.3576965297781 23.0268513 113.7732289 50
4191921617 601.1650017048789 221.854292891047 23.0274969 113.7740107 50
4191921618 451.6066293270717 457.1529581464542 23.0296216 113.7725516 50
4191921619 642.0729219386571 562.5816442308894 23.0305736 113.7744098 50
4191921620 399.0751607221749 242.3309358079234 23.0276818 113.7720391 50
4191921621 602.4872572063166 570.234083525487 23.0306427 113.7740236 50
4191921622 820.3519138334893 503.2337105415779 23.0300377 113.7761491 50
4191921623 558.719575070714 346.0763067362872 23.0286186 113.7735966 50
4191921624 752.2711305202913 392.2124313400033 23.0290352 113.7754849 50
4191921625 445.4463536922186 174.4003097114208 23.0270684 113.7724915 50
4191921626 750.9488750175497 258.1563131628884 23.0278247 113.775472 50
4191921627 692.3596312034491 523.4445668546045 23.0302202 113.7749004 50
4191921628 596.9932343427475 566.956048748078 23.0306131 113.77397 50
4191921629 390.4651248907026 309.331308792537 23.0282868 113.7719551 50
4191921630 716.1909803761901 309.2316388162254 23.0282859 113.7751329 50
4191921631 540.0234972672058 236.0738761827446 23.0276253 113.7734142 50
4191921632 674.6270574122582 299.2757156241794 23.028196 113.7747274 50
4191921633 691.7856288140757 543.5557531920241 23.0304018 113.7748948 50
4191921634 666.273272645561 533.2786711868316 23.030309 113.7746459 50
4191921635 717.5132358802357 336.4526167982609 23.0285317 113.7751458 50
4191921636 388.2613657216399 219.2296501808043 23.0274732 113.7719336 50
4191921637 675.641811632836 455.2149308291671 23.0296041 113.7747373 50
4191921638 758.5646567120093 279.3860181228904 23.0280164 113.7755463 50
4191921639 511.7846297550356 225.1434021103858 23.0275266 113.7731387 50
4191921640 574.3303900336224 459.3456976260134 23.0296414 113.7737489 50
4191921641 463.9271805980818 525.4047430561034 23.0302379 113.7726718 50
4191921642 706.9556919431716 196.7042355280473 23.0272698 113.7750428 50
4191921643 765.6884363552675 319.3869019608945 23.0283776 113.7756158 50
4191921644 634.815891738534 334.4813661555367 23.0285139 113.774339 50
4191921645 669.7890372788428 238.4770300561524 23.027647 113.7746802 50
4191921646 715.2377264089153 348.7120238884597 23.0286424 113.7751236 50
4191921647 584.0166803428879 416.4765333581287 23.0292543 113.7738434 50
4191921648 390.9058767258191 305.1783931114789 23.0282493 113.7719594 50
4191921649 509.6731209678835 150.5570364827536 23.0268531 113.7731181 50
4191921650 402.693425778498 300.5935742000896 23.0282079 113.7720744 50
4191921651 620.9578340697452 573.0802150718603 23.0306684 113.7742038 50
4191921652 510.7698755305456 543.3342643558937 23.0303998 113.7731288 50
4191921653 425.6535213247444 194.0795928178045 23.0272461 113.7722984 50
4191921654 416.2337321252965 191.820406687371 23.0272257 113.7722065 50
4191921655 660.7689997421654 179.6495951322584 23.0271158 113.7745922 50
4191921656 408.0541980878101 245.6864916784889 23.0277121 113.7721267 50
4191921657 503.4308449909463 544.4417085372507 23.0304098 113.7730572 50
4191921658 404.3231825607953 201.0786400452359 23.0273093 113.7720903 50
4191921659 446.4611079154045 465.060109603324 23.029693 113.7725014 50
4191921660 610.4002901352893 423.0436773548765 23.0293136 113.7741008 50
4191921661 696.7568995030521 190.3696548093598 23.0272126 113.7749433 50
4191921662 454.466391228896 213.9803647603189 23.0274258 113.7725795 50
4191921663 741.0473338132473 238.9089332871881 23.0276509 113.7753754 50
4191921664 495.8150632977907 233.8811367028332 23.0276055 113.7729829 50
4191921665 500.4378325361693 230.1601242528109 23.0275719 113.773028 50
4191921666 626.4621069757487 570.8874755923011 23.0306486 113.7742575 50
4191921667 660.3282479070489 234.9775064426128 23.0276154 113.7745879 50
4191921668 678.5015735346603 338.2134530474888 23.0285476 113.7747652 50
4191921669 821.3256678856332 496.3121844065986 23.0299752 113.7761586 50
4191921670 461.7234214277152 495.005400272266 23.0299634 113.7726503 50
4191921671 447.6501128625853 204.3566748226449 23.0273389 113.772513 50
4191921672 759.087408886602 374.0614212044349 23.0288713 113.7755514 50
4191921673 705.8589373792056 538.0739044931261 23.0303523 113.7750321 50
4191921674 510.9953764693211 485.1602214981092 23.0298745 113.773131 50
4191921675 480.5527497854802 235.6419729517089 23.0276214 113.772834 50
4191921676 469.5544540172117 162.5949547357651 23.0269618 113.7727267 50
4191921677 649.5554530762519 271.0580378779714 23.0279412 113.7744828 50
4191921678 625.7958542031607 171.5541781646953 23.0270427 113.774251 50
4191921679 589.6439537594097 187.9665009355999 23.0271909 113.7738983 50
4191921680 512.9736347022163 162.3734658996346 23.0269598 113.7731503 50
4191921681 688.9258669148595 565.2062869411321 23.0305973 113.7748669 50
4191921682 398.1629069272464 300.5824997578075 23.0282078 113.7720302 50
4191921683 710.0409547824675 286.1525020719092 23.0280775 113.7750729 50
4191921684 379.466829123738 234.9775064426128 23.0276154 113.7718478 50
4191921685 649.9962049113684 545.515929393523 23.0304195 113.7744871 50
