3604839777 3604839779
3604839779 3604839786
3604839786 3604839774
3604839774 3604840037
3604840037 3604840035
3604840035 3604839778
3604839778 3604840012
3604840012 3604839697
3604839697 3604839707
3604839707 3604840031
3604840031 3604839720
3604839720 3604840055
3604840055 3604840053
3604840053 3604839767
3604839767 3604839731
3604839731 3604839726
3604839726 3604839728
3604839728 3604839727
3604839727 3604840084
3604840084 3604840054
3604840054 3604839783
3604839783 3604839775
3604839775 3604839777
3604840033 3604839704
3604839704 3604869497
3604869497 3604840075
3604840075 3604839696
3604839696 3604840050
3604840050 3604839775
3604839726 3604840049
3604840049 3604839717
3604839717 3604840061
3604840041 3604839746
3604839746 3604839765
3604839765 3604839696
3604839696 3604868735
3604868735 3604839998
3604840037 3604839189
3604839189 3604839734
3604839734 3604839772
3604839784 3604839752
3604839752 3604869214
3604869214 3604840030
3604840030 3604840021
3604840021 3604868792
3604868792 3604869519
3604839720 3604869241
3604840075 3604839183
3604839183 3604869226
3604869226 3604840020
4191921654 4191921491
4191921491 3604869527
3604869527 3604869522
3604869522 3604869258
3604869258 3604869212
3604869212 3604869526
3604869526 3604869494
3604869494 3604868765
3604868765 3604869514
3604869514 3604869283
3604869283 3604869519
3604869519 3604869281
3604869281 3604869221
3604869221 3604869249
3604869249 3604869507
3604869507 3604839998
3604839998 3604868736
3604868736 3604869246
3604869246 3604869524
3604869524 3604868760
3604868760 3604868727
3604868727 3604869288
3604869288 3604869253
3604869253 4191911959
4191911959 4191911836
4191911836 4191911966
4191911966 4191911812
4191911812 4191911953
4191911953 4191911972
4191911972 4191921647
4191921647 4191921660
4191921660 4191921518
4191921518 4191921526
4191921526 4191921637
4191921637 4191921539
4191921506 4191921523
4191921523 4191921563
4191921563 4191921556
4191921556 4191921589
4191921589 4191921590
4191921590 4191921656
4191921656 4191921620
4191921620 4191921684
4191921684 4191921528
4191921528 4191921610
4191921610 4191921564
4191921564 4191911927
4191911927 4191907752
4191907752 4191911938
4191911938 4191911939
4191911939 4191911935
4191911935 4191911933
4191911933 4191911975
4191911975 4191911948
4191911948 4191911830
4191911830 4191907780
4191907780 4191907749
4191907749 4191911874
4191911874 4191911850
4191911850 4191911843
4191911843 4191911814
4191911814 4191911914
4191911914 4191911895
4191911895 4191911892
4191911892 4191907762
4191907762 4191907783
4191907783 4191911951
4191911951 4191907772
4191907772 4191911921
4191911921 4191911913
3604869526 4191911894
4191911894 4191911947
4191911947 4191911974
4191921654 4191921653
4191921653 4191921597
4191921597 4191921587
4191921587 4191921671
4191921671 4191921662
4191921662 4191921509
4191921509 4191921537
4191921537 4191921536
4191921536 4191921675
4191921675 4191921502
4191921502 4191921664
4191921664 4191921665
4191921665 4191921533
4191921533 4191921600
4191921497 4191921581
4191921581 4191921535
4191921535 4191921620
4191921549 4191921513
4191921513 4191921519
4191921519 4191921517
4191921517 4191921544
4191921544 4191921534
4191921534 4191921527
4191921527 4191921677
4191921677 4191921573
4191921573 4191919981
4191919981 4191921585
4191921585 4191921632
4191921632 4191921510
4191921510 4191921570
4191921570 4191921668
4191921668 4191921545
4191921514 4191921604
4191921604 4191921646
4191921646 4191921635
4191921635 4191921588
4191921588 4191921630
4191921630 4191921529
4191921529 4191921683
4191921683 4191921550
4191921550 4191921599
4191921599 4191921593
4191921593 4191921495
4191921495 4191921645
4191921645 4191921667
4191921667 4191921572
4191921572 4191921512
4191921512 4191921565
4191921565 4191921617
4191921617 4191921567
4191921567 4191921501
4191921566 4191921613
4191921613 4191921502
4191921561 4191921679
4191921679 4191921532
4191921532 4191921608
4191921608 4191921501
4191921501 4191921583
4191921583 4191921558
4191921558 4191921549
4191921549 4191921631
4191921631 4191921566
4191921566 4191921569
4191921569 4191921639
4191921639 4191921600
4191921600 4191921582
4191921582 4191921552
4191921552 4191919985
4191919985 4191919986
4191919986 4191921530
4191921530 4191921680
4191921680 4191921616
4191911895 4191921623
4191921623 4191921543
4191921543 4191921594
4191921594 4191919983
4191919983 4191919984
4191919984 4191921506
4191921506 4191921596
4191921596 4191921560
4191921560 4191921492
4191921492 4191921607
4191921607 4191921490
4191921490 4191921531
4191921531 4191921629
4191921629 4191921648
4191921648 4191921507
4191921507 4191921682
4191921682 4191921650
4191921650 4191921575
4191921575 4191921560
4191921528 4191921636
4191921636 4191921497
4191921497 4191921658
4191921658 4191921562
4191921562 4191921654
4191921654 4191921625
4191921625 4191921676
4191921676 4191921511
4191921511 4191921606
4191921606 4191921649
4191921649 4191921616
4191921616 4191921598
4191921598 4191921591
4191921591 4191921561
4191921561 4191921678
4191921678 4191921655
4191921655 4191921521
4191921521 4191921661
4191921661 4191921642
4191921642 4191919987
4191919987 4191921580
4191921580 4191921663
4191921663 4191921626
4191921626 4191921638
4191921638 4191921555
4191921555 4191921643
4191921643 4191921602
4191921602 4191921578
4191921578 4191921672
4191921672 4191921624
4191921624 4191921508
3604839772 4191921670
4191921670 4191921557
4191921557 4191921614
4191921614 4191921541
4191921541 4191921546
4191921546 4191921674
4191921674 4191921515
4191921515 4191921496
4191921496 4191919988
4191919988 4191921579
4191921579 4191921524
4191921618 4191921659
4191921659 4191921595
4191921595 4191921592
4191921592 4191921670
4191911874 4191921574
4191921574 3604869253
3604869253 4191921554
4191921554 4191921500
4191921500 4191921618
4191921618 4191921548
4191921548 4191921542
4191921542 4191921601
4191921601 4191921584
4191921584 4191921640
4191921640 4191921603
4191921603 4191921586
4191921586 4191921505
4191921505 4191921525
4191921525 4191921520
4191921520 4191921627
4191921627 4191921673
4191921673 4191921559
4191921559 4191921504
4191921504 4191921622
4191921622 4191921493
4191921493 4191921669
4191921669 4191921508
4191921508 4191921522
4191921522 4191921514
4191921514 4191921553
4191921553 4191921499
4191921499 4191921545
4191921545 4191921644
4191921681 4191921516
4191921516 4191921633
4191921633 4191921605
4191921605 4191921498
4191921498 4191921571
4191921571 4191921634
4191921634 4191921524
4191921524 4191921611
4191921611 4191921503
4191921503 4191921685
4191921685 4191921540
4191921540 4191921551
4191921551 4191921619
4191921619 4191921494
4191921494 4191921666
4191921666 4191921651
4191921651 4191921612
4191921612 4191921621
4191921621 4191921628
4191921628 4191921568
4191921568 4191921489
4191921489 4191921609
4191921609 4191919982
4191919982 4191921652
4191921652 4191921657
4191921657 4191921576
4191921576 4191921577
4191921577 4191921615
4191921615 4191921547
4191921547 4191921641
4191921641 4191921538
4191921538 3604839772
