107586 435.8657863666687 0 51.514391 -0.0836599 50
108418 384.7528382712072 237.6584448649109 51.5165271 -0.0843962 50
108420 385.9329552311733 374.9175729169586 51.5177608 -0.0843792 50
109760 265.1583971753776 330.2140650532178 51.517359 -0.086119 50
110146 157.6219746646097 541.3597027415977 51.5192568 -0.0876681 50
110238 442.5716274450614 220.8695963430921 51.5163762 -0.08356329999999999 50
10676799 327.0104096065274 658.0694582136382 51.5203058 -0.085228 50
20458273 324.0948265289642 58.52176489822974 51.514917 -0.08527 50
20458275 340.4429173567258 65.75354193037681 51.514982 -0.0850345 50
21523718 483.1051740876523 55.89607354518927 51.5148934 -0.08297939999999999 50
21990622 257.3279740527812 489.557927576893 51.5187912 -0.0862318 50
21990623 327.9822706323813 456.1137402601921 51.5184906 -0.085214 50
21990624 376.4503683646238 99.76514559788238 51.5152877 -0.0845158 50
21990625 390.5284695105694 124.3420616920749 51.5155086 -0.084313 50
21990626 424.6893845693438 184.5326982145233 51.5160496 -0.0838209 50
21990627 454.3242039934269 267.2753532606626 51.5167933 -0.083394 50
21990630 58.92948748911709 211.9578218775638 51.5162961 -0.0890898 50
25472800 0 614.1781345390813 51.5199113 -0.0899387 50
25477148 117.4563468389505 412.8120845604269 51.5181014 -0.0882467 50
25477149 177.3715790828623 397.9591271195311 51.5179679 -0.08738360000000001 50
25477150 213.3929138197002 427.8541807846884 51.5182366 -0.0868647 50
25477151 265.9289441315904 422.0910107814008 51.5181848 -0.0861079 50
25477152 302.6375234509972 385.0086833278241 51.5178515 -0.08557910000000001 50
25477153 183.5220710036249 359.5194507457065 51.5176224 -0.087295 50
25477154 228.8038529439601 329.145987214369 51.5173494 -0.0866427 50
25477156 304.4632338067095 365.9612952091181 51.5176803 -0.0855528 50
25477197 366.7109325126718 350.5297956061318 51.5175416 -0.0846561 50
25477228 704.5020576417082 424.5498149722317 51.5182069 -0.0797901 50
25477335 683.3849059227929 383.9517313002611 51.517842 -0.08009429999999999 50
25477339 669.8829795278887 365.2269916953961 51.5176737 -0.08028879999999999 50
25477371 626.9336640496032 291.3404820583561 51.5170096 -0.08090749999999999 50
25477773 172.8524253126389 615.4019737295615 51.5199223 -0.0874487 50
25477774 299.0277539263965 582.4806995220608 51.5196264 -0.0856311 50
25477858 210.4912144710787 513.5451756984169 51.5190068 -0.0869065 50
25477859 238.84873083261 597.2780279086509 51.5197594 -0.08649800000000001 50
25498015 66.87792230771049 403.6332906367788 51.5180189 -0.08897529999999999 50
26067234 191.3177848038693 417.9188317254544 51.5181473 -0.0871827 50
26067235 200.5782320073665 342.7194764118942 51.5174714 -0.0870493 50
26067236 176.5524390753566 378.0884289996477 51.5177893 -0.0873954 50
26067237 294.4322396469995 344.610864250505 51.5174884 -0.0856973 50
26067238 237.6616720081744 429.4451717313219 51.5182509 -0.0865151 50
26067239 291.21121453274 405.090771852937 51.518032 -0.08574370000000001 50
27351282 575.8276578186129 310.7661477452089 51.5171842 -0.0816437 50
27351284 560.4930792035285 323.8389754546901 51.5173017 -0.0818646 50
27459116 649.2517583218976 178.2799925337696 51.5159934 -0.080586 50
27459120 647.9536296659363 153.1356600880646 51.5157674 -0.0806047 50
27459165 681.9340562484808 194.7239409220067 51.5161412 -0.0801152 50
27459638 663.6700108268924 189.9732197025544 51.5160985 -0.0803783 50
28418497 702.1695911796586 180.8166774014779 51.5160162 -0.0798237 50
28419328 622.3173241767959 282.2506946200402 51.5169279 -0.080974 50
57786953 663.6422433690107 355.0802522302249 51.5175825 -0.0803787 50
149431715 61.41467496951583 589.9794960123278 51.5196938 -0.08905399999999999 50
213668839 231.4139939848252 141.8763395403169 51.5156662 -0.0866051 50
213668842 157.8857655144853 140.6191229181025 51.5156549 -0.0876643 50
213668844 138.5943241512789 162.9263736062452 51.5158554 -0.0879422 50
249467025 311.1621330206327 613.2435664314155 51.5199029 -0.0854563 50
249558409 692.6175856684059 401.4303800941973 51.5179991 -0.0799613 50
249559005 762.8900797021352 285.9889670549495 51.5169615 -0.07894900000000001 50
249679102 591.5787483019211 229.3029609417325 51.516452 -0.0814168 50
250325410 300.2564639376537 206.5618036318449 51.5162476 -0.08561340000000001 50
250325411 411.6733886873682 162.203195903809 51.5158489 -0.0840084 50
250327100 384.2807914872203 113.3608864165637 51.5154099 -0.08440300000000001 50
250327576 148.5558996662848 196.3371834897964 51.5161557 -0.08779869999999999 50
250327591 92.61141389943504 205.938758225319 51.516242 -0.08860460000000001 50
250327609 94.13168221844944 231.7283876994138 51.5164738 -0.0885827 50
250327619 154.6925078581066 231.6505070239519 51.5164731 -0.0877103 50
250327660 467.2221881794064 311.455948015911 51.5171904 -0.0832082 50
250549587 312.9253665961106 51.75727192168485 51.5148562 -0.0854309 50
250549636 326.9548746907642 195.2802314629411 51.5161462 -0.08522879999999999 50
250549699 144.4046647129923 146.693815624653 51.5157095 -0.08785850000000001 50
250549700 147.6118060983118 143.9012371086953 51.5156844 -0.0878123 50
251757321 522.2295222427545 338.3247811387249 51.5174319 -0.0824158 50
251757452 566.3311872231235 320.0228223457344 51.5172674 -0.08178050000000001 50
251757458 579.3541249695704 306.8053590937844 51.5171486 -0.0815929 50
251757533 611.2658759399392 258.1633142018983 51.5167114 -0.0811332 50
251892353 515.1835298053117 106.4517578989654 51.5153478 -0.0825173 50
252729234 498.4397527027376 79.1601439635693 51.5151025 -0.0827585 50
255051289 633.5700864832927 174.2858264506109 51.5159575 -0.08081190000000001 50
302013668 693.443667540382 324.6511596445816 51.517309 -0.0799494 50
338319877 465.6116756222767 310.9775381511462 51.5171861 -0.0832314 50
347335859 221.4385347408793 140.8416391346178 51.5156569 -0.0867488 50
347335878 151.068854604566 207.2182264693973 51.5162535 -0.08776249999999999 50
354886099 235.5374614802353 162.7817380658995 51.5158541 -0.0865457 50
475396924 453.2690405939273 259.3315243373651 51.5167219 -0.0834092 50
806373533 298.0975440873643 580.1554050609976 51.5196055 -0.0856445 50
806373565 401.5521502895436 421.2788265922169 51.5181775 -0.0841542 50
819157946 203.5562918651625 516.5268929977403 51.5190336 -0.0870064 50
819157975 190.9012729356464 491.1489185235266 51.5188055 -0.08718869999999999 50
835390894 487.9367117590406 207.4852459296403 51.5162559 -0.08290980000000001 50
914822492 89.2446096312969 343.5094089799219 51.5174785 -0.0886531 50
914822496 146.7648986329245 518.3849034039091 51.5190503 -0.0878245 50
914822508 148.4101205124071 523.3136375961491 51.5190946 -0.0878008 50
1014649631 484.9031169854823 58.64414881741931 51.5149181 -0.0829535 50
1014803718 639.7066946751162 174.6418523976016 51.5159607 -0.0807235 50
1014803721 685.3286279744997 193.2219564621208 51.5161277 -0.08006630000000001 50
1014803736 674.9227731333892 194.9798345709639 51.5161435 -0.0802162 50
1039290562 552.2044930258859 327.8998964027326 51.5173382 -0.081984 50
1039290578 607.5797459061639 292.886969761262 51.5170235 -0.0811863 50
1039290584 586.0738497769039 301.8321216592323 51.5171039 -0.0814961 50
1039290586 614.3411219003208 286.467376920422 51.5169658 -0.08108890000000001 50
1042862696 645.0866396396668 321.5136809943345 51.5172808 -0.080646 50
1150003513 404.9050708287409 408.617653881909 51.5180637 -0.0841059 50
1233327202 431.9019817540772 201.3660499800698 51.5162009 -0.083717 50
1255490314 403.6208259017195 403.6555422572272 51.5180191 -0.0841244 50
1280491924 301.3393947950349 263.6928421773848 51.5167611 -0.0855978 50
1280491926 308.3715035035378 268.4546892074152 51.5168039 -0.0854965 50
1309067471 94.19415899868312 467.8848481051465 51.5185964 -0.0885818 50
1312188614 251.975796546113 426.6970964597996 51.5182262 -0.08630889999999999 50
1312188622 187.1318405282255 353.9009162827646 51.5175719 -0.087243 50
1312188679 265.3735949739603 264.1823778527277 51.5167655 -0.0861159 50
1312188689 182.4183145528333 408.6399055037729 51.5180639 -0.0873109 50
1312188696 279.1740215410895 414.8926111831111 51.5181201 -0.0859171 50
1312188730 247.2136775194271 328.0000287007661 51.5173391 -0.0863775 50
1312188735 192.0536224377309 349.461717767283 51.517532 -0.0871721 50
1312188760 226.1659444452124 429.4562975426077 51.518251 -0.0866807 50
1312188774 304.3729895685942 373.359959402767 51.5177468 -0.08555409999999999 50
1312188843 300.5341385164709 354.3570745263733 51.517576 -0.0856094 50
1312188858 175.4556244890345 385.4759673827186 51.5178557 -0.08741119999999999 50
1312188945 214.330065523202 334.7422700554471 51.5173997 -0.0868512 50
1312188994 202.3484074473156 423.1702144315353 51.5181945 -0.0870238 50
1312189013 298.229439512302 394.6658871169448 51.5179383 -0.0856426 50
1312189073 280.7081735890447 334.7422700554471 51.5173997 -0.085895 50
1312189091 179.4541384239781 368.1530799389983 51.5177 -0.0873536 50
1312319838 217.0165670732425 287.7023419221881 51.5169769 -0.0868125 50
1312335310 83.22601313547119 324.4953982936579 51.5173076 -0.08873979999999999 50
1326821544 81.8862332926866 206.617432685443 51.5162481 -0.08875909999999999 50
1571298192 354.5696115539635 76.44544612378117 51.5150781 -0.084831 50
1685272862 160.0863365515972 140.4856131883348 51.5156537 -0.0876326 50
1722268367 304.1994429568357 270.2570705592783 51.5168201 -0.0855566 50
1722268381 310.4887721670056 273.1386555612759 51.516846 -0.085466 50
1722268384 307.4412936645055 278.7126867804902 51.5168961 -0.0855099 50
1722268388 313.7028554167947 281.8612912420231 51.5169244 -0.0854197 50
1723315608 87.77293436357451 449.9500410676016 51.5184352 -0.0886743 50
1723315711 121.8227795908232 551.1615420710641 51.5193449 -0.08818380000000001 50
1771458655 552.6557142164617 203.4131991710197 51.5162193 -0.08197749999999999 50
1771458658 590.9470386351173 210.1554405257008 51.5162799 -0.0814259 50
1771462115 169.8396561324918 533.9721643592347 51.5191904 -0.0874921 50
1771462117 142.4054077455213 549.815318962102 51.5193328 -0.0878873 50
1771462120 160.7527555407548 555.7565019395927 51.5193862 -0.08762300000000001 50
1782716888 433.984541095193 206.2280293074259 51.5162446 -0.083687 50
1787108646 435.6089373812627 209.7104080919624 51.5162759 -0.0836636 50
1787108647 450.4714692123628 216.4081462050389 51.5163361 -0.0834495 50
1787108648 429.1044103725101 219.9239024241406 51.5163677 -0.08375730000000001 50
1787108649 453.0121916085247 225.2309141831119 51.5164154 -0.0834129 50
1787108650 431.2494464938596 229.0136898603334 51.5164494 -0.08372640000000001 50
1939632502 634.7779709011404 164.1613386080113 51.5158665 -0.08079450000000001 50
1939632504 570.8086898065236 199.7083041678447 51.516186 -0.081716 50
1939632510 367.0649676006601 242.9098275716996 51.5165743 -0.084651 50
1939632512 348.1969799701478 251.2986889273199 51.5166497 -0.08492280000000001 50
1954751908 176.0734504268993 392.729996035314 51.5179209 -0.0874023 50
1954751910 249.3240043184245 495.9997720395968 51.5188491 -0.0863471 50
1954751912 236.9188925098432 501.8408227190541 51.5189016 -0.0865258 50
1954751920 25.99034057712959 604.8324534539313 51.5198273 -0.0895643 50
2003007012 395.5543793871292 133.3762200767928 51.5155898 -0.0842406 50
2036125650 7.19871345579179 612.2088660257164 51.5198936 -0.089835 50
2254629351 479.0719508303567 348.3602624959923 51.5175221 -0.0830375 50
2387232555 313.3974133800984 278.9797062407332 51.5168985 -0.0854241 50
2387232556 311.9465637057872 276.1426244810477 51.516873 -0.08544499999999999 50
2387232557 310.3568767420678 280.3815584040011 51.5169111 -0.0854679 50
2387232559 294.6821467679342 269.255747586021 51.5168111 -0.0856937 50
2387232561 301.4782320844422 274.3736205623343 51.5168571 -0.0855958 50
2387232563 282.3811629264073 272.6046166429131 51.5168412 -0.0858709 50
2402557597 330.1342486182012 300.4525211178282 51.5170915 -0.08518299999999999 50
2402557599 305.3726180523305 277.1550732662985 51.5168821 -0.0855397 50
2402557839 360.1855799105072 352.2097930388053 51.5175567 -0.08475009999999999 50
2496836226 403.6833026819523 416.038569696714 51.5181304 -0.0841235 50
2496836231 399.8652772232403 423.3927306480506 51.5181965 -0.0841785 50
2496836262 277.0706366065625 531.5022343578257 51.5191682 -0.08594739999999999 50
2624005734 128.8548882993269 461.9992941826693 51.5185435 -0.08808249999999999 50
2642612586 146.6121776145772 187.9483221348838 51.5160803 -0.08782669999999999 50
2872704413 536.085483725647 137.4482668354134 51.5156264 -0.0822162 50
2914561272 690.9168288731616 191.6420913260653 51.5161135 -0.0799858 50
2934411661 598.2012870066706 223.7623071556679 51.5164022 -0.0813214 50
2934411667 598.8329966734761 234.7879856749068 51.5165013 -0.0813123 50
2934411668 620.7206953486078 171.6712609095639 51.515934 -0.080997 50
2935392676 666.9326871279751 192.8214272721102 51.5161241 -0.08033129999999999 50
2987912733 119.9623599127604 203.3798217378701 51.516219 -0.0882106 50
3093894065 371.0079466198404 355.5809137168536 51.517587 -0.08459419999999999 50
3093894066 476.2119026685568 341.8961664114245 51.517464 -0.08307870000000001 50
3093897988 358.227974129857 339.671004247687 51.517444 -0.0847783 50
3093897989 343.2890817895841 318.3873281546654 51.5172527 -0.0849935 50
3093897991 327.6490611378025 297.6154393595582 51.517066 -0.0852188 50
3247825561 100.8722326191951 487.8445527110698 51.5187758 -0.0884856 50
3247825562 102.1356519528052 491.5828251459791 51.5188094 -0.0884674 50
3320743081 175.9415550019623 391.1835083317004 51.517907 -0.0874042 50
3334162601 404.4469077736948 153.6696990071352 51.5157722 -0.08411250000000001 50
3499556266 549.5527007981974 157.4524746850644 51.5158062 -0.0820222 50
3528711693 643.5941387785314 175.9324464522579 51.5159723 -0.0806675 50
3528711722 621.5606609495238 179.2145606428508 51.5160018 -0.0809849 50
3528738438 669.0846651137933 193.7448695706133 51.5161324 -0.08030030000000001 50
3528738439 603.9560926526208 245.301876896939 51.5165958 -0.08123850000000001 50
3528738440 608.0101415033276 251.9996150078923 51.516656 -0.08118010000000001 50
3550836102 569.2051191138635 317.3415019376804 51.5172433 -0.0817391 50
3661703766 212.9972275448886 512.3880913735281 51.5189964 -0.0868704 50
3673602988 658.8801243423248 347.6148331716922 51.5175154 -0.0804473 50
3706494694 527.9704441597646 125.0874910170827 51.5155153 -0.08233310000000001 50
3735886877 701.1560789669822 417.0287668601009 51.5181393 -0.0798383 50
3741078112 220.0918130336243 298.5277558467755 51.5170742 -0.0867682 50
3741117629 163.786350314314 302.1102669300533 51.5171064 -0.0875793 50
3741117630 316.2435778129566 257.7294075801535 51.5167075 -0.0853831 50
3741131600 92.76413491778322 463.6792916160505 51.5185586 -0.0886024 50
3741131603 79.67872039110352 443.1076674148871 51.5183737 -0.08879090000000001 50
3741131605 124.0233506279368 559.7061647790237 51.5194217 -0.0881521 50
3741131606 103.1213967076007 494.2641455526175 51.5188335 -0.0884532 50
3741131607 100.7958721100205 570.7540949208342 51.519521 -0.0884867 50
3741131608 74.46538017384262 584.4388422248477 51.519644 -0.088866 50
3785895379 128.334248464047 411.1098355051818 51.5180861 -0.08809 50
3787645606 305.5531065285603 202.267240656709 51.516209 -0.0855371 50
3787645607 299.8191264760197 209.4990176881484 51.516274 -0.08561970000000001 50
3787645608 300.6104990256454 213.4264289064233 51.5163093 -0.0856083 50
3787645609 302.8596631140511 203.2463120081024 51.5162178 -0.0855759 50
3787645610 300.7215688571711 205.3824676850923 51.516237 -0.08560669999999999 50
3858880674 695.4429245078546 406.6928886108564 51.5180464 -0.07992059999999999 50
3858880675 686.3421401871759 389.4478818440134 51.5178914 -0.0800517 50
3858880676 652.7921092017959 336.2998835703465 51.5174137 -0.080535 50
3858880677 645.5170352368297 322.3369909948041 51.5172882 -0.0806398 50
3858880678 705.8210118910824 177.4233051015658 51.5159857 -0.0797711 50
3870640530 95.58947375723193 321.8474553194613 51.5172838 -0.08856169999999999 50
3870640547 103.0658617918383 320.156332075502 51.5172686 -0.088454 50
3870640548 98.69248717549431 321.2800389665334 51.5172787 -0.088517 50
3876429831 613.2304235850597 174.8532428028311 51.5159626 -0.08110489999999999 50
3892081362 381.4485107833037 231.4168649975663 51.516471 -0.0844438 50
3892081363 364.5034196110886 235.4444085124591 51.5165072 -0.0846879 50
3892081372 208.2975852984363 290.0610138149856 51.5169981 -0.0869381 50
4144358216 571.5653530337956 190.4627553793127 51.5161029 -0.0817051 50
4144358217 578.1115312293706 197.9726776808654 51.5161704 -0.0816108 50
4401149223 161.6760235153165 560.1511972113466 51.5194257 -0.0876097 50
4401149224 157.594207206729 532.9597155746916 51.5191813 -0.0876685 50
4401149225 148.7433300069859 508.4940575884029 51.5189614 -0.087796 50
4401149228 141.8361748589495 482.459660275929 51.5187274 -0.0878955 50
4401149234 104.1765601070994 385.5204706257385 51.5178561 -0.088438 50
4556931601 218.8145099710724 510.9083585347984 51.5189831 -0.08678660000000001 50
4556931602 247.144258874723 491.5383219015437 51.518809 -0.0863785 50
4556931603 217.4955557216999 505.4567112347738 51.5189341 -0.0868056 50
4556931604 252.0729826486988 492.2169963616676 51.5188151 -0.0863075 50
4726152850 442.71740659894 10.39150730355035 51.5144844 -0.0835612 50
4749090120 336.3958103704903 308.986018014502 51.5171682 -0.0850928 50
4807521484 115.9013691975832 439.8366790348723 51.5183443 -0.0882691 50
4826555771 101.3026282163595 378.8894873782535 51.5177965 -0.0884794 50
4826555772 131.1804128969053 469.0864356723475 51.5186072 -0.088049 50
4826555773 350.6960511794881 250.1861078454512 51.5166397 -0.0848868 50
4827019220 505.457977682298 204.5369060627588 51.5162294 -0.08265740000000001 50
4827050921 536.0507744032949 207.5631266043945 51.5162566 -0.0822167 50
4835108998 396.9844034680291 136.3913148071426 51.5156169 -0.08422 50
4835108999 381.989976211993 109.6671172246744 51.5153767 -0.084436 50
4992781180 88.44629521720344 341.3398758711979 51.517459 -0.0886646 50
4992781187 134.7485312346843 460.4305548571919 51.5185294 -0.0879976 50
5006764037 224.2361061224455 322.7931492384128 51.5172923 -0.08670849999999999 50
5006764038 219.9738013376282 306.3937040939034 51.5171449 -0.0867699 50
5006764039 224.8955832471318 304.9696003094794 51.5171321 -0.086699 50
5006764040 228.956573962309 321.3912970758527 51.5172797 -0.0866405 50
5006781415 70.11283115090993 413.5018848311289 51.5181076 -0.0889287 50
5160943793 580.3745790467162 210.1999437687207 51.5162803 -0.0815782 50
5160943794 588.8228281071782 205.1933289003112 51.5162353 -0.0814565 50
5160943797 594.5012732439556 192.3207657861893 51.5161196 -0.08137469999999999 50
5160943798 591.0164572798205 183.7316398359175 51.5160424 -0.08142489999999999 50
5160943803 564.7206746659938 180.1825061843739 51.5160105 -0.08180369999999999 50
5160943806 562.8949643102823 201.2547918714583 51.5161999 -0.08183 50
5160943807 558.3341593532381 194.0563922731685 51.5161352 -0.0818957 50
5238500312 115.325194446541 316.7073307212842 51.5172376 -0.08827740000000001 50
5238500313 119.9831855061708 315.305478558724 51.517225 -0.08821030000000001 50
5257738379 601.2348817802308 295.5237869255883 51.5170472 -0.08127769999999999 50
5257738381 615.4032271642908 265.7511171782051 51.5167796 -0.0810736 50
5257738384 612.9180396838922 288.5924067861261 51.5169849 -0.0811094 50
5257738387 625.7049540383451 287.9471097591518 51.5169791 -0.0809252 50
5257738389 612.7028418853095 260.3550989324862 51.5167311 -0.0811125 50
5257738390 629.0925838998944 295.0898803038435 51.5170433 -0.0808764 50
5492419692 302.2904302274792 218.1882759357459 51.5163521 -0.0855841 50
5492419693 312.1756452333098 247.3379002758954 51.5166141 -0.0854417 50
5565455857 261.8401859585316 252.4335216310526 51.5166599 -0.0861668 50
5565455858 268.851469073624 276.7879215094375 51.5168788 -0.0860658 50
5927671113 159.9822085845419 551.9180972073577 51.5193517 -0.08763410000000001 50
5927671119 145.8624562517739 547.8905536910493 51.5193155 -0.0878375 50
5927671120 155.1159615908016 526.1173419219772 51.5191198 -0.0877042 50
5927671121 150.2635983260003 527.608200571285 51.5191332 -0.08777409999999999 50
5927671155 144.9183626838009 495.8551364999589 51.5188478 -0.0878511 50
5927671156 153.810891070369 535.8301747661112 51.5192071 -0.087723 50
5938625468 128.5286206692177 557.2807380213424 51.5193999 -0.0880872 50
5938625692 166.9448986483406 535.7856715216758 51.5192067 -0.08753379999999999 50
6014339453 19.38168560131999 607.858673995567 51.5198545 -0.0896595 50
6280047275 595.4175993540453 181.4508486171664 51.5160219 -0.0813615 50
6280047276 563.346185500858 178.1576086152878 51.5159923 -0.08182349999999999 50
6280047277 579.395776156392 208.3085559294022 51.5162633 -0.08159230000000001 50
6280047278 585.5185006192738 201.1324079522687 51.5161988 -0.0815041 50
6280047279 589.7738635396216 207.2849813342812 51.5162541 -0.0814428 50
6280047280 562.5131617644097 176.8447629387675 51.5159805 -0.08183550000000001 50
6280047281 555.2866808507372 202.9125376836834 51.5162148 -0.0819396 50
6304787861 698.3376819920048 412.144535910881 51.5180954 -0.0798789 50
6332545601 474.5389133311934 338.6251780314097 51.5174346 -0.0831028 50
6467134931 322.6231512612418 643.0941168535528 51.5201712 -0.0852912 50
6969936106 730.2077817755528 154.737776845984 51.5157818 -0.0794198 50
6995618979 639.9913111184021 161.2463761735717 51.5158403 -0.0807194 50
7151566952 464.3760237465482 306.16006206681 51.5171428 -0.0832492 50
7636180236 458.9197182728239 214.2719905273413 51.5163169 -0.08332779999999999 50
7636180237 454.8587275576467 215.3511941774759 51.5163266 -0.0833863 50
7636180239 449.9647131060238 246.9373710873002 51.5166105 -0.0834568 50
7636180240 433.1237499008657 204.2587607926455 51.5162269 -0.08369939999999999 50
7636180241 418.0807295935359 231.5615005379119 51.5164723 -0.08391609999999999 50
7636180242 425.1544894888594 230.0372644554545 51.5164586 -0.08381420000000001 50
7636244312 112.7289371346167 440.8380020088373 51.5183533 -0.0883148 50
7636244313 92.8057861046064 447.3132239032753 51.5184115 -0.08860179999999999 50
7636244314 105.4191538472992 443.1410448480367 51.518374 -0.0884201 50
7636278191 111.2989130537176 395.5782036048698 51.5179465 -0.08833539999999999 50
7636278193 117.8242656558814 432.4268890306453 51.5182777 -0.0882414 50
7636278194 109.1816443902497 389.5035108990269 51.5178919 -0.0883659 50
7636278195 120.087313473227 438.5238333583521 51.5183325 -0.0882088 50
7636278196 122.0935123051691 444.3760098483874 51.5183851 -0.08817990000000001 50
7636278197 102.9200826379597 391.2168857634346 51.5179073 -0.0884561 50
7636278198 125.0021535182611 452.6647389073897 51.5184596 -0.08813799999999999 50
7636278199 123.8289784227662 430.2462301099278 51.5182581 -0.08815489999999999 50
7636278200 128.1259925299357 442.3177348475671 51.5183666 -0.088093 50
7636278201 105.0998280816621 397.7032334698662 51.5179656 -0.08842469999999999 50
7644884069 178.2184865482487 400.7962088770934 51.5179934 -0.0873714 50
7840826007 172.9773788731072 532.2476636828335 51.5191749 -0.08744689999999999 50
7840826008 138.6498590670421 551.8958455847861 51.5193515 -0.0879414 50
8043350325 446.757571720706 15.29798987321868 51.5145285 -0.08350299999999999 50
8043350341 438.3648575760065 4.77297284060842 51.5144339 -0.0836239 50
8236052983 304.1786173634228 262.5580094736522 51.5167509 -0.08555690000000001 50
8236052987 307.7883868880251 261.1116540680721 51.5167379 -0.08550489999999999 50
8236052988 284.449838538584 271.9481938039453 51.5168353 -0.0858411 50
8236052990 298.7014862962881 264.8054232592536 51.5167711 -0.0856358 50
8236052991 302.3112558208896 270.8801159658042 51.5168257 -0.0855838 50
8318757605 449.2219336076918 17.99043609255842 51.5145527 -0.0834675 50
8672066581 451.1934231172819 251.8104762245266 51.5166543 -0.0834391 50
8784159562 323.8379775435608 646.8768925321897 51.5202052 -0.08527369999999999 50
8868010202 169.3120744327424 140.4299841347368 51.5156532 -0.0874997 50
8868010205 227.4987824235275 141.0864069722892 51.5156591 -0.0866615 50
8868010216 190.6305402213022 140.2964744049692 51.515652 -0.0871926 50
8868010218 154.046914462362 141.2644199457845 51.5156607 -0.08771959999999999 50
8868010279 141.5237909577828 151.7894369791025 51.5157553 -0.08790000000000001 50
8868010280 140.2673134886423 154.5931413042229 51.5157805 -0.0879181 50
8868010281 138.6845683893942 159.6108819832104 51.5158256 -0.0879409 50
8868010287 77.0963468081207 207.3739878210288 51.5162549 -0.08882809999999999 50
8868194757 364.489535882147 86.34741775269639 51.5151671 -0.0846881 50
8868194778 347.3153631824101 70.42638247295177 51.515024 -0.0849355 50
8869040027 383.2048024943111 175.4429107762074 51.5159679 -0.08441849999999999 50
8869040028 369.8000622019935 181.0058161848436 51.5160179 -0.0846116 50
8898783674 75.76350882980404 430.9805336243575 51.5182647 -0.0888473 50
8931055473 118.2685449819858 439.0912497112799 51.5183376 -0.08823499999999999 50
8931055477 154.7063915870483 542.9840711206732 51.5192714 -0.0877101 50
