1312335310 4992781180
4992781180 914822492
914822492 4826555771
4826555771 4401149234
1312319838 3892081372
3892081372 3741117629
25472800 2036125650
2036125650 6014339453
6014339453 1954751920
1954751920 149431715
149431715 3741131608
3741131608 3741131607
3741131607 3741131605
3741131605 5938625468
3741131605 1723315711
1723315711 3741131606
3741131606 3247825562
3247825562 3247825561
3247825561 1309067471
1309067471 3741131600
3741131600 1723315608
1723315608 7636244313
7636244313 7636244314
110146 5927671113
5927671113 1771462120
1771462120 4401149223
4401149223 25477773
25477154 1312188945
1312188945 26067235
26067235 1312188735
1312188735 1312188622
1312188622 25477153
25477153 1312189091
1312189091 26067236
26067236 1312188858
1312188858 3320743081
3320743081 1954751908
1954751908 25477149
25477149 7644884069
7644884069 1312188689
1312188689 26067234
26067234 1312188994
1312188994 25477150
25477150 1312188760
1312188760 26067238
26067238 1312188614
1312188614 25477151
25477151 1312188696
1312188696 26067239
26067239 1312189013
1312189013 25477152
25477152 1312188774
1312188774 25477156
25477156 1312188843
1312188843 26067237
26067237 1312189073
1312189073 109760
109760 1312188730
1312188730 25477154
25477154 5006764040
5006764040 5006764039
5006764039 3741078112
110146 5938625692
5938625692 1771462115
1771462115 7840826007
7840826007 819157946
819157946 25477858
25477858 3661703766
25477197 2402557839
2402557839 25477156
25477149 3785895379
1150003513 1255490314
1255490314 108420
21990622 21990623
21990623 2496836231
2496836231 806373565
806373565 2496836226
2496836226 1150003513
28419328 1039290586
1039290586 5257738384
5257738384 1039290578
1039290578 5257738379
5257738379 1039290584
1039290584 251757458
251757458 27351282
27351282 3550836102
3550836102 251757452
251757452 27351284
27351284 1039290562
1039290562 251757321
1014803736 27459165
27459165 1014803721
1014803721 2914561272
2914561272 28418497
28418497 3858880678
3858880678 6969936106
4144358217 5160943797
5160943797 3528711722
3528711722 255051289
27459120 6995618979
6995618979 1939632502
1939632502 2934411668
2934411668 3876429831
3876429831 6280047275
6280047275 5160943798
5160943798 4144358216
25477859 25477858
110238 1787108649
1787108649 4827050921
4827050921 1771458655
1771458655 6280047281
6280047281 5160943806
5160943806 1939632504
1939632504 4144358217
110238 1787108648
1787108648 3892081362
3892081362 3892081363
3892081363 3741117630
3741117630 8236052987
8236052987 8236052983
8236052983 1280491924
1280491924 8236052990
8236052990 2387232559
3741117630 5492419693
213668839 8868010205
8868010205 347335859
347335859 8868010216
8868010216 8868010202
8868010202 1685272862
1685272862 213668842
213668842 8868010218
8868010218 250549700
250549700 250549699
250549699 8868010279
8868010279 8868010280
8868010280 8868010281
8868010281 213668844
213668844 2642612586
2642612586 250327576
250327576 2987912733
2987912733 250327591
250327591 1326821544
1326821544 8868010287
8868010287 21990630
250327591 250327609
213668839 354886099
354886099 5565455857
255051289 1014803718
1014803718 3528711693
3528711693 27459116
27459116 27459638
27459638 2935392676
2935392676 3528738438
3528738438 1014803736
2934411667 2934411661
2934411661 1771458658
1771458658 6280047279
6280047279 5160943794
5160943794 6280047278
6280047278 4144358217
107586 8043350341
8043350341 4726152850
4726152850 8043350325
8043350325 8318757605
8318757605 21523718
21523718 1014649631
1014649631 252729234
252729234 251892353
251892353 3706494694
3706494694 2872704413
2872704413 3499556266
3499556266 6280047280
6280047280 6280047276
6280047276 5160943803
5160943803 4144358216
108420 3093894065
3093894065 25477197
819157975 819157946
1722268388 2387232555
2387232555 2387232556
2387232556 1722268381
10676799 8784159562
8784159562 6467134931
6467134931 249467025
249467025 25477774
25477774 806373533
806373533 2496836262
2496836262 21990622
1280491926 1939632512
1939632512 4826555773
4826555773 1939632510
1939632510 108418
108418 7636180241
7636180241 7636180242
7636180242 1787108650
1787108650 110238
1312319838 5565455858
5565455858 2387232563
2387232563 8236052988
8236052988 2387232559
1722268388 2387232557
2387232557 1722268384
1722268384 2402557599
2387232559 8236052991
8236052991 1722268367
1722268367 1280491926
25477197 3093897988
3093897988 3093897989
3093897989 4749090120
4749090120 2402557597
2402557597 3093897991
2402557599 2387232561
2387232561 2387232559
1722268381 1280491926
1723315608 3741131603
3741131603 8898783674
8898783674 5006781415
5006781415 25498015
4401149234 7636278197
7636278197 7636278201
7636278201 7636278193
7636278193 7636278195
7636278195 7636278196
7636278196 7636278198
3528738440 251757533
251757533 5257738389
5257738389 5257738381
5257738381 28419328
4144358217 6280047277
6280047277 5160943793
5160943793 249679102
249679102 2934411667
2934411667 3528738439
3528738439 3528738440
4144358216 5160943807
5160943807 4827019220
4827019220 835390894
835390894 7636180236
7636180236 7636180237
7636180237 1787108647
1787108647 110238
3741117629 250327619
250327619 347335878
347335878 250327576
3673602988 302013668
302013668 249559005
250549587 20458273
20458273 20458275
20458275 8868194778
8868194778 1571298192
1571298192 8868194757
8868194757 21990624
21990624 4835108999
4835108999 250327100
250327100 21990625
21990625 2003007012
2003007012 4835108998
4835108998 3334162601
3334162601 250325411
250325411 21990626
21990626 1233327202
1233327202 7636180240
7636180240 1782716888
250549636 8869040028
8869040028 8869040027
8869040027 250325411
110238 7636180239
7636180239 8672066581
8672066581 475396924
475396924 21990627
21990627 7151566952
7151566952 338319877
338319877 250327660
28419328 5257738387
5257738387 25477371
4401149225 5927671155
5927671155 4401149228
4401149228 4992781187
4992781187 7636278200
7636278200 7636278199
7636278199 25477148
25477148 7636278191
7636278191 7636278194
7636278194 4401149234
3661703766 4556931601
4556931601 1954751912
1954751912 1954751910
1954751910 4556931604
4556931604 4556931602
4556931602 4556931603
4556931603 3661703766
4556931604 21990622
3741078112 1312319838
3741078112 5006764038
5006764038 5006764037
5006764037 25477154
5492419693 5492419692
5492419692 3787645608
3787645608 3787645607
3787645607 250325410
250325410 3787645610
3787645610 3787645609
3787645609 3787645606
3787645606 250549636
5565455857 1312188679
1312188679 5565455858
3093897991 1722268388
110146 4401149224
4401149224 5927671120
5927671120 4401149225
3741117629 5238500313
5238500313 5238500312
5238500312 3870640547
3870640547 3870640548
3870640548 3870640530
3870640530 1312335310
4144358216 4144358217
25477371 5257738390
5257738390 1042862696
1042862696 3858880677
3858880677 3858880676
3858880676 3673602988
3673602988 57786953
57786953 25477339
25477339 25477335
25477335 3858880675
3858880675 249558409
249558409 3858880674
3858880674 6304787861
6304787861 3735886877
3735886877 25477228
250327660 6332545601
6332545601 3093894066
3093894066 2254629351
1782716888 1787108646
1787108646 110238
7636244314 7636244312
7636244312 4807521484
4807521484 8931055473
8931055473 7636278195
7636278198 2624005734
2624005734 4826555772
4826555772 914822496
914822496 914822508
914822508 5927671121
5927671121 5927671156
5927671156 110146
5938625468 7840826008
7840826008 1771462117
1771462117 5927671119
5927671119 8931055477
8931055477 110146
