4930984833 4930984832
4930984833 4930984834
1710227457 1710227489
1710227457 1710227402
5377253378 5377253379
5377253378 5377253383
5377253379 5377253380
5377253380 5377253381
5377253381 5377253363
172359686 5538054402
172359686 172455385
5377253377 5702471149
5377253377 5377253376
5377253377 5377253369
5377253384 172739439
5377253384 5377253370
172736522 2148775501
172736522 2148775506
172736525 172736529
172736525 2148775506
172736529 172145241
5786194375 172166282
5786194375 172166285
172736536 172736542
172736536 172145241
172736542 172141444
1710227489 5377245913
2562250643 2562250663
2562250643 2562250645
2562250643 2562250642
1710227491 1710227509
1710227491 1710227449
5377253382 5377253411
5377253382 5377253367
1868062758 482708511
1868062758 4384937286
1710227495 1710227572
1710227495 1710227399
172736555 172736558
172736555 172141444
5377253420 3474548119
5377253420 1710227279
172736558 172736560
1710227503 1710227536
1710227503 5377245913
172736560 172736563
3709716408 3709716407
3709716408 3709716409
172736563 172736567
1710227509 1710227518
172736567 172736570
172736570 172736573
172736573 172131444
1710227518 1710227542
172736588 2148775548
172736588 2148775564
172736588 172415336
172736588 2148775547
172736591 1710228241
172736591 2148775565
1710227536 1710227578
172211698 172211696
172211698 172211700
1710227542 5376732069
1710227543 5377253519
1710227543 1710227686
4930984836 4930984837
4930984836 4930984835
172579682 172579685
172579682 172579679
172359775 172359777
172359775 172497451
172359775 172497453
172359777 172359779
172359777 5785797013
172359779 172359781
172359781 172359783
172359783 172359789
172359789 172359792
172359792 172359794
172359794 172359796
4930984837 4930984838
1710227578 1710227587
172393834 172393818
172393834 172393835
1710227585 1710227587
1710227585 5376732069
1710227587 5377245914
1710227591 1710227695
1710227591 1710227572
5534707824 172833300
482714312 482714315
482714312 3730498289
5377253517 172358781
5377253517 1710227198
5377253518 5828404111
5377253518 172358781
5377253519 1710227331
5728138606 2936164807
5728138606 3702888437
5702471146 5702471147
5702471146 5702471145
1710227613 5377245914
1710227613 4063555607
1269676741 1269676763
1269676741 1833757364
172393841 172393839
172196011 172196014
172196011 172778713
172196011 172778715
172196014 172196017
172196017 172196020
172196020 172196022
172196022 172196024
172579685 172579689
172196024 172196027
172196024 172709805
172196027 172196032
172196032 172196035
172196035 172196038
172196038 172196041
172196041 172196043
172196041 172832333
172196041 172832335
5933125890 4370141962
5933125890 172358846
172196043 172196045
172196045 172196047
172196045 5617193142
172196047 172196051
5837643984 172502167
5837643984 5837644195
172196051 172196054
3494169294 3494169295
3494169294 3494169293
3494169294 3494169325
172196054 172196056
172196056 172196059
172196056 172334748
172400858 172400893
172400858 172400861
172196059 172196061
172196061 172196064
172196064 172196068
172400866 172400869
172400866 172400861
5854186281 653847442
5854186281 653847447
172196068 172196070
172400869 172400870
172196070 172196073
3494169297 3494169296
3494169297 3494169298
172196073 172196075
172716806 3627440242
172716806 3627440247
172716806 172716809
172400875 172400878
172400875 172400873
172196077 172196079
172196077 172298847
172196077 172196075
172400878 172400881
172196079 172196081
172196079 172291522
5538054384 5538054383
5538054384 5538054406
172196081 1505632783
5538054386 5538054392
5538054386 5538054385
172400883 172400885
172400883 172400881
5538054388 5538054387
5538054388 5538054389
172400885 172400888
5189402870 2147643764
5189402870 5189367033
5538054391 5538054390
5538054391 5538054405
172400888 172400890
5538054393 5538054392
5538054393 5538054394
172400890 172400891
172400891 172400893
5538054396 5538054397
5538054396 5538054405
4493122553 4493122552
4493122553 4493122554
3494169301 3494169311
3494169301 1505632789
172400896 172400897
172400896 172729046
172400896 172729053
172400897 172400899
5538054402 5538054403
172400899 172400902
1710227716 1710227734
1710227716 1710227699
1269676758 1873548707
1269676758 1873548706
172400902 172400904
172400904 172400907
172400907 172400910
5742054559 3629358002
5742054559 172668886
1710227725 1710227741
1710227725 1710227695
172400910 172400913
172400913 172400916
172400916 172400919
1710227734 1710227756
172400919 172400923
172400923 172400926
1710227741 1710227762
172400926 172729081
172400926 172729083
5423857712 4614310476
5423857712 4614310477
5616812322 5616812327
5616812322 5616812358
1269676763 1269676746
5616812325 5616812361
5616812326 5616812335
5616812326 5616812359
5616812327 5616812341
5616812328 5616812353
5616812328 5616812331
172400939 172400941
172400939 172728967
172400939 172728995
1710227756 1710227767
1710227756 172266620
1710227756 172266623
172400941 172400943
172400943 172400946
5616812336 1803480639
5616812336 172199628
729710897 729711933
729710897 729710899
729710897 482708528
172400946 172400947
172400948 172729003
172400948 172729005
172400948 172729017
172400948 172400861
1269676766 1269676740
1269676766 1269676771
1710227767 172518420
1710227767 172559770
5616812344 5616812332
5616812344 5616812360
172204345 172204348
172204345 172782662
172204345 172161891
172130618 172266632
172130618 172808411
3494169311 1505632791
172204348 172204351
5649274250 5649274248
5649274250 172192234
1710227774 1710227932
1710227774 2148775539
172204351 172204354
1710227776 1710227770
1710227776 5850641297
5616812353 172474907
5616812353 172618481
5616812353 5616811418
172204354 172204357
172130628 172415347
172130628 172415351
172204357 172204360
2355165265 2355165264
2355165265 2355165266
172432097 653847303
172432097 5516335254
172204360 5898879934
1710227785 1710227791
1710227785 5850641297
5616812362 5616812356
5616812362 5616811418
1710227787 172767317
1710227787 172767320
1710227791 1710227806
3494169315 3494169314
3494169315 3494169316
5538537817 5649286003
5538537817 482714364
3627440207 1805364136
3627440207 3627440208
5649274255 2147643779
5649274255 5649274234
172263388 172263386
172263388 172263393
5822184165 5822184166
5822184165 5822184164
1710227808 172767313
1710227808 5850641307
5649274256 172192257
5649274256 172192259
1710227812 5189402850
1710227812 5189366030
1710227812 1710227806
1710227812 172739457
5822184166 5822184167
5822184167 5822184168
172523894 172523935
172523894 172523981
172523894 5822184161
5822184169 5822184168
5822184169 5822184173
5822184169 4930984823
172459940 172459938
172459940 172459946
172523903 172523906
172523903 172523899
172523906 172523909
172523909 172523912
172523912 172523916
3494169324 3494169325
172523916 172523919
172523919 172523922
172523922 172523925
172556693 172556696
5785797014 5785797015
5785797014 5785797013
172556696 172556698
172523929 172523932
172523929 172523925
172556698 172556701
1710227867 1710227879
1710227867 1710227864
172523932 172523935
172556701 172556704
172556701 172624185
172523935 172523938
172556704 172556707
5822184176 5822184177
5822184176 5822184175
172523938 172523942
172556707 172556710
172556710 172556713
1710227879 1710227892
1710227880 1710227929
1710227880 172767286
1710227880 172767290
172523945 172523947
172523945 172523942
172523947 172523949
172523947 172524000
172556716 172556722
172556716 172556713
172523949 172523951
1710227886 1710227864
1710227886 1710227901
172523951 172523955
172556722 172556727
172523955 172523968
1710227892 1710227920
172556727 172556730
172556730 172556733
5538678285 5538678223
5538678285 5538678224
172556733 172556735
172556735 172556737
172556735 172782582
172523968 172523970
172556737 172556739
172523970 172523972
172523972 172523974
172523974 172523977
172523977 172523978
172523978 172523981
172523978 5841982532
172851659 172851660
172851659 172851657
172851660 172851661
1710227920 1710227945
1873548707 1269676764
4599857622 172436773
4599857622 172436776
1710228175 3557799030
1710228175 172739413
1710228175 1710228179
5795095000 1505632784
5795095000 3494169310
1710227929 1710227949
1710227929 1710227901
1710227932 2148775542
1710227932 172415342
172524000 172524001
172524001 172524003
5850655490 5534707467
5850655490 5850655489
1710227945 1710227955
1710227947 172739425
1710227947 172739427
1710227949 1710227964
1710227955 1710227967
3702846000 3702846001
3702846000 3702845999
1710227964 1710227999
1710227967 1710228001
2147643869 2147643856
2147643869 172772187
172474887 172474891
172474887 801862666
172474891 4370142194
172608258 172608255
172608258 172608261
172474895 172474897
172474895 4370142194
1505632784 3494169309
172474897 172474898
172474898 172474902
1505632787 1505632805
1505632787 3494169304
1505632787 3494169091
1505632787 3494169305
1505632788 3494169304
1505632788 3494169303
1505632789 3494169300
1505632789 3494169302
172474902 172474904
1505632791 1505632792
1505632791 172799611
172474904 172474907
784540185 172897163
784540185 172897165
1505632794 5693611470
1505632794 1505632793
172474907 172474912
172474907 172618481
1505632796 5693611471
1505632796 1505632795
1505632797 5693611471
1505632797 5693611477
1505632798 5693611477
1710227999 1710228003
172474912 172474915
1710228001 1710228013
172474915 172474918
1505632805 1505632807
1505632805 1505632815
172474918 172474921
1505632807 1505632808
1505632807 1505632838
1505632808 1505632817
1505632808 1505632828
1505632808 1505632809
172474921 172428234
1505632810 1505632809
1505632810 1505632811
172772103 172455356
172772103 172772108
1505632813 1505632814
1505632813 1505632809
1505632814 1505632822
1505632814 1505632811
1505632815 1505632817
482714326 482714319
482714326 482714328
1505632817 1505632818
1505632818 1505632819
1505632819 1505632820
1505632820 1505632811
1505632822 1505632823
1505632822 1505632831
1505632823 1505632824
1505632823 1505632833
1505632824 1505632825
1505632825 1505632826
1505632825 1505632833
5822184161 172523899
1505632828 1505632829
1505632829 1505632830
1505632830 1505632831
1505632831 1505632836
1505632833 1505632834
1505632834 1505632835
1505632835 1505632836
1505632841 1505632847
1505632841 172301546
1505632847 1505632848
1505632848 1505632849
1505632848 1505632883
1505632848 1505632884
1505632849 1505632850
1505632850 1505632851
1505632851 1505632852
1505632852 1505632853
172772110 172772108
172772110 172772112
1505632854 1505632857
1505632854 1505632853
1505632854 1505632891
1710228055 2148775542
1710228055 1710228139
1505632857 1505632895
1505632857 1505632862
1710228058 172739417
1710228058 5843824953
1710228060 482714256
1710228060 1710228034
172772181 2147643926
172772181 172772184
1505632864 1505632865
1505632864 1505632862
172608272 172608270
172608272 172608275
1505632866 1505632868
1505632866 1505632865
1505632866 1505632881
5850514023 172820319
5850514023 172820320
172728936 172728939
172455356 172455359
172455356 172192212
172455356 2147643870
172728939 172728942
172728942 172728945
1505632879 1505632878
1505632879 1505632862
1710228080 1710228098
1710228080 1710228038
172728945 172728948
2355165275 2355165314
2355165275 2355165266
2355165275 2355165267
172728948 172728951
1505632885 1505632886
1505632885 1505632884
1505632886 1505632887
172728951 172728954
1505632888 1505632887
1505632888 1505632890
172579700 172579698
172579700 172579702
172579700 172579779
172728954 172728957
172455359 172455362
1505632892 1505632891
1505632892 1505632893
172728957 172728960
653847442 5728134128
1505632895 1505632894
172728960 172728962
172728962 172728965
1505632899 1505632853
1505632899 1505632890
172728965 172728967
172728967 172728997
482714250 172358816
482714250 5583420748
482714251 5538678219
482714251 5538678220
172455362 172455368
482714254 1710228010
482714254 5583420743
482714254 5583420744
482714256 2148775545
482714256 2148775544
482714258 4370141953
482714258 2148775561
1710228115 172767267
1710228115 172767270
172728980 172728982
482714261 482714264
482714261 4370141953
172728982 172728985
482714264 482714266
172728985 172728987
482714266 5649396807
172728987 172728991
482714269 482714273
482714269 5649396807
172728991 172728993
172728991 172729009
482714273 482714276
172728995 172728993
482714276 482714279
172728997 172728998
172728998 172218966
482714279 482714282
482714282 5649396808
172729003 172497443
172729005 172729007
172729007 172729008
172729008 172729009
482714289 482714291
482714289 5649396808
1710228146 172739416
1710228146 5843824953
482714291 482714294
482714294 482714297
172729017 172729020
5377245882 1710227686
5377245882 172521200
172284703 172558029
172284703 172558030
172284703 172284705
172729020 172729023
482714301 482714297
482714301 482714303
172729023 172729025
172729025 172729028
482714306 5583420763
482714306 5583420764
5821964995 172392001
5821964995 172392003
172729028 172729030
482714309 5583420760
482714309 5583420759
172729030 172729032
653847329 5534707467
653847329 5534707489
653847329 5516335267
172729032 172729034
5821965001 172392007
5821965001 172392009
172729034 172729036
482714315 5583420766
172729036 172729038
172729038 172729040
482714319 5583420766
172729040 172729043
172729043 172729046
1710228180 1710228179
1710228180 1710228182
482714328 482714338
482714328 2147643744
1803480639 172890967
1710228186 1710228167
1710228186 1710228196
5538678223 5538678222
729711324 729711280
729711324 653810622
172729053 172729055
1710228190 1710228192
172729055 172729056
172729056 172729057
172729057 172729058
482714338 1710228405
482714338 2147643741
482714338 5583420753
172729060 172729062
172729060 172729058
172729062 172729065
5538678225 5538678226
5538678225 5538678224
172729065 172729068
172729068 172729071
5538678226 5538678227
482714351 482714355
482714351 1710228397
1710228209 1710228239
1710228209 1710228198
1710228209 1710228211
172729074 172729077
172729074 172729071
482714355 482714358
172729077 172729079
482714358 1710228348
172729079 172729081
1710228218 1710228213
1710228218 1710228223
172729083 172729084
172729084 172311784
482714367 482714370
482714367 5649286004
482714370 2148775574
5538054383 5538054401
5822184163 172797490
5822184163 5822184164
1710227686 5189366101
172772140 172772139
172772140 172772141
1710228234 1710228262
1710228234 1710228223
1710228236 1710228242
1710228236 1710228214
1710228239 1710228251
2562250648 4591497750
2562250648 4614237069
1710228241 2147643710
1710228242 1710228243
1710228243 1710228278
653847447 653857748
1710228251 1710228261
1710228259 172175856
1710228259 2148775576
1710228261 1710228284
1710228262 1710228263
1710228262 1710228274
1710228264 1710228278
1710228264 1710228290
1710228264 172739407
3799202610 5649285998
3799202610 5649286003
2148775573 2148775572
2148775573 2148775575
1710228274 1710228292
172772147 172772145
172772147 172772149
1710228276 5189366032
1710228276 2147643710
1710228276 2147643716
1710228276 2147643715
1710228278 1710228285
1804657465 172897125
1804657465 172897127
1710228284 1710228286
1710228285 1710228294
1710228286 1710228304
172284725 172284724
172284725 172284726
1710228290 172739404
1710228292 1710228301
3799202614 3799202615
3799202614 3799202613
1710228294 1710228304
172739383 2147643785
172739383 2147643794
1710228301 1710228308
3627440044 3627440038
3627440044 3627440031
1710228304 1710228311
172284728 4059852172
172284728 172284727
1710228308 1710228340
1710228311 1710228333
3786422831 653846991
3786422831 3786422830
2147643800 2147643794
2147643800 2147643795
2147643800 2147643806
2147643800 172175842
172284731 172284733
172284731 172284729
2147643885 2147643882
2147643885 2147643893
1833752411 5727996234
1833752411 5425493503
1710228333 1710228338
5649285998 5649286004
172284733 172284735
1710228338 1710228351
1710228340 1710228345
801917758 653846935
801917758 653846941
5727984934 3627440091
5727984934 3627440092
1710228345 1710228354
1710228348 482714361
3557799030 172739416
3557799030 3557799032
1710228351 1710228371
2147643801 2147643803
2147643801 2147643796
172739392 172739390
172739392 172233811
653810625 729715371
653810625 653810622
653810625 653810692
4591497756 4591497757
4591497756 4591497755
5822184172 5822184174
5822184172 5822184171
4614310721 2562178034
4614310721 2562178036
1710228366 1710228369
1710228366 1710228354
5828404111 172358784
1710228369 1710228390
1710228371 1710228399
172459958 172459955
172459958 172459961
4493122549 4493122550
4493122549 1816672591
4614310726 2562178027
4614310726 2562178029
1710228390 1710228393
1710228393 1710228399
172772167 172772163
172772167 172772174
1710228397 1710228402
1710228399 1710228408
1710228399 1710228410
2562250649 2562250650
2562250649 2562250654
2562250649 2562250645
4076783594 4837362517
4076783594 172358822
1710228402 482714348
1710228405 482714345
2147643831 3799202634
2147643831 2147643829
172286903 172286906
1710228408 4622741313
4493122550 4493122551
172286906 172286908
3627440033 482708508
3627440033 3627440039
172286908 172286911
3799202634 3799202619
1710228414 1710228415
1710228414 1710228412
172286911 172286914
1710228417 1710228420
1710228417 1710228415
172286914 172286919
1710228420 1710228446
4045926709 482711558
4045926709 482711559
172286919 172286924
172161868 172161866
172161868 5837388904
5423858634 4565612429
5423858634 4565612430
172286924 172286926
172286926 172286928
172286928 172286930
5425493496 1833752413
5425493496 172415414
172286930 172286932
172286932 172286934
172286932 172739394
172286932 2147643727
172286932 2147643728
172161870 172161872
172161870 5837388904
172286934 172286937
3557799033 3557799034
3557799033 3557799028
172286937 172286940
172286940 172286942
172286942 5835474951
172286944 172286946
172286944 5835474951
172155873 2147643849
172155873 172175840
172286946 172286947
172155875 2147643854
172155875 2147643866
172286948 172286949
172286948 172286947
172286949 172286950
172286950 172286951
172286951 172286954
1710228457 1710228470
1710228457 1710228450
172286954 172286959
1710227762 2148775539
172161874 4406986466
172161874 172161876
172286959 172286962
5728134128 172263265
1805394929 653847006
1805394929 3702888144
172286962 172233817
172579667 172579665
172579667 172579669
172188660 172188662
172188660 172213458
172188660 172213460
4493122552 4493122551
172188662 172188664
172188664 172188666
172188666 172188668
172188668 172188672
172663807 172663808
172188672 172188675
1805394945 1805364138
1805394945 172897076
1710228482 1710228470
172579670 172579671
172579670 172579669
172890967 1803480642
3627440197 3627440060
3627440197 4614310422
3557799035 3557799036
3557799035 3557797071
5802619054 3627440258
5802619054 5802617651
172890969 1803480642
172890969 172890971
5822184177 5822184170
5785797016 172311777
5785797016 172497436
4614310479 653846985
4614310479 4614310480
4614310479 3786422820
4614310479 773021446
172743515 172743512
172743515 172743518
2147643837 2147643836
2147643837 2147643843
172739420 172739419
172739420 172739422
4591497750 4591497751
4591497750 2562250647
172237869 172237872
172237869 172778703
172237869 172778705
172237872 172237875
172237875 172688904
172237875 172236429
2129718110 2129659958
2129718110 2129659966
172803127 172820313
172803127 172296123
5728085048 5728085050
5728085048 172574646
5728085049 653847429
5728085049 4510506106
5728085050 653847429
5728085050 653847433
2562250650 2562250651
172573760 172573761
172573760 172211656
172573761 172573763
172573763 172573765
172573765 172573767
172573767 172573769
172573769 172573773
172573773 172573775
172573775 172573777
653847395 653847389
653847395 653847410
3786422827 3786422826
3786422827 3786422828
172500056 172500059
172500056 172428260
172500059 172500063
172890961 172890958
172890961 172890963
172500063 172500066
172500066 172500069
5617193147 5617193146
172500069 172500072
172500072 172500074
172500074 172500077
482714345 482714348
5614445676 5786045022
5614445676 5534707488
172500077 172500080
172336239 172455368
172336239 172455373
172500080 172166297
172131444 2148775540
1833752420 172668757
1833752420 172668760
172147834 172218935
172147834 172218937
1710228213 1710228211
4591497753 4591497752
4591497753 4591497754
3557799039 3557799040
3557799039 3557799038
1710227222 1710227180
1710227222 1710227305
4614310466 3729890264
4614310466 4614310467
5538677913 2147643990
5538677913 2147644001
172739439 1710227839
5822830553 801909175
5822830553 172778724
172778663 172778665
172778665 172778670
3557799040 3557799046
2147643811 2147643807
2147643811 2147643818
172778670 172778671
172778671 172778673
172778673 172778676
172778676 172778679
172778679 172778681
172778681 172778683
172778683 172778686
172778686 172145320
3702888188 3709716355
3702888188 3702888189
4837362517 4384937286
172778691 172778694
172778691 172145320
172778694 172778697
172213448 172213450
172778697 172778699
172213450 172213454
172778699 172778701
172778701 172778703
172213454 172213455
172213454 172302094
172778705 172778707
172213458 172213457
172778707 172778709
172213460 172213462
172778709 172778711
172213462 172213464
172778711 5822829828
172213464 172213466
172213464 172550685
172778713 5822829828
172213466 172213467
172213467 172213468
172213468 172213469
172213469 172213470
172213470 172213471
172213471 172213472
172213472 172213473
172311777 172311779
172311777 172336524
172213474 172213476
172213474 172213473
172311779 172311781
172311781 172311784
3557799042 3557797076
3557799042 3557799043
172778727 172459874
172778727 801909175
172311784 172311788
172311788 172311790
172311790 172311792
172311792 5819755651
172311794 5819755648
172311794 5819755651
172311796 172304625
172311796 5819755648
2562178040 2562178038
2562178040 2562178041
172311798 172311800
172311798 172304625
172606711 172606713
172606711 172606708
172311800 172263248
172606713 172606715
172606715 172606717
172606717 172606720
172606720 172606723
4930984832 4930984831
2147643814 172134300
2147643814 2147643798
3627440241 172897129
3627440241 3627440224
5702471122 5702470910
5702471122 5702471123
4930984835 4930984834
3627440199 3627440200
3627440199 3627440198
2147643815 2147643816
2147643815 2147643812
3627440090 3627440091
3627440090 3627440089
4930984839 4930984838
4930984839 4930984840
1833752426 1833752425
1833752426 1833752427
172252657 172252655
172252657 172252660
4614237065 4614237062
4614237065 4614237066
4614237065 4614237061
729711933 482708506
3557799045 3557799048
3557799045 3557799043
3799202596 482711552
3799202596 482711553
2147643816 2147643819
5189402850 5189366109
653847437 172263265
653847437 5728134127
5742054552 172668883
5742054552 172668884
172189016 2147643763
172189016 2147643779
172189016 172192257
172393818 172393832
172393818 172393816
172189019 2147643758
172189019 2147643723
172189019 2147643751
172189019 5189367032
3557799046 3557799044
3557799046 3557799047
172183099 653847028
172183099 653847346
172393826 172393827
172393827 172393828
172393828 172393829
172400870 172400873
172393830 172393831
172393830 172393829
172393831 172393832
172336490 5837644192
172393835 172393837
172336492 172336494
172336492 5837644192
172393837 172393839
172336494 172336497
172336494 172389482
172336497 172336499
172336497 5837644194
172336499 172336501
1833752413 1833752412
1833752413 1833752414
1833752413 172415416
172336501 172336502
172336502 172336503
172336503 172336505
172336505 172336508
172336508 172336511
3627440036 3627440037
3627440036 3627440035
172336511 172336513
172336513 172336515
172336513 172682779
172336515 172336517
172336517 172336519
172336519 172336521
172336521 172336524
172198807 172198806
172198807 172198808
172336524 172336526
172336524 172497433
172336526 172336527
172336527 172336528
172336528 172336529
3474548119 1710226721
3557799048 3557799051
653847450 653847454
653847450 653857748
172799558 172799561
172799558 172799556
2129814754 1863560186
2129814754 1863556095
3643273458 5649274509
3643273458 2147643892
3627440200 3627440201
1710227699 172518406
172799561 172799563
3557799049 3557799047
3557799049 3557799050
2355165274 2355165317
5189402869 2147643759
5189402869 5189367032
5538678209 5538678227
5538678209 5538678228
5538678210 5538678211
5538678210 5538678228
172832331 172832329
172832331 172832333
5538678212 5538678218
5538678212 5583420747
5538678212 5538678211
5538054390 5538054389
5538678214 5538678229
5538678214 5538678213
2129814755 1863560186
2129814755 1808960712
5538678216 5538678217
5538678216 5583419709
5538678216 5538678215
5538678217 5538678222
5538678218 5538678219
5538678220 5538678221
5538678220 5583420750
5538678221 5538678213
2148775501 172432036
172164562 172164564
172164562 5536895294
172164562 172459971
5538678227 5583420745
5538678229 5538678215
5538678230 5806792307
3799202597 482711554
3799202597 482711553
5189402874 2147643826
5189402874 5189367038
1833752432 1833752431
1833752432 1833752433
5189402875 2147643829
5189402875 5189367039
5538054397 5538054398
3557799051 3557799052
5538054398 5538054399
3729890217 482710400
3729890217 5727993801
172832340 172832342
172832340 5617193135
5538054399 5538054400
2562250653 4614237069
2562250653 172272678
172863744 172863742
172863744 172863746
3627440034 482708508
3627440034 482708509
172832342 172832344
5538054401 5538054400
172688904 172688906
172688906 172688909
172688909 172688913
3729890221 172225285
3729890221 482710391
172688913 172688914
172688914 172688918
3627440037 3627440032
172688918 172688924
2148775513 653847078
2148775513 653847092
5189402884 2147643917
5189402884 5189367047
172688924 172688926
5538054405 5538054404
172799579 172145271
172799579 172211626
5538054406 5538054385
3627440038 3627440032
1833752484 1833752483
1833752484 1833752485
3629358002 3702888191
4589931445 172419456
4589931445 172419459
3627440201 5727976707
482714361 1710228335
172451404 172562616
172451404 172562617
2147643805 2147643804
2147643805 2147643808
5189366029 172358808
5189366029 172358811
5727996232 172668739
5727996232 172415416
5189366030 1710228008
2148775524 659793985
2148775524 653847078
172579770 172579679
172579770 172579767
653847483 653847475
653847483 653847492
172799590 172411849
172799590 172799587
5189366033 2147643776
5189366033 2147643799
172254829 172254832
172254829 172389475
172254829 172389478
2147643826 2147643829
2147643826 5189366034
2147643826 2147643828
172254832 172254835
172832360 172832362
172832360 172832358
172254835 172254837
172254837 172254839
3627440056 3627440057
3627440056 3627440055
172254839 172254840
172254840 172254843
5189366036 2147643907
5189366036 2147643841
172254843 172254846
5516335255 5516335267
5516335255 5516335256
172254846 172254849
1863678589 1833752485
1863678589 1863678590
172254849 172254852
172254852 172254855
172254855 172254858
1806268012 1807636748
1806268012 2129718108
172254858 172254861
172254861 172254864
172183109 172183106
172183109 172183117
172254864 172254866
172254866 172254867
172254867 172254869
2562250654 2562250664
2562250654 2562250660
172254869 172254871
1062479510 1062479512
172254871 172254874
1062479512 1062479537
1062479512 5878088344
172254874 172254877
172254877 172254879
172254877 172389490
172893855 172893858
172893855 172897197
172893855 172143998
172254881 172254883
172254881 172254879
172893858 172893861
172254883 172254886
172893861 172893863
172254886 172254887
172140201 2147643891
172140201 457021170
172893867 172893869
172893867 172893865
172893869 172893872
172893872 172893875
1062479537 1062479538
1062479538 1710226742
172893875 172893878
172558005 172558007
172893878 172893881
172558007 172558011
172893881 172893883
172558011 172558014
172893885 172893883
172558014 172558017
172558017 172558020
172558020 172558023
172558023 172558026
172579788 172579791
172579788 172579785
172579788 172579800
172558026 172558029
2562250641 2562250640
2562250641 172272681
2562250641 2562250642
172558030 172558032
172558032 172558035
1833752440 1833752439
1833752440 1833752441
172558035 172558038
5538678213 5583419708
172558038 172558040
172558040 172558042
172558040 172817353
172558040 172817356
172558042 172558044
172558044 172558046
172558046 172558051
653847504 4614310480
653847504 4614310455
4406986466 172161872
172558051 172558054
172558054 172558055
172558055 172558058
2148775548 2148775545
172558058 172558061
172558061 172558064
172820206 172820202
172820206 172820211
172558064 172487190
2562250661 2562250658
2562250661 2562250662
172558067 172558070
172558067 172487190
3709683445 172897168
3709683445 172897167
172820215 172820230
172820215 172820211
172664575 172664579
172664575 172789226
172664575 172789228
172664579 172664581
172664581 172664584
172820230 172820259
172664584 172664587
5616812332 5616812341
172664587 172664591
1833752442 1833752441
1833752442 1833752443
172664591 172664594
3729890264 4614310465
172664594 172664597
172292772 172292770
172292772 172292774
5616812335 5616812360
172451615 172451617
172451615 172451657
172451617 172451618
172451617 172634525
172451618 172451620
172820259 172296123
172451620 172451622
172451622 172451626
172451626 172451629
172451629 172451631
172451631 172451633
172451633 172451636
172451636 172451638
172451638 172451640
172451640 172451642
1710227764 1710227770
1710227764 5189366101
1710227764 5850641325
172451642 172451644
172451644 172451647
172451647 172451650
172451650 172451653
172451653 172451657
172263239 172263242
172263239 172218981
172263242 172263245
3527288651 482708499
3527288651 172668809
172263245 172263248
5649274509 3643273459
172263248 172263251
172263251 172263254
172263254 172263257
172263257 172263260
172820316 172820319
172820316 172820313
172263262 172263260
172263262 5728134129
172820320 172820324
172263265 2936164807
172263265 5728134129
172459874 653847555
172459874 801953589
172459874 653847547
172263267 172263271
172263267 5728138605
172820324 172820327
172459877 172459878
172459877 172459876
172459878 172459879
172263271 3702888429
172459881 172459883
172459881 172459879
172263274 172263278
172263274 3702888429
172459883 4614310712
5377245912 1710227402
5377245912 1710227360
172459886 172459890
172459886 4614310712
3494169299 3494169298
3494169299 5693611483
3494169299 5693611487
172263281 172263284
172263281 172263278
172459890 172459891
172459891 172459895
172263284 172263286
172263284 172716833
5536895294 5536895296
172263286 3702888213
172459895 172206940
172263288 3702888213
172263288 172263290
172459897 172459898
172459897 172206940
172459898 172459901
172263292 172263294
172263292 172263290
172459901 172207024
172263294 172263296
172459903 172459905
172459903 172207024
172263296 172263298
172263296 172668925
172459905 172459906
172459906 172459908
3709716355 3702888187
172459908 172459910
172500869 172500872
172500869 172421584
172459910 172459913
172500872 172500876
172459913 172459916
172263307 172263310
172263307 172263304
172500876 172500880
5616812354 5616812352
5616812354 4614310467
5616812354 773021608
172263310 172263313
172459919 172459924
172459919 172459916
172500880 172500883
172263313 172263315
172500883 172500886
172459924 172459926
172459926 172459928
5763327895 5828713387
5763327895 5431750632
172459928 172459930
172500889 172500891
172500889 172500886
172459930 172608282
172459930 172459933
172500891 172500893
172263324 172263327
172263324 172263322
172500893 172500896
172263327 172263330
172500896 172500899
172459938 172459936
172820388 172820386
172820388 172145245
172263333 172263337
172263333 172263330
3709716390 172316590
3709716390 172316591
172263337 4844546155
172459946 172459949
172459946 172871240
5616812359 5616812321
5616812359 172358852
5616812359 172358854
172459949 172459952
172263342 4844546155
172263342 172263344
172459952 172459955
3709716401 3709716424
3709716401 3729890297
172263346 172263348
172263346 172263344
172263348 172263350
3627440258 172572150
3627440032 482708458
172263352 172263350
172263352 172263354
172459961 172459962
172459962 172459963
172459964 172459966
172459964 172459963
172296125 172296127
172296125 172296123
172459966 172459967
172296127 172296129
3709716416 3709716415
3709716416 3709716417
3709716418 3709716417
3709716418 3709716419
172459971 172459967
2562250656 2562250658
2562250656 172272678
172263366 172263369
172263366 3729890233
3709716424 3709716402
172263369 172263372
653847543 653847535
653847543 653847547
172263372 172263374
172263374 172263376
2147643725 2147643722
2147643725 2147643729
172263376 172263378
1825881080 172668765
1825881080 172668767
172263378 172263380
172263380 172263382
3627440040 3627440039
3627440040 3627440041
172574678 172574681
172574678 172574676
3729890297 172316586
172263384 172263386
172263384 172263382
172574681 172574684
172574684 172574686
172574686 172574689
172345311 172345314
172345311 172345308
172574689 172574691
172345314 172345316
172263395 172263398
172263395 172263393
172574692 172574691
172263398 773021608
172345319 172345322
172345319 172345316
4493122556 4493122555
4493122556 4493122557
172345322 172345325
172893863 172513680
172345325 172345328
5616812321 5616812346
5616812321 801862664
5616812321 801862666
2562178045 2562178047
2562178045 4614310718
172345328 172345331
172345331 172345334
172247028 172820386
653813749 1863518545
653813749 1805711345
172345334 172345336
172893865 172513680
172345336 172345338
172345336 172421584
3799202595 482711551
3799202595 482711552
172345338 172345340
172345340 172345342
172345342 172345344
5702471147 5702471148
172345344 172345352
172345352 172345354
172345354 172345356
5835474958 172739399
5835474958 172739401
4614237069 4614237068
2147643737 2147643729
2147643737 2147643746
653847556 653847555
653847556 653847562
5423858449 3627440194
5423858449 172773921
5189366109 172358808
2129659958 172228419
2129659958 172228421
2129659959 2129659960
2129659959 1871784029
2129659959 1807875086
2129659960 2129659965
653822012 172526226
653822012 3702167400
2129659965 2129659974
2129659966 2129659991
659793985 653847047
2129659972 2129659973
2129659972 2129659974
2129659973 2129659975
172673094 172871174
2129659975 2129659976
2129659976 2129659977
2129659977 2129659979
2129659979 2129659981
2129659986 2129659987
2129659987 2129659988
2129659988 2129659989
2129659989 2129659992
2129659989 2129659974
2129659991 2129718175
2129659992 2129659995
2129659994 2129659996
2129659994 2129718175
2129659995 2129659996
2129659995 482711557
1871784029 172228421
5837391977 172161879
5837391977 172161882
3627440060 3627440217
3627440060 3627440061
2129718107 1807636748
2129718107 172228410
5802617645 5802617651
5802617645 172572152
1833752454 1833752453
1833752454 1833752455
2147643753 2147643757
2147643753 2147643781
2147643753 2147643748
2147643753 172175848
5538054403 5538054404
172518420 172266620
172518420 172518421
2562178043 2562178041
2562178043 4614310717
653847573 653847577
653847573 653847569
172550276 172550278
172550278 172550280
172550278 172799602
2147643757 2147643769
2147643758 5189366035
2147643758 2147643754
2147643758 5189367033
653847577 653847581
172263578 172263580
172263580 172263583
172263583 172263586
172421488 172421486
172421488 172421489
172263586 172263589
1871784100 172668863
1871784100 482711546
172263589 172263592
172263592 172263594
172263594 172263596
172263596 172263598
172263598 172263601
172272669 2562250676
172510739 172510744
172510739 172510737
172263601 172263604
2147643763 2147643759
172263604 172263607
172263607 172263610
172263607 172421575
172263607 172421578
3709716379 172897173
3709716379 172897176
172263610 172263613
172263613 172263616
2147643765 5828705031
2147643765 2147643771
172263616 172263620
653847584 653847588
653847584 653847581
172263620 172263623
3702167399 2147643912
172263623 172263626
172263626 172263629
172525771 172525775
172263629 172263632
172525775 172518399
172263632 172263637
653846737 653846981
653846737 653846982
653846737 172552867
172263637 172263639
172263639 172263641
172263641 172263643
172263643 172263645
172263645 172263647
172525790 172525795
172525790 172518399
172902626 172902629
172525795 172525799
172902629 172902632
172525799 172525805
172902632 172902635
172902635 172902637
172525805 172525810
2147643773 2147643779
2147643773 2147643766
172902640 172902637
172902640 172236434
172525810 172525813
172525813 172525816
482708521 1833752445
482708521 1816672591
482708521 1873575206
482708521 172228464
172673272 172421554
1710227839 5376839249
3786422822 3786422821
3786422822 3786422823
2147643776 5189366035
172272683 2562250640
5727987972 4363571174
5727987972 172415416
2147643778 2147643769
2147643778 172192302
5616812333 172618481
5616812333 5616812361
172266620 172518406
2147643781 2147643792
5693611474 5693611473
5693611474 5693611478
1833752460 1833752459
1833752460 1833752461
2147643926 172772178
2147643785 172739386
172321080 172321082
172321080 172902641
172321082 172321084
172321084 172321086
2355165273 2355165272
2355165273 2355165317
172510744 172510746
3786422825 3786422824
3786422825 3786422826
5727996233 172668742
5727996233 172668745
5727996234 1833752412
5727996235 1833752415
5727996235 1833752414
5933126029 172572146
5933126029 172572150
1863518545 1863518546
172872454 172872451
172872454 172872456
5728126299 653846999
5728126299 653847001
3702846001 3702846002
172534873 172534870
172534873 172534875
1833732444 1833732445
1833732445 1775112168
2147643792 2147643793
3627440057 3627440062
172214630 172214633
172214630 172403285
172214630 172403288
3709716843 3709716410
3709716843 3709716411
2147643794 2147643790
2147643794 2147643798
172316594 172316593
172316594 172316595
4493122555 4493122554
172419443 5616812323
172419443 172897198
172419443 172890958
172419443 773021222
172419445 172419447
172419445 5616812323
172419447 172419451
172419451 172419453
2147643852 2147643857
2147643852 2147643845
172820202 172145245
172419456 172419453
172419459 172419461
2562250659 2562250657
2562250659 2562250660
653846941 653846942
653846942 653846946
3702888176 5728123238
3702888176 3702888177
653846946 653846951
2147643803 2147643804
653846951 801953571
653846956 801953571
653846956 801953579
3702888178 3702888179
3702888178 3702888177
172634525 172298850
653846960 653846970
653846960 801953579
5854187888 653857818
5854187888 172218999
3702888180 3702888179
3702888180 3702888192
653846970 653846976
2147643807 2147643795
653846976 653846977
653846977 801953589
653846979 653846980
653846979 4614310689
653846980 4614310697
653846981 5841982563
653846981 4614310697
653846982 653846983
653846983 653846984
653846983 172380515
653846984 4614310456
653846985 653846986
653846986 653846987
653846987 653846988
653846988 653846989
653846989 653846990
653846990 653846991
653846991 3702888469
653846992 653846993
653846992 3702888469
653846993 653846995
653846995 653846997
653846997 3702888447
653846999 2936164807
653847001 4363571092
172510749 172510752
172510749 172510746
653847005 4363571092
653847005 4363571103
653847006 653847008
653847006 653847423
2147643813 2147643835
2147643813 2147643806
653847008 653847010
653847010 653847012
653847012 653847015
653847012 653847410
653847012 3627440071
653847012 3627440092
172159398 172159396
172159398 172159400
3557799065 3557799064
3557799065 3557799066
653847015 653847017
5727976707 3627440202
653847017 653847019
653847019 653847021
653847019 653847370
653847021 653847023
653847023 653847026
172421544 172421542
172421544 172421546
653847026 653847028
653847028 653847030
653847028 172668701
3702888190 3702888191
3702888190 3702888189
653847030 653847032
653847032 5534707487
653847032 172627135
3702888191 172668888
1833752467 3702011126
1833752467 1833752470
172159402 172159400
172159402 172159410
2147643819 2147643820
3494169092 3494169293
3494169092 3494169091
482708566 482708549
482708566 3702846007
653847047 1803349800
2147643821 172358821
2147643821 172358822
172550673 172252655
5785796991 172497438
5785796991 172497441
172550677 172550679
172550677 172636526
172550677 172252655
4614310422 3627440198
172550679 172550681
4614310424 3627440195
4614310424 3627440196
172550681 172550683
2562250644 2562250646
172550683 172550685
172521221 172521220
172521221 172521222
4614310433 3627440066
4614310433 3627440067
172403234 172403237
172403234 172403231
172403237 172403239
172403237 172805238
172403239 172403242
5854187892 653847458
5854187892 653847467
172403242 172403244
801953543 653847569
801953543 1854240195
172403244 172403246
172421554 172421551
172421554 172421555
172403246 172403249
4614310447 4614310448
4614310447 1775112168
4614310448 4614310449
172521224 172521223
172521224 172521225
4614310450 4614310454
4614310450 4614310449
2147643827 2147643825
2147643827 2147643832
172403252 172403255
172403252 172403249
4614310454 4614310451
172403255 172403257
172403257 172403258
172403258 172403260
4614310459 2355165277
4614310459 4614310458
172403260 172403262
172403260 172411849
172521226 172521225
172521226 172521227
172403262 172403264
2147643829 2147643833
172403264 172403266
4614310465 4614310464
172872462 172872459
172872462 172872464
172209931 172209928
172209931 172209934
172403268 172403270
172403268 172403266
4614310469 4614310468
4614310469 4614310470
172403270 172403272
4614310471 4614310470
4614310471 4614310472
172403272 172403275
4614310473 4614310474
4614310473 4614310472
4614310474 4614310475
172403275 172403277
4614310476 4614310475
172403277 172403279
4614310478 3786422820
4614310478 4614310477
172403279 172403282
4614310480 653847492
172403282 172403285
2562250646 2562250647
172403288 172403291
172403291 172403294
172403294 172403298
172534885 172534888
172534885 172534881
172403298 172403301
2147643835 2147643838
172403301 172403304
3627440193 3627440073
3627440193 5727984935
172403304 172403307
172403307 172403310
2147643897 2147643892
2147643897 2147643898
1775438445 172415376
1775438445 172415374
172403310 172403316
172534888 172534890
172403316 172403319
2147643838 2147643853
2147643839 2147643850
2147643839 2147643830
172887146 172887144
172887146 172773617
172166251 172166254
172166251 172166248
3627440194 3627440195
3799202617 172772199
3799202617 5538536498
172487193 172487196
172487193 172487190
172526226 172526230
172526230 1863518546
172848921 172848919
172848921 172848924
172526233 172526236
172526233 1805711345
172526236 172526239
3494169295 3494169312
172526239 172526241
172526241 1805711347
172526244 1805711347
172526244 1805711348
172851654 172851657
172526247 172773936
172526247 1805711348
2936164807 5728138605
172668701 172668703
172526256 1825881066
172526256 3702167401
172526256 172668763
172526256 1833752424
3627440232 3627440231
3627440232 3627440233
172534899 172534896
172534899 172534902
1833757364 1873548677
172657336 172657339
172657336 5795083353
172657339 1710227180
2147643850 2147643855
172657343 1710227335
172657343 1710227341
172657344 1710227328
172657344 1710227365
172657346 1710227365
172657346 1710227382
172657348 172657350
172657348 1710227372
172805238 172805240
172657350 1710227177
172657353 172657356
172657353 1710227169
172657356 1710227198
1833752474 1833752472
1833752474 1833752477
3494169296 3494169312
172805240 172805242
3494169300 172625606
2147643854 2147643853
3494169302 3494169303
172534905 172534908
172534905 172534902
172668708 172627038
172668708 172668706
3494169306 3494169307
3494169306 1505632786
3494169307 3494169308
3494169308 1505632785
3494169310 1505632783
172657375 2148775541
172657375 172415336
3494169312 3494169313
2147643856 172772191
3494169314 3494169313
3494169316 3494169317
3494169317 3494169318
3494169318 3494169320
3494169319 3494169320
3494169319 5693611473
4510506108 1805394923
4510506108 4510506104
2562250651 2562250652
172166269 172166267
172166269 172166271
172872468 172872470
172872468 172694354
172608251 172608252
172608252 172363449
172608253 172608254
172608253 172363449
172608254 172608255
172772098 172772100
172772098 2147643851
172772100 2147643870
172608261 172608264
653847303 5516335267
172608264 172608270
172608264 172846252
2562250652 2562250655
2147643863 2147643862
2147643863 2147643865
172772112 2147643905
2147643864 2147643861
2147643864 2147643865
172772114 172772117
172772114 2147643933
172608275 172608278
172772117 172772119
172608278 172608280
172772119 172772121
172608280 172608282
172772121 172772126
2147643866 2147643872
172772126 172772129
172772129 172772131
172772131 172772133
172772133 172772136
653847335 653847340
653847335 5534707489
172772136 172772139
2147643868 172192212
2147643868 172192215
653847340 5534707496
172772141 172772143
172772143 172772145
653847346 653847352
653847346 5534707496
653847346 172183102
172316597 172316595
172316597 172316599
4493122558 482708522
4493122558 4854194050
172772149 2147644034
172772151 2147644034
172772151 172391973
653847352 653847360
172772153 172772155
172772153 172391973
172739386 172739388
172772155 172772157
172739388 172739390
172772157 172772159
172772159 172772161
653847360 653847366
172772161 2147643973
172739394 172739396
172772163 2147643973
172739396 172739399
5377245884 1710227331
5377245884 1710227359
653847366 653847370
172739401 172739404
653847370 653847389
653847370 172502167
3702888186 3702888187
3702888186 3702888185
172872162 2147643799
172872162 172358821
172772174 172772178
172739407 172739410
1825881066 172668765
5693611472 5693611480
5693611472 1505632795
172739413 172739410
1710228098 1710228107
2129718103 172228416
2129718103 172228419
172772184 2147643906
172739417 172739419
172739422 172739425
172772191 172772194
172668703 172668706
172772194 172772197
172739427 172739429
2562250655 2562250657
172739429 172739432
172772199 172772202
172772199 2147643843
172772199 2147643846
172739432 172739435
172772202 2147643834
172739435 5377253411
172772204 172772206
172772204 2147643834
172772206 2147643824
172872470 172872473
172772208 2147643817
172772208 2147643824
2147643880 2147643882
2147643880 2147643878
653847410 653847417
172534931 172363468
172534931 172534927
172739444 5377253383
172739444 5377253419
172739447 172739449
172739447 5377253419
653847417 653847423
172739450 172739451
172739450 172739449
172739451 172739452
172739451 172767303
172739451 172767305
172739452 172739453
172739453 172739455
653847423 1805394923
653847423 172497430
172739457 172739455
2147643883 2147643875
2147643883 2147643884
172534934 172363468
172534934 172534936
4614237062 4614237063
4614237063 4614237064
4614237064 4614237061
653847433 5728134127
4614237066 4614237067
3627440210 3627440209
3627440210 3627440211
4614237068 4614237067
172198797 172198798
172198797 172578094
172198797 172578097
172198798 172198799
172198799 172198800
172198800 172198801
172198801 172198802
172198802 172198803
172198803 172198804
172198804 172198805
172198804 172198825
172198805 172198806
172198808 172198809
172198809 172198810
172198810 172198811
172198811 172198812
172198812 172389458
172198812 172389460
653847454 653847457
653847457 653847458
172668742 172415416
1805364136 172897073
1805364136 172897074
1805364138 1805458745
653847467 653847475
1710228410 1710228412
1805364143 172897099
1805364143 1805368008
172890965 172199628
172890965 5616812343
3799202627 2147643893
3799202627 2147643902
172534943 172534946
172534943 172534940
3702845997 482708511
3702845997 3702845998
2147643894 2147643890
2147643894 2147643900
172411849 172411850
172411849 172799592
172411850 172411851
172428237 172428240
172428237 172428234
3627440205 3627440204
3627440205 1805458707
172428240 172428243
172428243 172428245
172428245 5786194354
653847511 653847517
653847511 4614310455
172428248 172428251
172428248 5786194354
172428251 172428254
653847517 653847524
172428254 172428257
172428257 172428260
172515128 172515126
172515128 172515131
172428260 172428263
172872476 172872479
172872476 172872473
172428263 172428265
482708457 482708458
482708457 482708503
482708457 5189367046
482708457 2147643899
482708458 172358828
482708458 5189367047
172428267 172428269
172428267 172428265
172428269 172428271
172428271 172428273
172428273 172428275
172428275 172428277
172428277 172428279
172428279 172428283
172428283 172428285
172428285 172166320
172518399 172518402
172518402 172518404
172518404 172518406
2147643905 2147643933
653847562 801953542
653847566 801953542
653847566 1854240195
5837644194 5837644195
172161879 172161876
482708499 172668806
482708500 482708506
482708500 3627440035
482708500 3627440043
482708503 3627440031
482708505 482708509
482708505 482708511
482708505 3627440047
172358831 5189366037
172358831 2147644105
172272672 172272675
172272672 2562250675
172272672 2562250676
172272675 172272678
653847588 1854240199
172515133 172515131
172515133 172515135
172272678 172272681
3627440208 3627440209
482708522 482708523
482708523 482708524
482708524 482708525
482708525 482708526
482708526 482708527
482708527 3702846007
482708528 482708529
482708529 482708530
482708530 482708531
482708531 482708532
482708531 729722090
482708532 653810709
482708533 729711131
482708533 653810618
482708534 482708535
482708534 729715371
482708535 729715165
482708536 729715165
482708536 729716714
482708538 482708540
482708538 729716714
1833752415 1833752416
482708540 482708542
482708542 482708544
482708544 482708546
482708546 653810629
482708547 482708549
482708547 653810629
5693611480 5693611484
5693611480 5693611481
1833752417 1833752416
1833752417 1833752418
482708552 3702846008
482708552 3702846004
2147643916 2147643902
2147643916 5538054038
482708555 482708557
482708555 3702846014
482708557 482708559
482708559 482708561
172534868 172534870
2562250663 2562250670
2562250663 2562250662
172166231 172166234
172166231 172166300
172166231 172166303
172459876 801953589
172166234 172166239
172534875 172534876
172534876 172534878
172534878 172534881
172534878 172872451
172166239 172166242
172166242 172166245
172358843 172358840
172358843 172358846
172363468 172363465
172363468 172363471
172166245 172166248
1505632785 3494169309
172887144 172291522
172534890 172534893
172534893 172534896
172166254 172166259
3702167400 3702167401
172887154 172887158
172887154 172773617
172166259 172166261
172166261 172166263
172887158 172887160
172166263 172166265
172887160 5617193159
172887161 172887162
172887161 5617193159
172887162 172887165
172166267 172166265
172534908 172534911
172887165 172887168
172166271 172166273
172887168 172291494
172166273 172166275
3627440211 3627440212
172166275 172166277
172534916 172534918
172534916 172534913
172166277 5786194370
172534918 172534920
172166279 172166282
172166279 5786194370
172534920 172534922
4591497751 4591497752
172166285 172166288
172534927 172534925
172166288 172166291
1505632792 5693611469
172166291 172166294
172166294 172166297
172534936 172534938
172166297 172166300
172534938 172534940
5693611483 5693611482
172166303 172166305
3627440212 3627440213
172166305 172166308
172534946 172534949
729711131 653810709
172166308 172166311
172534949 172534952
5742054544 172668881
5742054544 172668878
172166311 172166314
172534952 172534955
172192284 172192281
172192284 172192287
172166314 172166317
172846252 172846255
172166317 172166320
172166320 172166324
172301512 172301509
172301512 172301515
1833752435 1833752436
1833752435 1833752434
172636526 172636528
4493122557 4854194050
172420279 172420285
172420279 172421582
172420279 172421584
1833752436 1833752438
5693611484 5693611470
5693611484 5693611485
172420285 172420287
3627440213 3627440214
172420287 172420290
172420290 172420292
172420292 172420294
1833752438 1833752439
172420294 172420297
1808960711 1808960710
1808960711 1863556094
1808960712 172228430
172420297 172420300
172420300 172420303
172420303 172420305
3557797072 3557797071
3557797072 3557797073
172420305 172420309
3557797074 3557797073
3557797074 3557797075
1710228003 1710228030
3557797076 3557797075
3557797076 3557799041
2147643940 2147643927
2147643940 2147643951
3557797071 3557799037
3627440214 3627440215
2147643881 2147643888
2147643881 2147643879
1833752444 1833752443
1833752444 1833752445
2562250668 2562250670
1710228008 1710228131
3627440215 4614310446
1710228010 5583420741
5702470910 5702471121
5702470914 5702470920
5702470914 5702470919
5702470916 5702470917
5702470916 5702470915
5702470917 5702470918
5702470918 5702470919
2562250674 2562250672
2562250674 2562250677
5702470920 5702471121
2562250669 2562250671
2562250669 2562250667
2562250669 2562250666
2562250665 2562250664
2562250665 2562250667
2562250665 2562250660
172263298 172263301
1710228013 1710228038
1833752451 1833752452
1833752451 1833752450
2147643950 2147643939
2147643950 2147643959
3627440216 3627440217
3627440216 4614310446
1833752452 1833752453
3702845999 3702845998
5841982533 5841982534
5841982533 172556205
172263301 172263304
172436769 172436770
172436769 172562603
172436769 172562605
172436770 172436771
172436771 172436773
2562250670 2562250672
172436776 172436779
172436779 172436781
172436781 172436784
172415347 172415345
3627440217 3627440059
1833752457 1833752456
1833752457 1833752458
1833752459 1833752458
2562250671 2562250673
3702846007 3702846006
4565612429 482710391
4565612429 482710390
3702846008 3702846014
4565612430 4565612431
1833752463 1833752464
1833752463 172668868
2562250672 2562250666
653847535 653847530
172301543 172301540
172301543 172301546
1833752466 1833752461
1833752466 1833752468
172263315 172263318
1710228030 1710228072
1871768809 482711565
1871768809 482711564
4059852152 4059852154
4059852152 4059852151
2147643886 2147643887
2147643886 3643273453
2147643886 2147643884
2147643886 2147643890
4059852154 4059852155
4059852155 4059852156
4059852156 4059852157
4059852157 172627130
4059852157 172627133
172445057 172445059
172445057 172199687
172445059 172445062
172263318 172263320
172445062 172445063
172445063 172445064
172668823 172668819
172668823 172668826
4059852172 4059852171
4059852172 172284729
1710228034 5583420741
172263320 172263322
172559762 172559763
172559762 172808427
172559763 172559766
172559766 172559768
2147643887 3643273454
2147643887 2147643892
2147643887 172772187
172559768 172559770
2147643957 2147643976
2147643957 2147643924
1833752475 1833752476
1833752475 3702011142
1833752475 1833752481
1833752475 172668838
1833752476 1833752478
172459933 172459936
2147643976 2147643984
2147643976 172505074
5189366115 5189402855
5189366115 172358816
2147643888 2147643908
1833752479 1833752480
1833752479 1833752477
2562250675 2562250681
5616812341 172199628
5616812341 172316635
3627440222 3627440223
3627440222 3627440240
172789202 172789206
1833752483 1833752481
5702471124 5702471125
5702471124 4063555601
5702471125 5702471140
5702471125 5702471141
172789206 172789209
172789206 172799585
172789206 172799587
172668724 172668721
172668724 172668727
172789209 172789211
172789211 172670701
3584396765 5516335254
3584396765 172432094
172789214 172789216
172789214 172670701
172789216 172789219
172789219 172789222
1833752486 1833752488
1833752486 1863678590
172789222 172789224
2147643985 2147643974
2147643985 2147643992
172789224 172789226
5702471145 5702471144
1871784112 482711566
172789228 172789231
5702471149 5702471148
172789231 172789234
2562250664 2562250666
172789234 172789237
172789237 172789240
1833752489 1833752487
1833752489 1833752488
172789240 172789243
2562250677 2562250679
172789243 172789245
172789245 172789249
172871174 172871176
172871176 172871177
172871177 172871179
172871179 172871182
172871182 172871187
2147643891 172175832
172510737 172510734
172871187 172871191
172316590 172316588
172871191 172871192
172871192 172534911
172871194 172871197
172871194 172534911
172682779 172682781
172562614 172562611
172562614 172562615
172510752 172510755
172709808 172709805
172709808 172709810
172871202 172871203
172871202 172871199
172871203 172871206
172510757 172510755
172871206 172871209
172668849 172668846
172668849 172668852
172871209 172871211
172871211 172871213
172871213 172871216
1803349800 5534707487
172871216 172871219
172797490 5841982550
172797490 5841982551
172871219 172871222
172797493 5841982563
172797493 5841982551
172871222 172871225
172789304 172789307
172871225 172872482
172871225 172871227
172789307 172789311
172871229 172871227
172871229 172871231
172183102 172183106
172789311 172789315
172789315 172789317
172871240 172871237
2562250679 2562250680
2562250679 2562250678
5583420760 5583420761
172668856 172668854
172668856 172668858
2562250680 2562250682
5835501145 3786422829
5835501145 3786422828
172263354 172263356
172459963 172710603
1833752465 3702011126
1833752465 1833752464
172263356 172263358
5617193144 5617193143
5617193144 5617193145
3627440061 3627440052
1710228072 1710228095
172263358 172263361
2147644009 2147644001
2147644009 2147644013
5649396726 172767225
5649396726 5649387277
3627440064 3627440063
3627440064 3627440065
3627440064 3627440081
172263361 3729890233
5538245761 172192331
5538245761 172192337
172668730 172668733
172668730 172668727
172668866 172668863
172668866 172668867
5616812356 5616812346
172316611 172316609
172316611 172316613
1505632878 172252687
172562618 172562620
172562618 172562617
172709828 172709831
172709828 172709826
3627440069 4614310431
3627440069 3627440070
5649274248 172192231
1873575195 172228458
1873575195 172228464
2147644018 2147644013
2147644018 2147644023
3627440073 3627440074
172363449 172363451
172363451 172363453
172363453 172363455
172363455 172363457
172740288 172740290
172363457 172363459
172625603 172574691
172625603 172625602
172363461 172363465
172363461 172610694
172363461 172363459
172625606 172574691
5822184164 5822184170
172199628 172199634
172363471 172363472
172363472 172363473
172363473 172363474
172199634 172199637
1873575203 172668794
1873575203 172228464
172363476 172363478
172363476 172363474
172199637 172199640
172363478 172363480
2147644025 2147644028
2147644025 2147644024
172199640 172199643
1833752429 1833752428
1833752429 1833752430
172363482 172363484
172363482 172363480
172199643 172199646
1505632890 1505632891
172199646 172199649
172199649 172199652
172199652 172199655
172668733 172668736
172199655 172199658
172199658 172510729
172199658 172199661
5727984935 3627440071
172574674 172574676
172199663 172199665
172199663 172199661
172199665 172199667
172199667 172199669
172199669 172199671
5616812343 172890963
172199671 172191648
172199674 172199676
172199674 172191648
1710228095 1710228109
172199676 172199677
172609277 172609283
172609277 172609346
172199679 172199682
172199679 172199677
172199682 172199684
172609283 172609286
172609283 172609493
172199684 172199687
172316630 172316624
172316630 172316632
172609286 172609289
172199687 172199690
172609289 172609292
172199690 172199693
172609292 172609294
172199693 172199696
172609294 172609295
172609295 172609297
172199696 172199700
172668888 172668890
172609299 172609301
172609299 172609297
172609301 172609303
172609303 172609306
172609306 172609309
172609309 172609312
5534707487 5534707489
172609312 172609314
5534707489 5534707490
172609314 172609316
172609316 172609318
172609318 172609320
172609320 172609323
172609323 172609325
172609325 172609326
172609326 172609328
172609328 172609330
172609330 172609332
172609332 172609334
1710228131 5189366031
1710228131 5189402855
172609334 172609337
3799202613 2147643843
172609337 172609340
172609340 172609341
172609341 172609343
172609343 172609346
172668736 172668739
172668736 1833752410
1710228107 1710228109
1806268017 1806268014
1806268017 172228408
1803349835 172415371
1803349835 172415374
1805458745 172897074
3730498289 5583420765
3627440236 3627440235
3627440236 3627440237
3627440053 3627440052
3627440053 3627440054
172609399 172609402
172609402 172609405
172609405 172609407
172609407 172609409
172609409 172609411
172609411 172609412
5878088344 5534707491
5814410584 2147644188
5814410584 2147644181
172134300 2147643849
4363571103 3702888144
172191648 172191650
172191650 172191651
5583420742 5583420743
5583420742 5538678211
5189279047 5189279059
5189279047 1710227331
172668914 172668912
172668914 172668915
2562178023 2562178021
2562178023 2562178025
4363571121 172627059
4363571121 172627062
5583420745 5583420744
3627440088 3627440087
3627440088 3627440089
172668916 172668915
172668916 172668918
5583420747 5583420746
5189367046 5189402883
3627440239 3627440238
3627440239 3627440240
3627440239 3627440246
1710228446 1710228450
172609487 172609489
172609489 172609490
172609490 172609491
172609491 172609492
172609492 172609493
172618405 172618402
172618405 172618408
4363571168 4363571169
4363571168 482710389
4363571169 4363571170
4363571170 4363571171
172668923 172668925
172668923 172668918
4363571172 4363571173
4363571172 4363571171
4363571173 4363571174
172322790 172322794
172322790 172710618
172322790 172710621
5538054394 5538054395
172767228 172767227
172767228 172767229
172322794 172322797
2147644071 2147643984
2147644071 172358834
172322797 172322800
5189279059 172358781
172330997 172331000
172330997 172710642
172330997 172710646
172331000 172331002
5189279060 172358781
5189279060 5189279046
172331002 172331005
482711551 1871772955
172331005 172331008
5583420757 5583420758
5583420757 5583420756
172331008 172331012
1710228139 1710228167
1710228139 2148775561
172331012 172331015
5583420758 5583420759
172331015 172331018
172331018 172331020
172331020 172331022
482711554 2401932215
172331022 172480310
172331022 172480313
4063555601 4063555602
4063555602 4063555603
4063555603 5431750632
4063555604 4063555605
4063555604 5431750632
4063555605 4063555606
4063555606 5376839249
4063555607 4063555608
4063555608 4063555609
5583420762 5583420761
5583420762 5583420763
482711557 482711556
729711280 653810618
3627440242 3627440243
5616812323 5616811419
5616812323 5616812358
5583420765 5583420764
482711560 4045926710
482711560 3702011142
2355165295 2355165296
2355165295 2355165306
3627440223 3627440224
3627440243 3627440237
2147643910 2147643908
2147643907 2147643912
482711565 482711566
3627440244 1804645376
3627440244 3627440228
172568678 172568680
172568680 172236411
4930984830 4930984831
4930984830 4930984845
172568683 172568685
172568683 172236411
172568685 172568687
172568687 172568688
172568688 172568689
172561087 5538125233
172561087 172358830
3627440245 3627440231
3627440245 1804645376
4059852139 2148775507
4059852139 1710227046
4565612431 4565612432
4565612431 4565612434
5702471142 5702471143
5702471142 5702471141
172561090 5538125233
172561090 172276746
172658830 172316789
172579785 172579782
5617193131 5617193130
5617193131 5617193132
3627440055 3627440054
3627440055 3627440068
4565612432 4565612433
5617193129 5617193133
5617193129 5617193134
5617193130 172298885
5617193132 5617193133
5617193134 172298888
5617193135 172832337
172561096 172561099
172561096 172276746
172872479 172872482
5617193142 172773627
5617193143 172832313
5617193143 172832315
5617193145 5617193146
3627440247 3627440234
1710228171 2147643710
1710228171 172358816
5617193158 5617193159
2147644109 2147644112
2147644109 2147644105
2147644109 801862630
2147644109 172358834
172863697 172863700
172863700 172863704
172863704 172863707
172863707 172863709
5933126027 5933126028
5933126027 172572145
172863709 172863711
4565612434 4565612435
172863711 172863714
2147644112 801862640
172863714 172863720
2147644188 2147644192
172863720 172863724
172863724 172863727
3643273454 3643273457
172863727 172863730
3643273456 5649274487
172773617 172773619
172773617 172773639
172863730 172863732
172863732 172863734
172863734 172863737
172863737 172863740
5933126028 172572146
172773627 172773629
172863740 172863742
172773629 172773632
172773632 172773635
5933125889 801862666
5933125889 801862667
172863746 172863748
172773635 172291509
172863748 172863750
172773637 172773639
172773637 172291509
172863750 172863758
3709716402 3709716403
172863758 172625602
5189366031 5189366032
172863761 172863764
172863761 172625602
5189366034 2147643802
172863764 172863766
5189366037 172358828
172863766 172863768
172863768 172863770
5616812331 172618474
172863770 172863773
172863773 172863776
172863776 172863779
172855586 172855591
172855586 172211678
172863779 172863782
172863782 172863785
172863785 172799602
172767227 5843916475
172773683 172773685
172773683 172833282
172773683 172833285
172773685 172773688
4045926710 482711559
172773688 172773692
172773692 172773695
2147643710 172175856
172773695 172773699
1710228192 1710228198
1710228192 1710228188
5843824962 172767270
5843824962 172767273
2147643716 172175854
2147643719 172175851
2147643719 172175854
2147643720 2147643724
2147643720 2147643715
2147643721 2147643723
2147643721 172175856
2147643722 2147643715
2147643724 2147643745
2147643726 2147643730
2147643726 172175851
2147643727 2147643736
2147643728 2147643735
2147643730 2147643740
2147643731 2147643734
2147643731 172767224
2147643732 2147643738
2147643732 172767224
2147643734 2147643739
2147643735 172233811
2147643736 2147643760
1710228196 482726790
2147643738 2147643742
2147643739 2147643743
2147643740 2147643743
2147643741 2147643751
2147643742 172175848
2147643743 2147643748
2147643743 172175848
2147643744 2147643754
2147643745 2147643748
2147643746 2147643759
172380515 172380518
2147643748 2147643775
172380518 172380521
172380521 172380525
172767229 172767231
172380525 5835501136
2147643759 2147643764
172380528 5835501136
172421489 172421490
172421490 172421491
172421491 172421493
2147643764 2147643766
2147643764 2147643768
172421493 172421496
172618473 172618472
172618473 172618474
172421496 172421499
2147643770 5828705038
2147643770 2147643747
172421499 172421501
3709716371 5742054536
3709716371 172668878
172421501 172421504
2147643775 172192302
172421504 172421506
172421506 172421509
172421506 172694257
172618475 172618474
172618475 172618478
2147643780 2147643786
2147643780 2147643771
172421509 172421511
2147643782 2147643791
2147643782 172192302
172421511 172421513
2147643784 2147643802
2147643784 2147643768
172421513 172421516
172421513 172799563
172421513 172799566
2147643786 2147643787
2147643787 2147643790
172421516 172421520
2147643789 2147643790
2147643789 172175845
2147643790 2147643795
2147643791 2147643796
172421520 172421522
2147643793 2147643795
172421522 172421525
172421525 172421528
172421528 172421529
172421529 172421533
172421533 172421536
172767301 172767299
172767301 172767303
172421536 172421539
2147643809 2147643808
2147643809 2147643812
172159394 172159396
172159394 172552871
172159394 5841982540
172159394 4930984318
172159394 172556193
172421539 172316786
659793990 2148775508
659793990 653847092
172421542 172316786
172618481 172618478
2147643817 172175842
172421546 172421547
172421547 172421549
2147643820 2147643822
172421549 172421551
2147643822 2147643825
2147643822 2147643818
172159410 4930984320
172421555 172421557
2147643828 2147643830
172421557 172421559
172421559 172421563
2147643832 2147643836
2147643833 2147643841
172421563 172421565
172421563 172736458
172421565 172421566
172421566 172421567
172421567 172421570
172421570 172421573
2147643843 2147643845
2147643844 172358822
2147643844 172358825
172421573 172421575
172421573 172465710
2147643846 172772197
5583420756 5583420755
172421578 172421580
2147643851 3799202619
172421580 172421582
2147643855 2147643861
2147643857 2147643867
2147643858 2147643862
2147643858 172192218
2147643859 172192215
2147643859 172192218
172192212 2147643861
172192212 2147643873
172192218 172192220
2147643867 2147643875
172192220 172192222
172192222 172192225
2147643871 172175840
2147643871 172154434
172192225 172192228
172192225 172192319
172192228 5536955849
172175845 5828705038
2147643878 2147643873
172192231 5536955849
172175848 2147643747
482714364 1710228335
172192234 172192237
172192237 172192239
172192239 172192243
172175856 2147643715
2147643890 2147643892
2147643890 5649274487
172192243 172192246
172192246 172192249
172487160 172487163
172487160 172817359
172192249 172192252
2147643898 2147643906
172487163 172487188
172192252 5649274234
2355165269 2355165270
2355165269 2355165268
172192259 5649274262
2147643909 2147643918
2147643909 2147643900
172192262 172192265
172192262 5649274262
2147643912 2147643917
2147643912 5189402883
172192265 172192268
2355165271 2355165272
2355165271 2355165270
172192268 172192271
2147643917 3702167398
2147643917 2147643924
2147643918 2147643925
172192271 172192274
172192274 172192276
4370141955 801862628
4370141955 801862629
172192276 172192278
2147643925 2147643939
172192278 172192281
2147643927 5538054038
4591497754 4591497755
172192287 172192290
172773921 172773924
172192290 172192293
172773924 172773927
172192293 172192296
172773927 172773930
172192296 172192299
2355165276 2355165314
2355165276 2355165311
172773930 172773933
172192299 5649274292
172773933 5727976708
172192302 5649274301
2147643951 2147643960
172773936 5727976708
172225288 172225286
172225288 172225290
3702846002 3702846003
3702846004 3702846005
3702846006 3702846005
2147643959 2147643968
2147643960 2147643970
3709716404 3709716405
3709716404 3709716403
2355165279 2355165284
2355165279 2355165277
2355165279 2355165286
4370141962 172358849
172192319 172192322
2147643968 2147643974
172192322 172192325
172192325 172192328
2355165281 2355165307
172192328 172192331
2147643980 2147643990
2147643980 2147643970
3627440226 3627440227
3627440226 3627440225
2147643984 172358830
172192337 172192340
3627440227 3627440234
172225294 172225297
172225294 172225292
2147643992 2147644000
2355165284 2355165307
172298847 172298850
2147644000 2147644004
172298850 172298853
2147644004 172391971
172298853 172298857
172225297 172225300
172225297 5727993801
172298857 172298860
3627440231 3627440230
172298860 172298863
172298863 172298866
2147644016 2147644019
2147644016 172391971
172298866 172298869
2147644019 2147644024
172298869 172298872
2147644023 2147644026
172298872 172298875
172225300 172225303
2147644026 2147644028
172298875 172298878
2355165290 2355165289
2355165290 2355165291
172298878 172298881
2147644181 801862627
5616811419 5616812352
172298881 172298885
3627440235 3627440234
172298885 172298888
2355165292 2355165291
2355165292 2355165293
3709716380 172897172
3709716380 172897173
2147644044 172505074
2147644044 172505076
3627440237 3627440228
3627440238 3627440233
172618391 172618393
172618393 172618395
2355165298 2355165297
2355165298 2355165299
172618395 172618398
172225306 172225308
172225306 172225303
172618398 172618402
172552867 172552869
172552869 172552871
172618408 172618413
172225308 172225312
172618413 172618416
172618416 172618419
172618419 172618422
172618422 172618425
172618425 4059852171
172618427 172618429
172618427 4059852171
172618429 172618431
172618431 172618433
172618433 172618434
172618434 172618436
172618436 172618438
3627440246 172897129
172618438 172618440
172618440 172618442
2147644105 5189367106
2147644105 172358834
172618442 172618444
172618444 172618445
172618445 172618446
172618446 172618448
3709716405 3709716406
172618448 172618451
2355165304 2355165303
2355165304 2355165305
172618451 172618454
172618454 172618457
172618457 172618459
172618459 172618462
172618462 172618465
172618465 172618468
172618468 172618470
172618468 172817345
172618470 172618471
172618471 172618472
172700393 172700395
172700393 172515122
172700395 172700397
172700397 172700401
172700401 172700405
5702471123 5377253386
172700405 172700408
3627440059 3627440058
172700408 172700411
5693611476 5693611477
5693611476 5693611479
172700411 172700414
172700414 172700417
172225285 482710412
172225285 1062485321
172225286 1062485321
172872456 172872459
172716809 172716814
172225290 172225292
172716814 2129828302
172872464 172872466
172716817 2129828302
172716817 3729890232
172872466 172694370
172716819 172716820
172716819 5728115773
172716820 172716821
172716821 3702888157
172716822 172716824
172716822 3702888157
172716824 172716826
172716826 172716828
172716828 172716831
3786422829 3786422830
172716831 172716833
172225312 172225315
172225315 172225319
172897062 172897066
172897062 3627440050
172897062 3627440051
172225319 172225320
172225320 172225321
172225321 3729890204
172897066 4614310444
172225323 3627440070
172225323 3627440066
172225323 3729890204
172897068 172897070
172897068 4614310444
172897070 3627440203
172897072 3627440206
172897072 1805458707
172897073 3627440206
172897076 172897078
5693611486 5693611487
5693611486 5693611485
172897078 172897080
172897080 172897088
172897088 172897093
1833752423 1833752422
1833752423 1833752424
172897093 172897099
172211681 172162520
172211681 172211684
172897100 172897101
172897100 5425496872
172897101 172897102
172897102 172897104
172897104 172897106
172897106 172897108
172897108 172897111
172897111 172897113
172897113 172897116
172897116 172897119
172897119 1868077983
172209951 172209949
172209951 172209953
172897122 172897125
172897122 1868077983
172897127 172897129
5702471143 5702471144
172897137 172897140
172897137 1804645376
172897140 172897141
482710389 482710390
172897142 172897144
172897142 172897141
172897144 172897147
172897147 172897150
172897150 172897153
482710400 482710401
482710401 482710402
482710402 482710403
482710403 482710407
172897156 172897153
172897156 172897159
482726790 2148775568
482726790 2148775576
172897162 1806800183
172897162 172897159
172897163 1806800183
482710412 482710415
172897165 172228408
482710415 482710417
172897168 172897169
172897169 172668868
172897170 172897171
172897170 172668868
482710419 482710418
482710419 482710420
172897172 172897171
172897176 172897178
172897178 172897180
172897180 172897182
172897182 2902023892
172897184 172897186
172897184 2902023892
172211696 172211694
172897186 172897189
5516335259 5516335258
5516335259 5516335260
172897189 172897191
5850641318 172767327
5850641318 172767330
172897191 172897193
172897193 172579719
172897194 172897196
172897194 172579719
172897196 172143998
172897197 172897198
5516335261 5516335260
5516335261 5516335262
2401932215 482711555
172211700 172211703
2355165301 2355165287
2355165301 2355165300
5516335263 5516335262
2052651169 482711561
2052651169 482711562
172252663 172252666
172252663 172252660
801862604 801862637
801862604 172358854
801862604 172358856
5377253383 5377253374
801862617 801862620
801862617 801862667
801862620 2147644192
172252666 172252669
3557799082 3557799079
3557799082 3557799081
801862627 801862628
801862629 801862630
801862631 801862632
801862631 172358854
801862632 801862633
801862633 801862634
801862634 801862635
801862635 801862636
801862636 801862637
801862636 801862663
801862637 801862662
801862640 801862641
801862641 172572143
172782582 172782591
3709716407 3709716406
172782591 172782603
801862663 801862664
801862666 172358852
172782603 172782610
5583420753 5583420754
172782610 172782613
172782613 172782622
653857818 172218996
172782622 172782627
172562608 172562605
172562608 172562611
172782627 172782632
5693611479 5693611475
172782632 2973469444
5516335256 5516335257
172782638 172782645
172782638 2973469444
5377253386 5702471144
172782645 172161891
172510729 172510731
172389436 172389439
4614310689 801953589
172389439 172389442
172389442 172389445
172510731 172510734
172389445 172389448
172389445 172515105
172389445 172515108
172389448 172389451
172389448 172578053
5841982537 5841982538
5841982537 5841982536
5841982538 5841982539
172389451 172389454
5841982540 5841982539
5841982541 5841982535
5841982541 5841982536
5841982541 172556199
172389454 172389456
172389456 172389458
172233811 5649387299
172389460 172389463
5841982550 4930984318
172389463 172389467
801862744 172358834
801862744 172572143
172233817 5649387299
3627440225 3627440224
172389467 172389469
172389469 172389475
172627038 172627041
172627038 172668710
172627041 172627044
172389475 172833273
172627044 172627047
172389478 172389480
172627047 172627050
172389480 172389482
172562620 172562622
172627050 172627053
172627053 172627056
172627056 172627059
172389490 172389492
172389492 172389494
172562622 172209913
172389494 172389497
3557799031 3557799032
3557799031 3557799029
172389497 172389500
3557799034 3557799038
172627067 172627071
172627067 172627065
3557799037 3557799038
172266623 172266626
172393816 172209913
3557799041 3557799044
172266626 172266629
172266629 172266632
172610694 172610697
172627083 172627086
172627083 172627080
3557799052 3557799053
3557799053 3557799054
172627086 172627089
3557799055 3557799056
3557799055 3557799054
3557799056 3557799057
172627089 172627094
3557799058 3557799059
3557799058 3557799057
3557799059 3557799060
3557799060 3557799061
3557799060 3557799063
3557799061 3557799062
172627094 172627097
3557799063 3557799069
3557799064 3557799062
172627097 172627100
3557799066 3557799071
3557799066 3557799067
172627100 172627103
3557799070 3557799072
3557799070 3557799068
172627103 172627109
3557799073 3557799075
3557799073 3557799071
3557799074 3557799069
3557799074 3557799077
3557799075 3557799076
3557799076 3557799078
172627109 172627114
3557799078 3557799080
3557799079 3557799077
3557799080 3557799081
2562250678 2562250673
172627114 172627117
172627117 172627120
172871197 172871199
172627120 172627123
172627123 172627125
172627125 172627128
172627128 172627130
172627133 172627135
1710228179 1710228194
5649274301 5649274292
3627440050 3627440049
3627440050 3627440080
4930984824 5822184173
4930984824 4930984825
3702011126 3702011127
3702011126 172668863
3702011127 3702011128
3702011128 3702011129
3702011129 3702011130
3702011130 3702011140
3702011131 3702011132
3702011131 3702011140
5189367039 172358822
172578053 172578055
172578055 172578058
172578058 172578060
172578060 172578063
172578063 172578067
172578067 172578070
172578067 172578112
172578070 172578073
172578073 172578076
172578076 172578079
172578079 172578082
172578082 172578085
172578085 172578088
172578088 172578091
172578091 172578094
172562653 172562650
172562653 172562655
1710228182 1710228184
172578097 172578099
172808415 172808413
172808415 172808417
5189367106 172358840
5583420755 5583420754
3627440063 3627440062
3627440063 3627440067
4365192760 172455373
4365192760 172455374
5693611481 5693611482
172808420 172808417
172808420 172808422
2355165311 2355165310
172897167 1806268028
172291426 172291428
172291426 172291472
172291428 172291430
172291428 172291484
172291430 172291432
482710417 482710418
172291432 172291435
172291435 172291438
1710228184 1710228188
172291438 172291441
172291441 172291444
172291444 172291448
172291448 172291451
172291451 172291453
172291453 172291456
172291456 172291459
172291459 172291462
1873548677 1269676745
172291462 172291464
172291464 172291466
172291466 172291468
172291468 172291470
172871234 172871231
172871234 172871237
172291470 172291472
172291484 172291487
172291487 172291488
172291488 172291491
1873548706 1269676740
172291491 172291494
172291494 172291497
172902641 172236434
172291497 172291500
172291500 172291503
172291503 172291506
172291506 172291509
172291509 172291511
172291511 172291512
172291512 172291513
172291513 172291514
172291514 172291515
172291515 172291516
172291516 172291517
172291517 172291519
172291519 172291521
172291521 172291522
172291522 172291523
172455374 172455375
172455375 172455376
172455376 172455379
172525816 172358786
172455379 172455382
172455382 172455385
3709716409 3709716410
4565612436 4565612435
4614310431 3627440068
5425493503 1833752410
4930984826 4930984825
4930984826 4930984827
4614310718 4614310717
3627440228 3627440229
3709716411 3709716412
172832306 172832312
172832312 172832313
172832315 172832317
172832317 172832319
172832319 172832322
5538125376 172572154
172832322 172832325
172832325 172701779
172832326 172832329
172832326 172701779
2148775496 1710227057
172799566 172799568
172832335 172832337
172799568 172799570
172799570 172799572
2148775507 1710227152
172799572 172799574
172799574 172145271
5850641337 172767343
5850641337 172767346
172832344 172832345
172832345 172832347
2148775514 1710227152
2148775514 1710227399
172832347 172832349
172832349 172832351
172799582 172799585
172799582 172211626
172832351 172832354
172832354 172832356
172832356 172832358
3799202593 482711548
3799202593 482711549
172799592 172799594
172799594 172799596
172799596 172799599
1806268014 2129718108
172799599 172799601
5786045022 5534707490
172799601 172799602
172799602 172799604
172799604 172799606
2148775541 2148775540
172799606 172799608
172799608 172799611
1806268028 172228408
3627440065 3627440048
3709716414 3709716415
3709716414 3709716413
2148775564 2148775565
2148775568 2148775569
2148775569 2148775574
2148775570 2148775571
2148775570 2148775574
2148775571 2148775572
1806268053 172668868
1806268053 172668871
2148775575 2148775576
1710228194 1710228214
5425496872 1805368008
3627440229 3627440230
5806792307 5583419711
5843916475 5649387259
1808960710 172228426
5822830558 172778719
5822830558 172778722
4614310438 3627440079
4614310438 3627440078
3702888157 3702888175
3709716412 3709716413
3702888175 5728123238
172521200 172521204
457021169 457021170
457021169 172154434
172521204 172521207
3702888181 3702888182
3702888181 3702888192
3702888182 3702888183
172521207 172521210
3702888184 3702888183
3702888184 3702888185
172209913 172209916
172209913 172562625
172521210 172521214
172209916 172209919
172521214 172521217
172209919 172209922
172521217 172521220
172209922 172209925
172209925 172209928
172521222 172521223
172521227 5431750633
172521228 5431750633
172209934 172209937
172209937 172209942
172848915 172848917
172848917 172848919
172209942 172209945
172209945 172209947
172209947 172209949
172848924 172848927
172848927 172848931
172209953 172209956
172668710 172668713
172668713 172668716
172668716 172668719
172668719 172668721
172480308 172480310
172480310 172800590
172480313 172480314
172480314 172480317
172480317 172480320
172480320 172480323
172480323 172480326
172668745 172668748
172668748 172668751
172668751 172668754
172668754 172668757
172668760 172668761
172668761 172668763
172668767 172668769
172668769 1825881122
1833752418 1833752419
1833752419 1833752421
172668772 172668775
172668772 1825881122
1833752421 1833752422
172668775 172668778
1833752424 1833752425
172668778 1825447256
1833752427 1833752428
172668781 1816672560
172668781 1825447256
1833752430 1833752431
172668784 172668787
172668784 1816672560
1833752433 1833752434
172668787 172668788
172668788 1816672566
172668790 172668791
172668790 1816672566
172668791 172668792
172668792 1816672586
172668794 1269676745
172668796 172668798
172668796 1269676745
172668798 172668802
1833752448 1833752449
1833752448 1873575206
1833752449 1833752450
172668802 172668803
172668803 1269676764
172668804 172668806
172668804 1269676764
1833752455 1833752456
172668809 172668812
172627071 172627074
172668812 172668815
1833752462 172668867
1833752462 172668868
172668815 172668817
172668817 172668818
172668818 172668819
1833752468 1833752469
1833752469 1833752473
1833752470 1833752471
1833752472 1833752471
1833752473 1833752482
172668826 172668827
172668827 172668828
172668828 172668829
172668829 1863678588
1833752478 1833752480
172668831 172668835
172668831 1863678586
1833752482 1833752487
172668835 172668836
172668836 172668837
172668837 172668838
172668838 172668841
172668838 482711561
172668841 172668843
172316586 172316588
172668843 172668846
172316591 172316592
172316592 172316593
172709810 172709813
172668852 172668854
172709813 172709816
172316599 172316601
172709816 172709819
172316601 172316605
172668858 172668860
172709819 172709822
172668860 172668863
172316605 172316609
172709822 172709824
172709824 172709826
172316613 172316615
172316615 172316617
172316617 172316618
172316618 172316620
172668875 5742054536
172668875 172668871
172316620 172316622
172316622 172316624
3627440079 3627440080
172668881 172668883
3627440082 3627440081
3627440082 3627440083
172668884 172668886
3627440085 3627440084
3627440085 3627440086
3627440087 3627440086
172316632 172316635
172668890 172668892
172668892 172668894
172668894 172668895
172668895 172668898
172668898 172668901
172668901 172668904
172668904 172668907
172668907 172668909
172668909 172668910
172668910 172668912
172505071 172505076
172505071 172358830
172505074 172358830
3702888437 3702888447
172767224 5649387273
172767225 5649387259
482711546 1871772968
482711547 482711548
482711547 1871772968
482711549 3799202594
482711550 3799202594
482711550 1871772955
172767231 172767234
172767234 172767237
482711555 482711556
172767237 172767240
172767240 172767245
482711562 2052651168
482711563 482711564
482711563 2052651168
172767245 172767248
172767248 172767250
172767250 172767251
172767251 172767252
172767252 172767254
172767254 172767256
172767256 172767257
172767257 172767259
172767259 172767262
172767262 172767264
172234783 172234786
172234783 172211669
172767264 172767267
172767273 172767275
172767275 172767278
172767278 172767281
172767281 172767286
172767290 172767294
172767294 172767297
172767297 172767299
172472386 172472389
172472386 172252684
3627440196 3627440054
172472389 172472392
172767305 172767307
172767307 172767309
3627440204 3627440203
172767309 172767311
172767311 5850641307
2355165264 2355165303
2355165264 773021204
172767313 172767317
172701779 172701780
172701780 172701783
172701783 172701786
172767320 172767321
172767321 5850641315
172701786 172701788
172767323 172767327
172767323 5850641315
172701788 172701790
2355165277 4614310460
172701790 172701793
172701793 172701796
172767330 172767333
172767333 172767338
2355165286 2355165287
2355165287 2355165302
2355165288 2355165289
2355165288 2355165302
172767338 172767340
172767340 172767343
2355165293 2355165294
2355165294 2355165306
2355165296 2355165297
172316786 172316789
2355165299 2355165300
172316789 172316792
172316792 172316795
2355165305 2355165306
172316795 172316798
172562559 172562562
172562559 172391983
172562562 172562565
172562565 172562568
172562568 172562570
5377253423 172358780
5377253423 172358781
172562570 172562572
172562572 172562574
172562574 172562578
3627440041 3627440042
172562578 172562581
172562581 172562584
172562584 172562587
5516335257 5516335258
172562587 172562589
172562589 172562591
172562591 172562594
172636528 172636531
172562594 172562595
172562595 172562597
172562597 172562598
172562598 172562599
172562599 172562601
172562601 172562603
3627440042 3627440043
172636336 172636338
172636336 172358808
172636338 172636340
172636340 172636342
172636342 172636346
172562615 172562616
172636346 172636348
172636348 172636349
172636349 172636350
172636350 172636351
172562625 172562626
172562626 172562628
172562628 172562631
172562631 172562632
172562632 172562633
172562633 172562634
172562634 172562635
172562635 172562638
172562638 172562641
172562641 172562643
172562643 172562645
172562645 172562647
172562647 172562650
172808411 172808413
172562655 172562658
172562658 172562660
172808422 172808424
172808424 172808427
4614310729 2562178025
4614310729 2562178027
4930984320 5841982546
4614310457 4614310456
4614310457 4614310458
3627440045 3627440046
3627440045 3627440031
5822184174 5822184173
5822184174 5822184175
3627440046 3627440047
5583419707 5583419708
5583419707 5583419711
5583419709 5583419710
5583419710 5583419711
4614310732 2562178036
4614310732 2562178038
1816672586 172228464
5785755071 172218939
5785755071 172218941
172415376 172415380
3627440048 3627440049
172415342 172415344
172415344 172415345
172415351 172415354
5583420749 5583420748
5583420749 5583420750
172415354 172415357
5850655489 5534707491
172415357 172415360
172415360 172415362
172415362 172415364
172415364 172415366
172415366 172415368
172415368 172415369
172415369 172415371
5649387273 5649387277
172513680 172513682
172513682 172513683
172415380 172415382
172415382 172415384
172415384 172415386
5841982532 172556212
172415386 172415391
172415391 172415393
172415393 172415396
172415396 172415398
5841982534 5841982535
172415398 172415402
172415402 172415405
172415405 172415408
172415408 172415411
172415411 172415414
4614310463 4614310462
4614310463 773021204
3627440051 3627440058
5841982546 4930984821
172833273 172833276
5850641325 172767346
172833276 172833281
2147643899 172358825
172833281 172833282
172833285 172833290
172833290 172833294
172833294 172833296
172833296 172833300
172833300 172833313
172497430 172497433
172497436 172497438
172497441 172497443
172497443 172497446
3786422821 3786422820
172497446 172497449
3786422823 3786422824
172497449 172497451
172497453 172497455
172497455 172497457
172833329 172833325
172833329 172833331
172497459 172497461
172497459 172497457
172497461 172218956
172833334 172833338
172833334 172833331
172800568 172800565
172800568 172800571
172218937 172218939
172833338 172833342
172218941 172218943
172218943 172218945
172800577 172800579
172800577 172800575
172800579 172800581
172218948 172218951
172218948 172218945
172800581 172800583
172218951 172218954
172800585 172800583
172800585 172800588
172218954 172218956
172218956 172218957
172218957 172218960
172800590 172800588
172218960 172218963
172218966 172218963
172218966 172218969
172218972 172218975
172218972 172218969
172218975 172218978
172218978 172218981
172218981 172218984
172218984 172218987
172218987 172218990
172218990 172218993
172218993 172218996
172219001 172218999
1863678586 1863678587
1863678587 1863678588
172302102 172302100
172302102 172302104
172515096 172515093
172515096 172515099
172292760 172292762
172292762 172292764
172292764 172292766
2355165268 2355165267
172292766 172292768
172292768 172292770
172292774 172292777
172292777 172292780
172292780 172292785
3557799026 3557799027
3557799026 3557799028
172292785 172292786
172292786 172292789
3557799027 3557799029
172627062 172627065
1269676743 1269676771
172710603 172710605
653847524 4614310481
172710605 172710607
172710607 172710610
172432081 172432082
172432082 172432085
172710612 172710614
172710612 5822339248
172432085 172432087
172710614 172710616
172710616 172710618
172432089 172432091
172432089 172432087
172432091 172432094
172710621 172710623
172710623 172710625
172710625 172710628
172710628 172710629
172710629 172710630
172710630 172710633
172710633 172710636
5822184170 5822184171
172710636 172710638
172710638 172710640
172710640 172710642
172694257 172694260
172694260 172694264
172710646 172710649
172694264 172694267
172710649 172710652
172694267 172694270
172694270 172694273
172694273 172694275
5377245885 1710227325
5377245885 1710227279
172627074 172627077
172833325 172833323
172627077 172627080
172284705 172284707
172284707 172284708
172284708 172284709
172284709 172284710
172284710 172284711
172284711 172284712
172284712 172284713
172284713 172284714
172284714 172284724
172579634 172579637
172579637 172579640
172284726 172284727
172579640 172579643
172579643 172579645
172579645 172579646
172579646 172579648
172579648 172579651
172579651 172579654
172579654 172579657
172161863 5837388916
172161864 172161866
172161864 5837388916
172579657 172579660
172579660 172579663
172579660 172579812
172579663 172579665
172743505 172743509
172694354 172694358
172694354 172694370
172743509 172743512
172579671 172579673
172579673 172579676
172161882 172161885
172890971 172358852
172579676 172579679
172161885 172161888
172743518 172743521
172161888 172161891
172743521 172743524
172743524 172743525
172579689 172579692
172579692 172579695
172579695 172579698
4930984821 4930984822
172579702 172579704
172579702 172579731
4930984823 4930984822
172579704 172579707
172579707 172579710
4930984828 4930984829
4930984828 4930984827
4930984829 4930984845
172579710 172579713
172579713 172579716
1505632786 3494169305
172579716 172579719
4930984840 4930984841
4930984841 4930984842
4930984842 4930984843
4930984843 4930984844
4930984844 4930984845
2148775508 1710227057
172579731 172579733
172579733 172579735
172579735 172579738
172579738 172579741
172579741 172579746
172579746 172579747
172579747 172579752
172579752 172579756
3557799068 3557799067
5828713387 5431750633
172579756 172579757
172579756 172579760
172579760 172579761
172579761 172579762
172579762 172579764
172579764 172579767
3729890232 5728115773
653810618 653810703
1505632893 1505632894
172817345 172817348
172579779 172579782
172817348 172817353
653810629 653810659
4614310451 4614310452
172817356 172817357
172817357 172817359
4614310481 653847530
172579800 172579804
172534925 172534922
172579812 172579815
172579815 172579818
172579815 172579829
2562178029 2562178031
2562178031 2562178033
2562178033 2562178034
172579829 172579832
172579832 172579835
1863556092 1863556093
1863556092 172228423
1863556093 172228426
1863556094 1863556095
1807875086 172228423
5538536485 5538536498
1825881135 1825447251
1825881135 1825447255
2148775547 2148775544
172534911 172534913
4614310452 4854194046
3627440074 3627440075
4510506104 4510506106
172358780 5189279038
172358784 172358786
172358786 172358788
172358788 172358789
172358789 172358793
5538054387 5538054395
172358793 172358799
3627440075 3627440076
172358799 172358802
172358802 172358808
172358811 172358816
172358822 5189367038
172403229 172403231
172301497 172301500
172301497 172252675
172301500 172301503
172301503 172301506
172358849 172358852
172301506 172301509
172301506 172302108
172833313 172833318
172358856 172358858
172301515 172301518
172301518 172301521
172301521 172301524
172301524 172301527
172301527 172301530
172301530 172301537
172213455 172213457
172301537 172301540
172833318 172833321
3627440078 3627440077
1710227325 1710227336
3627440076 3627440077
5822339248 172710610
172833321 172833323
4854194048 4854194049
4854194048 4854194047
4854194049 4854194050
172778715 172778717
172778717 172778719
1710226742 1710227046
172211672 172211675
172211672 172211669
5189279046 1710227279
5583420746 5583420748
4614310455 4614310456
172778722 172778724
4614310456 773021446
1825447251 1825447252
1825447252 1825447253
1825447253 1825447254
1825447255 1825447256
5583420763 482714303
172800571 172800575
4614310460 4614310461
4614310461 4614310462
3627440083 3627440084
4614310464 773021204
4614310468 773021608
172211675 172211678
172606704 172606706
172606704 172252672
172211626 172211628
172211628 172211630
172606706 172606708
172211630 172211632
172211632 172211634
172211634 172211636
172211636 172211638
172211638 172211640
172211640 172211642
172211642 172211643
172211643 172211645
172211645 172211647
172211647 172211650
172211650 172211653
172211653 172211656
172211656 172211659
172211659 172211662
5693611469 1505632793
172211662 172211664
172211664 172211666
172211666 172211669
5693611475 5693611478
172162520 172162521
172162520 172211678
172162521 172162523
172162523 172162524
172162524 172162527
172162527 172162529
172211684 172211687
172211687 172211690
172211690 172211692
172211692 172211694
172487188 172487190
172572143 172572144
172572144 172572145
172211703 172211705
172572152 172572154
172211705 172211707
172252669 172252672
172252672 172252675
172252675 172252678
172252678 172252681
172252681 172252684
172252684 172252687
172391971 172391973
172391973 172391975
773021222 773021608
172391975 172391977
172391977 172391980
172391980 172391983
172556210 172556207
172556210 172556211
172465710 172465714
172391983 172391985
172391985 172391987
172465714 172465717
172391987 172391990
172391990 172391993
172391993 172391996
172391996 172391999
172391999 172392001
172392003 172392005
172392005 172392007
172392009 172392011
172219994 172219997
172219997 172220000
172220000 172220002
172220002 172220004
2147643872 2147643879
172236408 172236411
172236411 172236414
172236414 172236417
172236417 172236420
172236420 172236423
172236423 172236426
172236426 172236429
172236429 172236432
172236432 172236434
172334748 172334750
172334750 172334753
2147643760 5828705031
1710227169 1710227177
172670701 172670703
172670703 172670705
172670705 172670707
172670707 172670708
172670708 172670710
172302094 172302095
172302095 172302096
172302096 172302097
172302097 172302098
172302098 172302099
172302099 172302100
1710227417 1710227407
1710227417 1710227449
172302104 172302106
172302106 172302108
172515099 172515102
172515102 172515105
172515108 172515111
172515111 172515114
172515114 172515117
172515117 172515120
172515120 172515122
172515122 172515124
172515124 172515126
172228410 172228413
172228413 172228416
172515135 172515137
172515137 172515140
172228430 172228436
1710227279 1710227331
172228436 172228438
172228438 172228441
172228441 172228444
172228444 172228446
172228446 172228449
172228449 172228453
172228453 172228458
1710227305 1710227335
5702471144 5431750632
4854194046 4854194047
1710227328 1710227329
1710227329 1710227341
1710227336 1710227360
5377253376 5377253375
1710227359 1710227383
172556193 172556196
172556196 172556199
172556199 172556202
172556202 172556205
1710227372 1710227382
172556205 172556207
172556211 172556212
1710227383 1710227407
172736458 172736461
172736461 172736465
172736465 172736469
172736469 172736472
5377253369 5377253370
5377253371 5377253372
5377253371 5377253370
5377253372 5377253373
5377253363 5377253364
5377253364 5377253365
5377253365 5377253366
5377253366 5377253367
5377253367 5377253368
5377253368 5377253375
5377253373 5377253374
