4930984833 4930984831
4930984833 4930984835
4930984831 4930984845
4930984845 4930984827
4930984845 4930984841
4930984827 4930984824
4930984824 5822184173
5822184173 5822184169
5822184173 5822184174
5822184169 5822184167
5822184169 4930984823
5822184167 5822184164
5822184164 5822184163
5822184164 5822184170
5822184163 172797490
172797490 5841982550
172797490 5841982551
5841982550 172159394
172159394 4930984320
172159394 172552871
172159394 5841982536
172159394 172556199
4930984320 4930984823
172552871 172552869
172552869 172552867
172552867 653846737
653846737 653846981
653846737 653846982
653846981 5841982563
653846981 4614310697
5841982563 5841982551
4614310697 653846979
653846979 4614310689
4614310689 801953589
801953589 172459874
801953589 653846976
801953589 172459877
172459874 801909175
172459874 653847556
172459874 653847547
801909175 172778722
172778722 172778717
172778717 172196011
172196011 172196017
172196011 5822829828
172196017 172196024
172196024 172196035
172196024 172709808
172196035 172196041
172196041 172196045
172196041 172832329
172196041 172832340
172196045 172196051
172196045 172773627
172196051 172196056
172196056 172196068
172196056 172334753
172196068 172196075
172196075 172196077
172196077 172196079
172196077 172298850
172196079 172196081
172196079 172291522
172196081 3494169310
3494169310 3494169309
3494169309 3494169307
3494169307 3494169306
3494169306 3494169305
3494169305 1505632787
1505632787 1505632805
1505632787 3494169303
1505632787 3494169091
1505632805 1505632807
1505632805 1505632815
1505632807 1505632808
1505632807 1505632838
1505632808 1505632817
1505632808 1505632809
1505632808 1505632829
1505632817 1505632815
1505632817 1505632818
1505632818 1505632811
1505632811 1505632810
1505632811 1505632814
1505632810 1505632809
1505632809 1505632814
1505632814 1505632822
1505632822 1505632823
1505632822 1505632831
1505632823 1505632825
1505632823 1505632833
1505632825 1505632826
1505632825 1505632833
1505632833 1505632834
1505632834 1505632831
1505632831 1505632829
3494169303 1505632789
1505632789 3494169311
1505632789 3494169300
3494169311 1505632791
1505632791 5693611469
1505632791 172799611
5693611469 5693611470
5693611470 5693611484
5693611484 5693611480
5693611484 5693611486
5693611480 1505632796
5693611480 5693611481
1505632796 5693611477
5693611477 1505632798
5693611477 5693611475
5693611475 5693611473
5693611473 3494169317
3494169317 3494169312
3494169312 3494169295
3494169312 3494169296
3494169295 3494169294
3494169294 3494169091
3494169294 3494169324
3494169296 3494169298
3494169298 3494169299
3494169299 5693611481
3494169299 5693611486
172799611 172799608
172799608 172799602
172799602 172550278
172799602 172863782
172799602 172799599
172550278 172550276
172550278 172550280
172863782 172863773
172863773 172863766
172863766 172863761
172863761 172625602
172625602 172574691
172625602 172863748
172574691 172574684
172574691 172574692
172574691 3494169300
172574684 172574676
172574676 172574674
172863748 172863744
172863744 172863737
172863737 172863727
172863727 172863709
172863709 172863700
172863700 172863697
172799599 172799592
172799592 172411849
172411849 172799590
172411849 172403260
172411849 172411851
172799590 172789206
172789206 172789202
172789206 172789211
172789206 172799585
172789211 172670701
172670701 172789224
172670701 172670707
172789224 172664575
172664575 172664581
172664575 172789228
172664581 172664594
172664594 172664597
172789228 172789240
172789240 172789243
172789243 172789249
172670707 172670710
172799585 172211626
172211626 172799574
172211626 172211634
172799574 172799570
172799570 172799566
172799566 172421513
172421513 172421509
172421513 172421520
172421513 172799561
172421509 172421506
172421506 172421496
172421506 172694264
172421496 172421490
172421490 172421486
172694264 172694273
172694273 172694275
172421520 172421528
172421528 172421533
172421533 172421539
172421539 172316786
172316786 172421546
172316786 172316789
172421546 172421551
172421551 172421554
172421554 172673272
172421554 172421563
172421563 172421567
172421563 172736472
172421567 172421573
172421573 172421575
172421573 172465714
172421575 172263607
172263607 172263604
172263607 172263613
172263607 172421580
172263604 172263596
172263596 172263586
172263586 172263578
172263613 172263629
172263629 172263643
172263643 172263647
172421580 172420279
172420279 172420290
172420279 172421584
172420290 172420294
172420294 172420305
172420305 172420309
172421584 172500880
172421584 172345336
172500880 172500883
172500883 172500889
172500889 172500899
172345336 172345334
172345336 172345338
172345334 172345325
172345325 172345311
172345311 172345308
172345338 172345342
172345342 172345344
172345344 172345356
172465714 172465717
172316789 172658830
172316789 172316798
172799561 172799558
172799558 172799556
172211634 172211640
172211640 172211653
172211653 172211656
172211656 172573763
172211656 172211669
172573763 172573769
172573769 172573777
172211669 172234783
172211669 172211675
172234783 172234786
172211675 172211678
172211678 172855591
172211678 172162520
172162520 172211690
172162520 172162529
172211690 172211698
172211698 172211707
172403260 172403255
172403260 172403264
172403255 172403242
172403242 172403237
172403237 172403234
172403237 172805238
172403234 172403229
172805238 172805242
172403264 172403275
172403275 172403279
172403279 172403285
172403285 172214630
172214630 172214633
172214630 172403291
172403291 172403301
172403301 172403316
172403316 172403319
172291522 172887146
172291522 172291521
172291522 172291523
172887146 172773617
172773617 172887158
172773617 172773639
172773617 172773619
172887158 5617193159
5617193159 172887168
5617193159 5617193158
172887168 172291494
172291494 172291487
172291494 172291500
172291487 172291428
172291428 172291462
172291500 172291509
172291509 172773627
172291509 172773639
172291509 172291513
172291513 172291516
172291516 172291521
172298850 172451617
172298850 172298869
172298869 172298875
172298875 172298885
172832329 172701779
172701779 172832319
172701779 172701786
172832319 5617193143
5617193143 5617193144
5617193143 172832306
5617193144 5617193147
172701786 172701796
172832340 172832345
172832345 172832351
172832351 172832358
172832358 172832362
172709808 172709819
172709819 172709828
172709828 172709831
5822829828 172778711
172778711 172778709
172778709 172778705
172778705 172237869
172237869 172237875
172237869 172778697
172237875 172688913
172237875 172236429
172688913 172688914
172688914 172688926
172236429 172236417
172236429 172236434
172236417 172236411
172236411 172568678
172236411 172568685
172236411 172236408
172568685 172568689
172236434 172902640
172236434 172321080
172902640 172902626
172321080 172321084
172321084 172321086
172778697 172778694
172778694 172145320
172145320 172778686
172778686 172778681
172778681 172778673
172778673 172778665
172778665 172778663
653847556 801953542
801953542 801953543
801953543 653847569
653847569 653847573
653847573 653847577
653847577 653847581
653847581 653847584
653847584 1854240199
653847547 653847543
653847543 653847535
653847535 653847530
653847530 653847524
653847524 653847517
653847517 653847511
653847511 4614310455
4614310455 4614310480
4614310455 4614310456
4614310480 4614310479
4614310480 653847483
4614310479 653846987
4614310479 3786422820
4614310479 4614310456
653846987 653846988
653846988 653846990
653846990 653846991
653846991 3786422829
653846991 3702888469
3786422829 3786422825
3786422825 3786422824
3786422824 3786422822
3786422822 3786422820
3786422820 4614310478
4614310478 4614310477
4614310477 4614310476
4614310476 4614310475
4614310475 4614310474
4614310474 4614310473
4614310473 4614310471
4614310471 4614310469
4614310469 773021608
773021608 5616812354
773021608 172263395
773021608 773021222
5616812354 5616812352
5616812354 4614310466
5616812352 5616811419
5616811419 5616812323
5616812323 172419443
5616812323 5616812358
5616812323 172419447
172419443 172897197
172419443 172890958
172419443 773021222
172897197 172893855
172893855 172893863
172893855 172143998
172893863 172513680
172513680 172893878
172513680 172513683
172893878 172893885
172143998 172897194
172897194 172579719
172579719 172897191
172579719 172579707
172897191 172897186
172897186 2902023892
2902023892 172897176
172897176 172897173
172897173 172897171
172897171 172668868
172668868 1833752465
172668868 172668875
172668868 172897168
172668868 172668867
1833752465 3702011126
3702011126 1833752472
3702011126 172668863
3702011126 3702011130
1833752472 1833752477
1833752477 1833752478
1833752478 1833752475
1833752475 3702011142
1833752475 1833752484
1833752475 172668838
3702011142 4045926710
4045926710 4045926709
4045926709 482711558
1833752484 1833752485
1833752485 1863678590
1863678590 1833752488
1833752488 1833752487
1833752487 1833752473
1833752473 1833752468
1833752468 1833752461
1833752461 1833752459
1833752459 1833752456
1833752456 1833752452
1833752452 1833752450
1833752450 1833752449
1833752449 482708521
482708521 1833752442
482708521 172228464
482708521 1816672591
1833752442 1833752439
1833752439 1833752434
1833752434 1833752431
1833752431 1833752428
1833752428 1833752426
1833752426 1833752424
1833752424 172526256
1833752424 1833752422
172526256 1825881080
172526256 3702167401
172526256 172668761
1825881080 172668769
172668769 172668778
172668778 1825447256
1825447256 172668784
1825447256 1825447252
172668784 172668790
172668790 1816672586
1816672586 172228464
172228464 172228453
172228464 172668794
172228453 172228449
172228449 172228444
172228444 172228436
172228436 172228430
172228430 2129814754
2129814754 1863556093
1863556093 1807875086
1807875086 2129659959
2129659959 2129659974
2129659959 2129659958
2129659974 2129659975
2129659974 2129659989
2129659975 2129659977
2129659977 2129659981
2129659989 2129659986
2129659989 2129659995
2129659995 2129659966
2129659995 482711555
2129659966 2129659958
2129659958 2129718107
2129718107 1806268017
1806268017 172228408
172228408 172897165
172228408 1806268028
172897165 172897162
172897162 172897144
172897144 1804645376
1804645376 3627440228
1804645376 3627440231
3627440228 3627440237
3627440228 3627440231
3627440237 3627440234
3627440237 172716806
3627440234 172716806
3627440234 3627440224
172716806 172716817
172716817 172716819
172716819 3702888157
3702888157 172716833
3702888157 3702888178
172716833 172263284
172263284 172263274
172263284 172263290
172263274 172263267
172263267 2936164807
2936164807 3702888437
2936164807 172263265
2936164807 5728126299
3702888437 653846997
653846997 653846995
653846995 653846993
653846993 3702888469
172263265 653847442
172263265 653847433
172263265 5728134129
653847442 653847447
653847447 653847450
653847450 653847457
653847457 653847458
653847458 653847475
653847475 653847483
653847433 5728085050
5728085050 172574646
5728085050 4510506106
4510506106 4510506108
4510506108 1805394923
1805394923 653847423
653847423 653847006
653847423 653847417
653847423 172497433
653847006 3702888144
653847006 653847010
3702888144 653847005
653847005 5728126299
653847010 653847012
653847012 653847017
653847012 653847410
653847012 3627440193
653847012 3627440089
653847017 653847019
653847019 653847021
653847019 653847370
653847021 653847023
653847023 653847026
653847026 653847028
653847028 653847346
653847028 172668701
653847028 653847030
653847346 653847352
653847346 5534707496
653847346 172183102
653847352 653847360
653847360 653847366
653847366 653847370
653847370 653847389
653847370 172502167
653847389 653847395
653847395 653847410
653847410 653847417
172502167 5837644194
5837644194 172336497
172336497 172336494
172336497 172336499
172336494 172336490
172336494 172389482
172389482 172254829
172254829 172254832
172254829 172389475
172254832 172254843
172254843 172254861
172254861 172254874
172254874 172254877
172254877 172254879
172254877 172389492
172254879 172254881
172254881 172254887
172389492 172389500
172389475 172389469
172389475 172833282
172389469 172389463
172389463 172198812
172198812 172198811
172198812 172389454
172198811 172198809
172198809 172198804
172198804 172198798
172198804 172198825
172198798 172198797
172198797 172578079
172198797 172578099
172578079 172578067
172578067 172578055
172578067 172578112
172578055 172389448
172389448 172389445
172389448 172389451
172389445 172389442
172389445 172515102
172389445 172515108
172389442 172389436
172515102 172515093
172515108 172515122
172515122 172700401
172515122 172515133
172700401 172700411
172700411 172700414
172700414 172700417
172515133 172515137
172515137 172515140
172389451 172389454
172833282 172773683
172773683 172773688
172773683 172833285
172773688 172773699
172833285 172833300
172833300 5534707824
172833300 172833325
172833325 172833342
172336499 172336505
172336505 172336513
172336513 172336519
172336513 172682781
172336519 172336521
172336521 172336524
172336524 172311777
172336524 172336526
172336524 172497433
172311777 172497438
172311777 172311779
172497438 172497441
172497441 172497443
172497443 172400948
172497443 172497446
172400948 172729009
172400948 172729028
172400948 172400861
172729009 172728991
172728991 172728980
172728991 172400939
172400939 172400946
172400939 172728967
172400946 172400947
172728967 172728951
172728967 172218966
172728951 172728939
172728939 172728936
172218966 172218963
172218966 172218972
172218963 172218957
172218957 172218956
172218956 172497459
172218956 172218948
172497459 172497453
172497453 172359775
172359775 172359777
172359775 172497446
172359777 172359792
172359777 5785797015
172359792 172359796
172218948 172218945
172218945 172218941
172218941 172218937
172218937 172218935
172218972 172218978
172218978 172218981
172218981 172263242
172218981 172218984
172263242 172263248
172263248 172311800
172263248 172263260
172311800 172311798
172311798 172304625
172304625 172311796
172311796 172311794
172311794 172311790
172311790 172311784
172311784 172400926
172311784 172311781
172400926 172400916
172400926 172729065
172400916 172400902
172400902 172400896
172400896 172729036
172400896 172729056
172729036 172729028
172729056 172729065
172311781 172311779
172263260 5728134129
172218984 172218987
172218987 172218993
172218993 172218996
172218996 653857818
653857818 5854187888
5854187888 172218999
172218999 172219001
172400861 172400888
172336526 172336529
5534707496 653847335
653847335 5534707489
5534707489 653847329
5534707489 5534707487
5534707489 5614445676
653847329 5850655490
653847329 5516335267
5850655490 5534707491
5534707491 5878088344
5878088344 1062479512
1062479512 1062479510
1062479512 1062479537
1062479537 1062479538
1062479538 1710227046
1710227046 1710227152
1710227152 2148775514
2148775514 1710227399
1710227399 1710227495
1710227495 1710227572
1710227572 1710227591
1710227591 1710227695
1710227695 1710227725
1710227725 1710227741
1710227741 1710227762
1710227762 2148775539
2148775539 1710227932
1710227932 2148775542
1710227932 172415342
2148775542 1710228139
1710228139 1710228167
1710228139 2148775561
1710228167 1710228196
1710228196 482726790
482726790 2148775574
482726790 2148775576
2148775574 482714370
2148775574 2148775576
482714370 482714367
482714367 5649286003
5649286003 1710228335
1710228335 482714355
482714355 482714348
482714348 482714338
482714338 482714328
482714338 5583420753
482714338 172189019
482714328 5583420766
482714328 2147643754
5583420766 3730498289
3730498289 5583420763
5583420763 482714309
5583420763 482714297
482714309 5583420757
5583420757 5583420753
482714297 482714291
482714291 482714279
482714279 482714269
482714269 482714264
482714264 4370141953
4370141953 2148775561
2147643754 2147643758
2147643758 172189019
2147643758 5189366035
2147643758 2147643764
172189019 2147643723
172189019 2147643759
2147643723 2147643721
2147643721 172175856
172175856 1710228259
172175856 2147643710
172175856 2147643715
1710228259 2148775576
2147643710 1710228241
2147643710 1710228276
2147643710 1710228171
1710228241 172736591
172736591 2148775564
2148775564 172736588
172736588 482714256
172736588 172415336
482714256 1710228060
1710228060 482714254
482714254 5538678211
482714254 5538678227
5538678211 5538678227
5538678211 5538678212
5538678227 5538678216
5538678216 5583419711
5538678216 5538678213
5583419711 5538678230
5583419711 5538678213
5538678213 5538678220
5538678220 5538678212
5538678220 5583420748
5538678212 5583420748
5583420748 482714250
482714250 172358816
172358816 1710228131
172358816 172358811
172358816 1710228171
1710228131 1710228008
1710228131 5189366031
1710228008 5189366030
5189366030 1710227812
1710227812 172358808
1710227812 172739457
1710227812 1710227791
172358808 5189366029
172358808 172636336
172358808 172358799
5189366029 172358811
172636336 172636342
172636342 172636350
172636350 172636351
172358799 172358793
172358793 172358789
172358789 172358788
172358788 172358786
172358786 172525813
172358786 172358784
172525813 172525810
172525810 172525805
172525805 172525790
172525790 172518399
172518399 172525775
172518399 172518404
172525775 172525771
172518404 172518406
172518406 1710227716
172518406 172266620
1710227716 1710227756
1710227756 1710227767
1710227756 172266620
1710227756 172266626
1710227767 172518420
1710227767 172559770
172518420 172266620
172518420 172518421
172559770 172808422
172808422 172808420
172808420 172266626
172358784 5828404111
5828404111 5377253518
5377253518 172358781
172358781 1710227198
172358781 1710227331
172358781 1710227279
172358781 172358780
1710227198 172657356
172657356 1710227169
1710227169 172657350
172657350 1710227372
1710227372 172657346
172657346 172657344
172657344 1710227341
1710227341 1710227305
1710227305 1710227180
1710227180 172657336
172657336 5795083353
1710227331 1710227543
1710227331 1710227383
1710227331 1710227279
1710227543 1710227686
1710227686 172521200
1710227686 5189366101
172521200 172521214
172521214 172521222
172521222 172521226
172521226 172521227
172521227 5431750633
5431750633 172521228
5431750633 5828713387
5828713387 5431750632
5431750632 4063555601
5431750632 5702471144
5431750632 4063555605
4063555601 5702471124
5702471124 5702471125
5702471125 5702471140
5702471125 5702471142
5702471142 5702471144
5702471144 5702471146
5702471144 5702471122
5702471146 5702471148
5702471148 5377253377
5377253377 5377253367
5377253377 5377253370
5377253367 172739429
5377253367 5377253383
172739429 172739420
172739420 5843824953
5843824953 1710228146
1710228146 3557799030
3557799030 1710228175
3557799030 3557799026
1710228175 172739413
1710228175 1710228179
172739413 172739407
172739407 1710228264
1710228264 1710228278
1710228264 1710228290
1710228278 1710228243
1710228278 1710228285
1710228243 1710228194
1710228194 1710228179
1710228179 1710228182
1710228182 1710228188
1710228188 1710228192
1710228192 1710228190
1710228192 1710228209
1710228209 1710228251
1710228209 1710228211
1710228251 1710228284
1710228284 1710228304
1710228304 1710228285
1710228304 1710228333
1710228333 1710228351
1710228351 1710228399
1710228399 1710228369
1710228399 1710228408
1710228399 1710228414
1710228369 1710228308
1710228308 1710228274
1710228274 1710228262
1710228262 1710228234
1710228262 1710228263
1710228234 1710228211
1710228408 4622741313
1710228414 1710228415
1710228415 1710228446
1710228446 1710228482
1710228290 172739399
172739399 172739394
172739394 172286932
172286932 172286926
172286932 172286940
172286932 2147643727
172286932 2147643735
172286926 172286911
172286911 172286903
172286940 172286946
172286946 172286949
172286949 172286954
172286954 172233817
172233817 5649387299
5649387299 172233811
172233811 172739388
172233811 2147643735
172739388 172739383
172739383 2147643794
2147643794 2147643800
2147643794 2147643790
2147643794 2147643814
2147643800 2147643795
2147643800 172175842
2147643800 2147643813
2147643795 2147643807
2147643795 2147643792
2147643795 2147643790
2147643807 2147643818
2147643818 2147643822
2147643822 2147643812
2147643822 2147643827
2147643812 2147643804
2147643804 2147643791
2147643791 2147643782
2147643782 172192302
172192302 2147643769
172192302 5649274301
172192302 2147643775
2147643769 2147643753
2147643753 2147643781
2147643753 2147643748
2147643753 172175848
2147643781 2147643792
2147643748 2147643743
2147643748 2147643745
2147643748 2147643775
2147643743 2147643731
2147643743 172175848
2147643743 2147643730
2147643731 172767224
172767224 172175848
172767224 5649387273
172175848 2147643770
2147643770 5828705038
5828705038 2147643789
2147643789 2147643790
2147643790 2147643780
2147643780 2147643765
2147643765 2147643736
2147643736 2147643727
5649387273 5649387277
5649387277 172767225
172767225 172767227
172767227 172767231
172767231 172767248
172767248 172767252
172767252 172767257
172767257 172767270
172767270 5843824962
5843824962 172767273
172767273 172767286
172767286 1710227880
1710227880 1710227929
1710227880 172767301
1710227929 1710227964
1710227929 1710227901
1710227964 1710228030
1710228030 1710228109
1710228109 1710228098
1710228098 1710228038
1710228038 1710228001
1710228001 1710227920
1710227920 1710227867
1710227867 1710227901
172767301 172739451
172739451 172739450
172739451 172739453
172739451 172767309
172739450 5377253383
5377253383 5377253370
5377253370 1710227839
1710227839 5376839249
5376839249 4063555605
172739453 172739457
172767309 172767317
172767317 172767321
172767321 172767323
172767323 5850641337
5850641337 5850641325
5850641325 1710227764
1710227764 1710227770
1710227764 5189366101
1710227770 5850641297
5850641297 1710227791
2147643730 172175851
172175851 172175854
172175854 1710228276
1710228276 5189366032
1710228276 2147643715
5189366032 5189366031
2147643715 2147643720
2147643715 2147643722
2147643720 2147643724
2147643724 2147643745
2147643722 2147643725
2147643725 2147643737
2147643737 2147643759
2147643759 172189016
2147643759 2147643764
172189016 2147643779
172189016 5649274262
2147643779 5649274234
2147643779 2147643773
5649274234 172192239
172192239 5649274248
5649274248 5536955849
5536955849 172192225
172192225 172192218
172192225 5538245761
172192218 2147643861
172192218 172192212
2147643861 2147643850
2147643861 172192212
2147643850 2147643839
2147643839 2147643830
2147643830 2147643826
2147643826 172358822
2147643826 2147643829
2147643826 5189366034
172358822 4076783594
172358822 2147643829
172358822 2147643844
172358822 172872162
4076783594 4837362517
4837362517 1868062758
1868062758 482708511
482708511 3702845998
482708511 482708505
3702845998 3702846003
482708505 482708500
482708505 3627440031
482708500 482708506
482708500 3627440032
482708506 729710897
729710897 729710899
729710897 482708529
482708529 482708531
482708531 653810709
482708531 729722090
653810709 653810618
653810618 729711324
653810618 653810703
729711324 653810625
653810625 482708535
653810625 653810692
482708535 482708538
482708538 482708542
482708542 482708546
482708546 653810629
653810629 482708549
653810629 653810659
482708549 3702846007
3702846007 482708526
3702846007 482708552
482708526 482708524
482708524 482708522
482708522 4493122558
4493122558 4854194050
4854194050 4493122555
4854194050 4854194046
4493122555 4493122553
4493122553 4493122551
4493122551 4493122549
4493122549 1816672591
4854194046 4614310447
4614310447 1833732445
1833732445 1833732444
482708552 482708557
482708557 482708561
3627440032 3627440031
3627440032 482708458
3627440031 482708457
482708457 482708458
482708457 2147643912
482708457 172358825
482708458 5189366037
482708458 2147643917
5189366037 2147644105
2147644105 2147644109
2147644105 172358834
2147644105 5189367106
2147644109 801862641
2147644109 172358834
2147644109 801862629
801862641 172572143
172572143 172358834
172572143 5933126027
172358834 2147644071
2147644071 2147643984
2147643984 2147643976
2147643984 172358830
2147643976 2147643924
2147643976 172505074
2147643924 2147643917
2147643917 2147643912
2147643917 3702167398
2147643912 3702167399
2147643912 5189366036
5189366036 2147643841
2147643841 2147643833
2147643833 2147643829
2147643829 3799202634
3799202634 172772098
172772098 172455356
172455356 172772108
172455356 172192212
172455356 172455359
172772108 172772112
172772112 2147643933
2147643933 172772119
172772119 172772129
172772129 172772136
172772136 172772141
172772141 172772147
172772147 172391973
172391973 172772157
172391973 172391971
172391973 172391975
172772157 2147643973
2147643973 172772178
172772178 2147643906
2147643906 2147643892
2147643892 3643273459
2147643892 2147643887
2147643892 2147643890
2147643887 2147643886
2147643887 172772187
2147643887 3643273457
2147643886 3643273453
2147643886 2147643875
2147643886 2147643890
2147643875 2147643857
2147643857 2147643843
2147643843 2147643827
2147643843 172772199
2147643843 3799202614
172772199 3799202617
172772199 172772204
172772199 2147643856
3799202617 5538536485
172772204 2147643817
2147643817 172175842
2147643856 172772187
3799202614 3799202615
2147643890 2147643918
2147643890 5649274487
2147643918 2147643950
2147643950 2147643985
2147643985 172391971
172391971 2147644025
2147644025 2147644023
2147644023 2147644009
2147644009 2147643980
2147643980 2147643951
2147643951 2147643916
2147643916 3799202627
3799202627 2147643882
2147643882 2147643873
2147643873 172192212
5649274487 3643273456
172391975 172391983
172391983 172562562
172391983 172391993
172562562 172562572
172562572 172562584
172562584 172562595
172562595 172562603
172562603 172436769
172436769 172436771
172436769 172562614
172436771 172436776
172436776 172436784
172562614 172562617
172562617 172209913
172209913 172393818
172209913 172209928
172209913 172562631
172393818 172393841
172393818 172393826
172209928 172209945
172209945 172209956
172562631 172562641
172562641 172562658
172562658 172562660
172391993 5821964995
5821964995 172392011
172455359 4365192760
4365192760 172455385
172455385 5538054404
5538054404 5538054405
172505074 172358830
172358830 172276746
172276746 172561099
5933126027 5933126029
5933126029 5802617651
5802617651 172572152
172572152 5538125376
801862629 801862627
801862627 2147644181
2147644181 2147644192
2147644192 801862617
801862617 801862667
801862667 801862666
801862666 172474891
801862666 5616812321
801862666 172358852
172474891 172474895
172474895 172474898
172474898 172474904
172474904 172474907
172474907 5616812353
172474907 172618481
172474907 172474915
5616812353 5616812331
5616812353 172618481
5616812353 5616812362
5616812331 172618474
172618474 172618470
172618474 172618481
172618470 172618468
172618468 172618465
172618468 172817345
172618465 172618451
172618451 172618438
172618438 172618434
172618434 4059852171
4059852171 4059852172
4059852171 172618416
4059852172 172284714
4059852172 172284735
172284714 172284705
172284705 172284703
172284703 172558017
172284703 172558040
172558017 172558005
172558040 172558046
172558040 172817356
172558040 172817345
172558046 172487190
172487190 172558070
172487190 172487196
172487190 172487163
172487163 172817356
172618416 172618402
172618402 172618391
172618481 5616812361
5616812361 5616812325
5616812362 5616812356
5616812356 5616812321
5616812321 5616812359
5616812321 801862664
5616812359 5616812326
5616812359 172358852
5616812359 172358854
5616812326 5616812335
5616812335 5616812360
5616812360 5616812332
5616812332 5616812341
5616812341 5616812327
5616812341 172199628
5616812341 172316632
5616812327 5616812322
5616812322 5616812358
172199628 5616812336
172199628 5616812343
172199628 172199643
5616812336 1803480639
1803480639 1803480642
1803480642 172890969
172890969 172890971
172890971 172358852
172358852 172358849
172358849 4370141962
4370141962 5933125890
5933125890 172358846
172358846 172358843
172358843 172358840
172358840 5189367106
5616812343 172890963
172890963 172890961
172890961 172890958
172199643 172199658
172199658 172510734
172199658 172199667
172510734 172510746
172510746 172510757
172199667 172191648
172191648 172199687
172191648 172191650
172199687 172445063
172199687 172199700
172445063 172445064
172191650 172191651
172316632 172316630
172316630 172316622
172316622 172316617
172316617 172316613
172316613 172316609
172316609 172316599
172316599 172316595
172316595 172316593
172316593 172316591
172316591 172316590
172316590 172316588
172316588 172316586
172316586 3709716403
3709716403 3709716405
3709716405 3709716408
3709716408 3709716410
3709716410 3709716413
3709716413 3709716414
3709716414 3709716415
3709716415 3709716417
3709716417 3709716419
172358854 801862604
172358854 801862632
801862604 801862637
801862604 172358856
801862637 801862636
801862637 801862662
801862636 801862632
801862636 801862664
172358856 172358858
172474915 172474921
172474921 172428240
172428240 172428251
172428251 172428260
172428260 172500066
172428260 172428267
172500066 172500077
172500077 172166297
172166297 172166285
172166297 172166231
172166285 172166269
172166269 172166265
172166265 172166254
172166254 172166231
172166231 172166308
172166308 172166320
172166320 172428283
172166320 172166324
172428283 172428267
172358825 2147643844
172872162 2147643799
2147643799 5189366033
5189366033 2147643776
2147643776 5189366035
5189366034 2147643802
2147643802 2147643784
2147643784 2147643768
2147643768 2147643764
2147643764 2147643773
5538245761 172192340
5649274262 172192274
172192274 172192287
172192287 5649274292
5649274292 5649274301
2147643813 2147643835
2147643835 2147643853
2147643853 2147643866
2147643866 2147643879
2147643879 2147643881
2147643881 2147643888
2147643888 2147643908
2147643908 2147643910
2147643814 172134300
172134300 172155873
172155873 2147643871
2147643871 457021169
457021169 172140201
172140201 172175832
3557799026 3557799038
3557799038 3557799046
3557799038 3557797071
3557799046 3557797076
3557799046 3557799050
3557797076 3557799052
3557797076 3557797072
3557799052 3557799055
3557799055 3557799060
3557799060 3557799066
3557799060 3557799063
3557799066 3557799082
3557799066 3557799072
3557799082 3557799063
3557797072 3557797071
3557797071 3557799036
5702471122 5702471121
5702471121 5702470919
5702470919 5702470916
5702470916 5702470915
1710227383 1710227449
1710227449 1710227518
1710227518 1710227585
1710227585 1710227587
1710227587 1710227536
1710227587 1710227613
1710227536 5377245913
5377245913 1710227402
1710227402 1710227325
1710227325 1710227279
1710227279 3474548119
3474548119 1710226721
1710227613 4063555609
172358780 5189279038
172415336 172657375
172657375 2148775540
2148775540 172131444
172131444 172736573
172736573 172736570
172736570 172736563
172736563 172736560
172736560 172736555
172736555 172736542
172736542 172736536
172736536 172145241
172145241 172736525
172736525 172736522
172736522 172432036
172415342 172415347
172415347 172415357
172415357 172415362
172415362 172415368
172415368 1803349835
1803349835 172415380
172415380 172415382
172415382 172415396
172415396 172415408
172415408 1833752413
1833752413 1833752410
1833752413 172415416
1833752413 1833752416
1833752410 172668736
172668736 172668727
172668736 172415416
172668727 172668719
172668719 172627038
172627038 172668708
172627038 172627047
172668708 172668706
172668706 172668701
172627047 172627062
172627062 172627077
172627077 172627100
172627100 172627103
172627103 172627130
172627130 4059852157
4059852157 4059852151
4059852157 172627135
172627135 653847032
653847032 653847030
653847032 5534707487
5534707487 1803349800
1803349800 2148775524
2148775524 653847078
653847078 653847092
653847092 2148775508
2148775508 1710227057
1710227057 2148775496
172415416 4363571173
172415416 172668748
4363571173 4363571170
4363571170 4363571168
4363571168 482710390
482710390 4565612429
4565612429 4565612431
4565612429 3729890221
4565612431 4565612433
4565612431 4565612436
3729890221 172225285
172225285 482710418
172225285 172225286
482710418 482710420
172225286 172225294
172225294 172225297
172225297 172225308
172225297 3729890217
172225308 172225320
172225320 172225323
172225323 3627440055
172225323 3627440063
3627440055 3627440063
3627440055 3627440054
3627440063 3627440064
3627440064 3627440050
3627440064 3627440085
3627440050 172897062
3627440050 3627440076
172897062 172897070
172897062 3627440217
172897070 3627440204
3627440204 1805458707
1805458707 172897073
172897073 1805364136
1805364136 3627440209
1805364136 172897078
3627440209 3627440211
3627440211 3627440213
3627440213 3627440216
3627440216 3627440217
3627440217 3627440060
3627440060 3627440200
3627440060 3627440054
3627440200 3627440201
3627440201 3627440202
3627440054 172773921
172773921 172773930
172773930 172773936
172773936 172526244
172526244 172526236
172526236 653813749
653813749 3702167401
172897078 1805368008
1805368008 172897102
172897102 1868077983
1868077983 172897122
172897122 172897129
172897129 3627440224
172897129 3627440239
3627440224 3627440239
3627440239 3627440231
3627440076 3627440193
3627440085 3627440089
3729890217 482710400
482710400 482710401
482710401 482710402
482710402 482710407
172668748 172668757
172668757 172668761
1833752416 1833752419
1833752419 1833752422
5516335267 5516335255
5516335267 172432097
5516335255 5516335258
5516335258 5516335263
172432097 172432091
172432091 172432081
5614445676 5534707488
172183102 172183117
172263290 172263296
172263296 172263301
172263296 172668916
172263301 172263307
172263307 172263320
172263320 172263327
172263327 172263333
172263333 4844546155
4844546155 172263342
172263342 172263348
172263348 172263356
172263356 172263366
172263366 172263374
172263374 172263378
172263378 172263384
172263384 172263388
172263388 172263395
172668916 172668910
172668910 172668907
172668907 172668892
172668892 172668890
172668890 3702888191
3702888191 5742054559
3702888191 3709716355
5742054559 172668881
172668881 172668875
3709716355 3702888185
3702888185 3702888184
3702888184 3702888183
3702888183 3702888192
3702888192 3702888178
1806268028 172897167
172897167 172897168
482711555 482711553
482711553 1871772955
1871772955 482711549
482711549 1871772968
1871772968 172668863
172668863 172668867
172668863 172668856
172668856 172668852
172668852 172668843
172668843 172668838
172668838 172668835
172668838 482711565
172668835 172668831
172668831 1863678587
1863678587 172668828
172668828 172668826
172668826 172668819
172668819 172668815
172668815 172668812
172668812 3527288651
3527288651 172668804
172668804 1269676764
1269676764 1269676740
1269676764 172668796
1269676740 1269676743
172668796 1269676745
1269676745 1833757364
1269676745 172668794
1833757364 1269676741
1269676741 1269676746
482711565 1871784112
1825447252 1825447254
3702011130 3702011132
172579707 172579702
172579702 172579700
172579702 172579733
172579700 172579679
172579700 172579782
172579679 172579761
172579679 172579667
172579761 172579756
172579756 172579746
172579756 172579757
172579746 172579733
172579667 172579660
172579660 172579646
172579660 172579815
172579646 172579637
172579637 172579634
172579815 172579818
172579815 172579835
172579782 172579788
172579788 172579791
172579788 172579800
172579800 172579804
172419447 4589931445
4589931445 172419461
4614310466 3729890264
3729890264 4614310464
4614310464 773021204
773021204 2355165264
773021204 4614310462
2355165264 2355165266
2355165264 2355165305
2355165266 2355165275
2355165275 2355165314
2355165275 2355165269
2355165314 2355165311
2355165311 2355165310
2355165269 2355165271
2355165271 2355165274
2355165305 2355165306
2355165306 2355165297
2355165306 2355165293
2355165297 2355165299
2355165299 2355165287
2355165287 2355165279
2355165287 2355165290
2355165279 2355165284
2355165279 2355165277
2355165284 2355165281
2355165277 4614310458
2355165277 4614310460
4614310458 4614310457
4614310457 4614310456
4614310456 653846983
653846983 653846982
653846983 172380521
172380521 5835501136
5835501136 172380528
4614310460 4614310461
4614310461 4614310462
2355165290 2355165293
653846976 653846970
653846970 653846960
653846960 653846956
653846956 653846951
653846951 653846946
653846946 653846942
653846942 653846941
653846941 801917758
801917758 653846935
172459877 172459881
172459881 4614310712
4614310712 172206940
172206940 172459897
172459897 172459898
172459898 172207024
172207024 172459905
172459905 172459910
172459910 172459913
172459913 172459916
172459916 172459919
172459919 172459924
172459924 172459926
172459926 172459930
172459930 172608272
172459930 172459936
172608272 172608270
172608270 172608264
172608264 172608261
172608264 172846255
172608261 172608253
172608253 172363449
172363449 172608251
172363449 172363457
172363457 172363461
172363461 172363468
172363461 172610697
172363468 172534931
172363468 172534940
172363468 172363473
172534931 172534922
172534922 172534916
172534916 172534911
172534911 172534899
172534911 172871194
172534911 172871191
172534899 172534890
172534890 172534881
172534881 172534878
172534878 172534876
172534878 172872456
172534876 172534868
172872456 172694370
172694370 172694354
172694354 172872468
172694354 172694358
172872468 172872479
172872479 172871225
172871225 172871222
172871225 172871227
172871222 172871213
172871213 172871203
172871203 172871194
172871227 172871237
172871237 172459946
172459946 172459938
172459946 172459952
172459938 172459936
172459952 172459961
172459961 172459963
172459963 172459967
172459963 172710607
172459967 172459971
172459971 172164562
172164562 172164564
172164562 5536895296
172710607 172710614
172710614 172322790
172322790 172322800
172322790 172710623
172710623 172710633
172710633 172710642
172710642 172330997
172330997 172331002
172330997 172710646
172331002 172331015
172331015 172331022
172331022 172480310
172331022 172480313
172480310 172480308
172480310 172800585
172800585 172800579
172800579 172800568
172800568 172800565
172480313 172480314
172480314 172480323
172480323 172480326
172710646 172710652
172871191 172871182
172871182 172871176
172871176 172673094
172534940 172534955
172363473 172363476
172363476 172363478
172363478 172363480
172363480 172363484
5841982536 5841982541
5841982541 172556205
5841982541 172556199
172556205 172556199
172556205 172556212
172556212 172523978
172523978 172523968
172523978 172523981
172523968 172523955
172523955 172523947
172523947 172523935
172523947 172524003
172523935 172523894
172523935 172523919
172523894 172523981
172523894 172523899
172523899 172523919
5822184170 5822184174
4930984841 4930984839
4930984839 4930984835
2562250643 2562250663
2562250643 2562250645
2562250643 2562250641
2562250663 2562250670
2562250663 2562250658
2562250670 2562250668
2562250670 2562250672
2562250672 2562250679
2562250672 2562250666
2562250679 2562250682
2562250679 2562250671
2562250671 2562250669
2562250669 2562250665
2562250669 2562250666
2562250665 2562250664
2562250665 2562250660
2562250664 2562250654
2562250664 2562250666
2562250654 2562250649
2562250654 2562250660
2562250649 2562250652
2562250649 2562250645
2562250652 2562250660
2562250658 172272678
172272678 2562250653
172272678 172272672
172272678 172272681
2562250653 4614237069
4614237069 2562250648
4614237069 4614237067
2562250648 4591497750
4591497750 4591497751
4591497750 2562250644
4591497751 4591497753
4591497753 4591497754
4591497754 4591497755
4591497755 4591497757
4614237067 4614237065
4614237065 4614237063
4614237065 4614237061
4614237063 4614237061
172272672 2562250681
172272672 172272669
172272681 2562250641
2562250641 172272683
172204345 172204354
172204345 172782662
172204345 172161891
172204354 172204357
172204357 5898879934
172161891 172782638
172161891 172161888
172782638 172782632
172782632 172782622
172782622 172782610
172782610 172782591
172782591 172556735
172556735 172556727
172556735 172556739
172556727 172556707
172556707 172556701
172556701 172556696
172556701 172624185
172556696 172556693
172161888 172161882
172161882 172161876
172161876 172161874
172161874 172161872
172161872 172161870
172161870 5837388904
5837388904 172161866
172161866 172161864
172161864 172161863
172851659 172851661
172851659 172851654
1505632841 1505632848
1505632841 172301543
1505632848 1505632849
1505632848 1505632884
1505632848 1505632883
1505632849 1505632852
1505632852 1505632853
1505632853 1505632854
1505632853 1505632899
1505632854 1505632857
1505632854 1505632891
1505632857 1505632895
1505632857 1505632862
1505632895 1505632892
1505632892 1505632891
1505632891 1505632890
1505632890 1505632886
1505632890 1505632899
1505632886 1505632884
1505632862 1505632864
1505632862 1505632879
1505632864 1505632866
1505632866 1505632868
1505632866 1505632881
1505632879 1505632878
1505632878 172252684
172252684 172472389
172252684 172252678
172472389 172472392
172252678 172252675
172252675 172301500
172252675 172252672
172301500 172301506
172301506 172301515
172301506 172302108
172301515 172301521
172301521 172301530
172301530 172301537
172301537 172301543
172302108 172302104
172302104 172302099
172302099 172302097
172302097 172302095
172302095 172213454
172213454 172213448
172213454 172213455
172213455 172213458
172213458 172188660
172188660 172188668
172188660 172213462
172188668 172188675
172213462 172213464
172213464 172213468
172213464 172550679
172213468 172213472
172213472 172213476
172550679 172550677
172550677 172636526
172550677 172252655
172636526 172636531
172252655 172252657
172252655 172550673
172252657 172252663
172252663 172252669
172252669 172252672
172252672 172606706
172606706 172606713
172606713 172606717
172606717 172606723
5850514023 172820313
5850514023 172820327
172820313 172803127
172803127 172296123
172296123 172820388
172296123 172296125
172820388 172247028
172296125 172296129
4614310721 2562178031
4614310721 2562178040
2562178031 2562178025
2562178025 2562178021
2562178040 2562178043
2562178043 2562178047
172663807 172663808
172743515 172743505
172743515 172743525
172292772 172292762
172292772 172292789
172292762 172292760
172848921 172848915
172848921 172848924
172848924 172848931
172789304 172789317
172740288 172740290
172609277 172609283
172609277 172609341
172609283 172609295
172609283 172609487
172609295 172609306
172609306 172609337
172609337 172609341
172609399 172609409
172609409 172609412
172219994 172220004
