91272478 0 625.1115976091037 6.4595809 3.3827487 50
1020781844 709.2238558259792 536.7183449520782 6.4587816 3.3891602 50
1020781848 292.2070868829476 483.2488871018472 6.4582981 3.3853903 50
1020781875 757.4530691364655 695.2024815500836 6.4602147 3.3895962 50
1020781877 1100.898164288662 596.646161309931 6.4593235 3.392701 50
1020781882 406.7404067491103 436.6580234156723 6.4578768 3.3864257 50
1020781884 251.8648985931404 841.1901367891033 6.4615348 3.3850256 50
1020781886 712.3432682465483 26.35319918435471 6.4541666 3.3891884 50
1020781888 1032.702499137478 329.5311075531677 6.4569081 3.3920845 50
1020781900 920.2156023131146 544.3931750964778 6.458851 3.3910676 50
1020781903 380.8780441986737 541.7611728279684 6.4588272 3.3861919 50
1020781911 1116.816017030334 701.594487059446 6.4602725 3.3928449 50
1020781914 954.4074597311499 471.128406067035 6.4581885 3.3913767 50
1020781918 355.778942134115 257.8477516514129 6.4562599 3.385965 50
1020781921 77.99637225959054 499.5827835331205 6.4584458 3.3834538 50
1020781931 646.4705697914611 137.2954124528846 6.4551698 3.3885929 50
1020781934 319.7176496130131 145.7554197446285 6.4552463 3.385639 50
1020781935 1029.206987347091 1121.443084222415 6.464069 3.3920529 50
1020781945 536.1075282321088 647.9591467132589 6.4597875 3.3875952 50
1020781947 1059.140072488862 434.5015509686813 6.4578573 3.3923235 50
1020781962 638.3180628625951 161.0719035341659 6.4553848 3.3885192 50
1020781965 459.0403426509305 643.8784373136684 6.4597506 3.3868985 50
1020781972 111.3696604609325 585.9412109068504 6.4592267 3.3837555 50
1020781974 593.3631264191019 525.2282174016533 6.4586777 3.3881128 50
1020781979 207.861272320412 361.6017234302367 6.4571981 3.3846278 50
1020781987 293.9880280166039 889.0859427765777 6.4619679 3.3854064 50
1020781991 483.7522835994292 843.8221390576127 6.4615586 3.3871219 50
1020781993 1082.325492465649 547.1910598609433 6.4588763 3.3925331 50
1020781997 1027.204811289865 539.8148182092824 6.4588096 3.3920348 50
1020782000 418.8419570614371 562.5738966489159 6.4590154 3.3865351 50
1020782003 475.7435793708329 867.7645126347622 6.4617751 3.3870495 50
1020782009 731.2256689623214 811.9063468434128 6.46127 3.3893591 50
1020782017 1129.91312449813 786.0950304788357 6.4610366 3.3929633 50
1020782022 955.5357578407352 349.8351250534233 6.4570917 3.3913869 50
1020782028 578.0204844783329 300.7228474291714 6.4566476 3.3879741 50
1020782031 1039.162558901966 321.0158060962517 6.4568311 3.3921429 50
1020782034 986.3316591839041 408.7676464356268 6.4576246 3.3916653 50
1020782045 333.7328820130676 515.2310323144824 6.4585873 3.3857657 50
1020782048 60.86172743905486 404.874937198167 6.4575894 3.3832989 50
1020782052 781.8552811921602 591.4042744390867 6.4592761 3.3898168 50
1020782056 1116.550535122191 948.8921119706473 6.4625087 3.3928425 50
1020782067 1031.29765737364 340.3466462869445 6.4570059 3.3920718 50
1020782073 121.6128374163469 612.0289980979037 6.4594626 3.3838481 50
1020782083 535.5986879081756 511.5816174043253 6.4585543 3.3875906 50
1020782086 1037.757717138172 353.66148129236 6.4571263 3.3921302 50
1020782090 634.6013161487705 524.1997459270062 6.4586684 3.3884856 50
1020782095 428.067453368985 571.8411987540026 6.4590992 3.3866185 50
1020782103 1092.236817035862 575.3136723352043 6.4591306 3.3926227 50
1020782106 885.1941139321438 433.8048444858587 6.457851 3.390751 50
1020782131 417.4813622822157 515.2863264798304 6.4585878 3.3865228 50
1020782138 184.6537288513164 759.3990074695695 6.4607952 3.384418 50
1020782143 834.2768963018975 551.1722397629248 6.4589123 3.3902907 50
1020782151 721.5466410616557 944.2695197511911 6.4624669 3.3892716 50
1020782181 504.1390817946934 781.2180850989018 6.4609925 3.3873062 50
1020782183 1108.74094232468 647.1739695659146 6.4597804 3.3927719 50
1020782185 857.8716008869652 384.4713902005662 6.4574049 3.390504 50
1020782189 394.5724859597699 379.627621319806 6.4573611 3.3863157 50
1020782191 67.22223148802229 432.9422555072558 6.4578432 3.3833564 50
1020782194 685.0096934551715 50.60522008733028 6.4543859 3.3889413 50
1020782197 789.7754914513462 550.5750627775352 6.4589069 3.3898884 50
1020782218 240.1394476506755 415.6794170988564 6.4576871 3.3849196 50
1020782224 351.5533550963571 940.6643401732947 6.4624343 3.3859268 50
1020782226 435.6668729892127 984.7448487547438 6.4628329 3.3866872 50
1020782228 1047.48099202341 384.5598608650001 6.4574057 3.3922181 50
1020782232 960.4803583796657 347.1588874524773 6.4570675 3.3914316 50
1020782236 446.9719775771107 596.2922786519321 6.4593203 3.3867894 50
1020782238 96.97832869101619 558.0950692591537 6.4589749 3.3836254 50
1020782267 540.1893125696851 536.3644622940793 6.4587784 3.3876321 50
1020782271 1136.085578862167 869.445455260059 6.4617903 3.3930191 50
1020782279 538.1539512740401 445.4608545321519 6.4579564 3.3876137 50
1020782280 1069.858904529659 508.4851441472969 6.4585263 3.3924204 50
1020782306 1008.444089781965 489.2648922871244 6.4583525 3.3918652 50
1020782312 460.7659750537275 674.8874052169167 6.460031 3.3869141 50
1020782322 719.1462421423033 890.8553560662203 6.4619839 3.3892499 50
1020782325 1090.378443678994 1017.19146495581 6.4631263 3.3926059 50
1020782328 911.5653168065136 353.9600697850988 6.457129 3.3909894 50
1020782330 150.9817735033687 699.7144854389315 6.4602555 3.3841136 50
1020782346 541.7158335413967 552.00165224253 6.4589198 3.3876459 50
1020812066 250.4821803216105 583.4419146350357 6.4592041 3.3850131 50
1020812070 595.5754756535234 968.1234226638189 6.4626826 3.3881328 50
1020812074 169.5323218340291 610.3369966395198 6.4594473 3.3842813 50
1020812089 571.0183991513609 967.2055395197801 6.4626743 3.3879108 50
1020812091 181.6338721463559 862.3788609340482 6.4617264 3.3843907 50
1020812094 85.628977118457 920.9022054931688 6.4622556 3.3835228 50
1020812100 311.3217842683127 680.0408214234151 6.4600776 3.3855631 50
1020812106 843.4802691170929 961.9747114819351 6.462627 3.3903739 50
1020812114 222.4627772676557 578.2663807624508 6.4591573 3.3847598 50
1020812134 539.0499527139015 1029.323004823797 6.463236 3.3876218 50
1020812139 548.142708067378 1017.578524112983 6.4631298 3.387704 50
1020812141 239.2545079569684 823.7945923840973 6.4613775 3.3849116 50
1020812145 338.2018274666158 706.9469622609863 6.4603209 3.3858061 50
1020812147 163.9572017632482 581.0753243600035 6.4591827 3.3842309 50
1020812168 1043.177972762485 950.6394075943792 6.4625245 3.3921792 50
1020812176 346.4981370957516 1066.104683584932 6.4635686 3.3858811 50
1020812179 491.4070119506043 1090.843293142337 6.4637923 3.3871911 50
1020812190 453.2108024182489 931.7288030599448 6.4623535 3.3868458 50
1020812194 296.6207236055924 756.4794755414966 6.4607688 3.3854302 50
1020812197 533.6186353434781 1147.862636405117 6.4643079 3.3875727 50
1020812214 341.9960064036965 1046.585843232021 6.4633921 3.3858404 50
1020812216 612.6879969817945 556.1155381411182 6.458957 3.3882875 50
1020812225 319.7287113591674 774.7818442573664 6.4609343 3.3856391 50
1020812228 575.100183488893 1097.887769802262 6.463856 3.3879477 50
1020812232 495.3892405725279 1193.192793122429 6.4647178 3.3872271 50
1020812250 592.8321626027722 659.6815097578994 6.4598935 3.388108 50
1020812253 337.8146663505997 605.9908752465401 6.459408 3.3858026 50
1020812259 618.2852405448841 524.6420992494388 6.4586724 3.3883381 50
1020812268 429.2842454479367 849.4400262527181 6.4616094 3.3866295 50
1020812273 271.4441893178656 864.3252155529102 6.461744 3.3852026 50
1020812303 584.9008905973878 1071.645158948339 6.4636187 3.3880363 50
1020812305 252.0308247857187 658.6530382833403 6.4598842 3.3850271 50
1020812307 589.5689474821093 741.8818159006923 6.4606368 3.3880785 50
1020812310 303.6117471863662 614.2186470439804 6.4594824 3.3854934 50
1020812317 392.1389018019106 832.1329525121459 6.4614529 3.3862937 50
1020812345 588.5733903265514 1028.139709686282 6.4632253 3.3880695 50
1020812349 212.9607373057666 692.2165966235754 6.4601877 3.3846739 50
1020812352 588.6065755650143 817.9002343625156 6.4613242 3.3880698 50
1020812354 293.6893608699982 620.1572403978231 6.4595361 3.3854037 50
1020812361 291.4991351278852 965.1707142365724 6.4626559 3.3853839 50
1020812362 345.1043570779794 797.2755107036986 6.4611377 3.3858685 50
1020812366 272.5946109197155 600.3066350530873 6.4593566 3.385213 50
1020812369 500.776310958378 949.8542304470349 6.4625174 3.3872758 50
1020812389 160.185146318564 717.0989710109383 6.4604127 3.3841968 50
1020812393 270.2163354927157 641.3680822088545 6.4597279 3.3851915 50
1020812401 266.6212679867642 888.1127654671028 6.4619591 3.385159 50
1020812404 734.7543659911712 972.4695440568867 6.4627219 3.389391 50
1020812432 439.6380398650699 972.7681325494495 6.4627246 3.3867231 50
1020812440 237.661616508199 619.3388867512172 6.4595287 3.3848972 50
1020812446 622.2895926592042 968.2118933284286 6.4626834 3.3883743 50
1020812452 592.5113719638578 989.6881471329372 6.4628776 3.3881051 50
1020812456 206.6887272261655 607.7049943710105 6.4594235 3.3846172 50
1020812488 578.1089784477432 906.4814871815837 6.4621252 3.3879749 50
1020812492 115.4293213061121 902.0579539570815 6.4620852 3.3837922 50
1020822260 1133.143154380374 803.147751059106 6.4611908 3.3929925 50
1020822262 815.9586446408291 503.7851400962304 6.4584838 3.3901251 50
1020822264 804.6203548143802 551.9021227448332 6.4589189 3.3900226 50
1020822275 1093.044324506445 807.6265784486924 6.4612313 3.39263 50
1020822277 828.8787641698491 451.421565552169 6.4580103 3.3902419 50
1020822280 812.7949852355548 518.2611525732515 6.4586147 3.3900965 50
1020822285 597.8320718726502 624.5033617908028 6.4595754 3.3881532 50
1020822288 743.2608487975465 755.2408862385445 6.4607576 3.3894679 50
1020822291 589.4251447817956 708.6389637193703 6.4603362 3.3880772 50
1020822293 873.74520664402 547.0362361979862 6.4588749 3.3906475 50
1020822294 1040.40147447327 823.3411802285775 6.4613734 3.3921541 50
1020822306 872.3403648801375 616.2866488263617 6.4595011 3.3906348 50
1020822309 985.4909664748143 824.3475340371382 6.4613825 3.3916577 50
1020822313 834.3432667788672 779.3159658125646 6.4609753 3.3902913 50
1020822317 951.8411346192631 822.7218855771015 6.4613678 3.3913535 50
1020822321 764.6542658944788 662.1918648628892 6.4599162 3.3896613 50
1020822324 924.5518068126354 818.4974113477292 6.4613296 3.3911068 50
1020822344 853.3584084487998 680.6711749078024 6.4600833 3.3904632 50
1025307237 177.5299643164271 306.4402641217977 6.4566993 3.3843536 50
1025307275 1067.945222441887 874.4440478037762 6.4618355 3.3924031 50
1025307280 993.7430291192888 877.5736975599784 6.4618638 3.3917323 50
1025307314 653.6828282956727 970.3241304429829 6.4627025 3.3886581 50
1025307335 585.5424718753486 841.8868432720139 6.4615411 3.3880421 50
1025307367 924.5407450663931 869.7440437527978 6.461793 3.3911067 50
1025307419 798.7908145816547 914.4327881524597 6.4621971 3.3899699 50
1025307426 862.9157571415044 872.4313401864792 6.4618173 3.3905496 50
1025307457 865.6480084459695 850.3026152314089 6.4616172 3.3905743 50
1025307497 527.2470695482684 812.4371708303671 6.4612748 3.3875151 50
1025307513 717.8188326017207 918.8010272115257 6.4622366 3.3892379 50
1025307518 649.0258331572376 855.0357957814733 6.46166 3.388616 50
1025307578 593.9162137276963 265.8985821198098 6.4563327 3.3881178 50
1025307616 591.2171476616502 767.7041910983564 6.4608703 3.3880934 50
1025307626 862.2852376096979 903.4734845889891 6.462098 3.3905439 50
1025307741 882.2074424656901 957.6507077551298 6.4625879 3.390724 50
1025307870 1084.327668522831 554.7663605077339 6.4589448 3.3925512 50
1025307880 774.466034749172 0 6.4539283 3.38975 50
1025308040 344.7614429467124 230.1674924995845 6.4560096 3.3858654 50
1025308094 666.7799357634693 789.70021005682 6.4610692 3.3887765 50
1025377242 222.8167531451649 537.4924632663352 6.4587886 3.384763 50
1025377247 178.7246329030262 526.4115125391693 6.4586884 3.3843644 50
1025377293 650.4749219057813 475.2754684648848 6.458226 3.3886291 50
1025377334 221.0026267729577 514.3242080034428 6.4585791 3.3847466 50
1025377336 739.8759544688784 372.7047918235771 6.4572985 3.3894373 50
1025377337 50.46368603726043 587.8543890264506 6.459244 3.3832049 50
1025377341 688.33927905298 455.7566281121494 6.4580495 3.3889714 50
1025377372 176.9436917693259 379.627621319806 6.4573611 3.3843483 50
1025377378 84.08033265430474 531.7086935753616 6.4587363 3.3835088 50
1025377380 57.81974724165378 574.7496718490763 6.4591255 3.3832714 50
1025377386 718.6042165798632 404.1782307154323 6.4575831 3.389245 50
1025377387 98.01813283119122 817.4578810400828 6.4613202 3.3836348 50
1025377408 821.6001351885799 306.351793457276 6.4566985 3.3901761 50
1025377410 79.15785560772672 539.4056413859355 6.4588059 3.3834643 50
1025377418 83.62680106123096 801.9865735875885 6.4611803 3.3835047 50
1025377436 36.16084823671044 743.1867582019916 6.4606486 3.3830756 50
1025377439 66.56958846386331 786.3604424724009 6.461039 3.3833505 50
1025377458 32.4551632689961 729.4848640393155 6.4605247 3.3830421 50
1025377464 792.6957924408301 340.6562936126825 6.4570087 3.3899148 50
1025377467 46.24916074565683 764.552423675892 6.4608418 3.3831668 50
1025377495 29.4795535486967 711.2046129894444 6.4603594 3.3830152 50
1025377501 565.1667354263267 531.3437520843635 6.458733 3.3878579 50
1025377507 217.7283499060086 477.697352905265 6.4582479 3.384717 50
1025377514 842.1196743378715 283.7475386803356 6.4564941 3.3903616 50
1025377528 33.49496740921511 674.2128164001805 6.4600249 3.3830515 50
1025377530 210.206362508949 452.4942723591648 6.45802 3.384649 50
1025377538 88.22848746885063 539.3724648866739 6.4588056 3.3835463 50
1025377565 131.2476183322634 891.4414742185226 6.4619892 3.3839352 50
1025377572 196.1136978855945 416.0885939221154 6.4576908 3.3845216 50
1025377589 143.7142062682977 531.4211639158859 6.4587337 3.3840479 50
1025377598 845.7811123208368 398.6377553516735 6.457533 3.3903947 50
1025377600 117.6084853020267 855.4781491039059 6.461664 3.3838119 50
1025377605 622.4333953594301 505.0347882321817 6.4584951 3.3883756 50
1025404716 1159.392678046827 322.3539248966368 6.4568432 3.3932298 50
1025404731 1116.572658614587 660.8758637285906 6.4599043 3.3928427 50
1060284886 259.1324658282114 445.7926195241523 6.4579594 3.3850913 50
1060284910 267.0194908490225 902.8873664366868 6.4620927 3.3851626 50
1060284929 92.08903688294502 647.0302047362208 6.4597791 3.3835812 50
1060284936 181.3020197611992 548.9383554844993 6.4588921 3.3843877 50
1060284971 363.0133241307231 719.8857969424046 6.4604379 3.3860304 50
1060284975 377.8028787628098 506.6825543583048 6.45851 3.3861641 50
1060285016 242.9048841937354 537.5366985985961 6.458789 3.3849446 50
1060285020 88.60458683875639 690.1264771750197 6.4601688 3.3835497 50
1060285053 238.5133709633992 277.3665920042362 6.4564364 3.3849049 50
1060285081 170.9371635979116 804.784458352054 6.4612056 3.384294 50
1060285082 582.5889856474457 1087.28234889679 6.4637601 3.3880154 50
1060285086 78.78175623790891 406.2462324978136 6.4576018 3.3834609 50
1060285147 459.4385655131449 655.357506031182 6.4598544 3.3869021 50
1060285186 376.9511243076096 676.6568185067351 6.460047 3.3861564 50
1060285189 354.7944467247993 394.9330462763442 6.4574995 3.3859561 50
1060285224 136.5240712563507 797.7178640259554 6.4611417 3.3839829 50
1060285252 221.3897878889738 608.2689948571384 6.4594286 3.3847501 50
1060285270 182.0210332623719 579.1289697412296 6.4591651 3.3843942 50
1060285284 330.5913461001899 548.6397669919364 6.4588894 3.3857373 50
1060285299 89.0470566856319 753.5046494479877 6.4607419 3.3835537 50
1060285301 906.6317780137373 1253.198021311804 6.4652604 3.3909448 50
1060285323 440.9986346442033 673.5492864164437 6.4600189 3.3867354 50
1060285332 128.4379348045424 426.638720662327 6.4577862 3.3839098 50
1060285350 384.9930137747127 633.8480757273239 6.4596599 3.3862291 50
1060285353 300.2268528576982 247.6846840683737 6.456168 3.3854628 50
1060285355 1105.898073558452 406.5448209904644 6.4576045 3.3927462 50
1060285357 357.1948456441958 676.446700678606 6.4600451 3.3859778 50
1060285381 584.1708153500608 1056.151733829846 6.4634786 3.3880297 50
1060285392 182.7621702558972 609.5186429930018 6.4594399 3.3844009 50
1060285415 115.1527776518149 782.6114980647229 6.4610051 3.3837897 50
1060285446 39.72273050406712 635.0203120317528 6.4596705 3.3831078 50
1060285464 321.1003678844991 549.7898856302788 6.4588998 3.3856515 50
1060285468 83.62680106123096 738.2434598236224 6.4606039 3.3835047 50
1060285481 675.4634065086211 64.77158523843741 6.454514 3.388855 50
1060285495 404.9815891077626 673.6488159141405 6.4600198 3.3864098 50
1060285528 387.6367711098555 612.8362929114224 6.4594699 3.386253 50
1060285531 182.7842937482058 643.5909076541927 6.459748 3.3844011 50
1060285532 1088.719181753167 368.4471410950311 6.45726 3.3925909 50
1060285538 338.6000503287862 661.3182170510232 6.4599083 3.3858097 50
1060285549 129.7653443452129 655.0589175384432 6.4598517 3.3839218 50
1060285565 329.020578143729 177.7928591225238 6.455536 3.3857231 50
1060285566 98.99156649439652 767.7263087645308 6.4608705 3.3836436 50
1060285569 357.9581061300296 729.9603938609218 6.460529 3.3859847 50
1060285586 139.4886192304958 444.1006180657683 6.4579441 3.3840097 50
1060285597 284.7293464705491 542.712232471181 6.4588358 3.3853227 50
1060285601 84.00290043109274 727.3505092584991 6.4605054 3.3835081 50
1060285622 305.3152560968985 420.6669508093987 6.4577322 3.3855088 50
1060285625 231.2347419821299 814.5162314459235 6.4612936 3.3848391 50
1060285631 138.3160741362493 385.5109205083006 6.4574143 3.3839991 50
1060285642 101.9008057375942 588.7059191721422 6.4592517 3.3836699 50
1060285650 1053.498581941067 332.7271103078051 6.456937 3.3922725 50
1428979087 357.3828953290827 861.1955657965323 6.4617157 3.3859795 50
1428979091 399.9595563456639 715.7387345444668 6.4604004 3.3863644 50
1428979094 542.9989960973621 418.012830874715 6.4577082 3.3876575 50
1428979099 413.1672812751794 827.0016539717338 6.4614065 3.3864838 50
1428979112 424.2843361781026 796.6451572191354 6.461132 3.3865843 50
1428979115 391.7517406858945 370.1944367187631 6.4572758 3.3862902 50
1428979116 396.5525385245994 895.3894776213306 6.4620249 3.3863336 50
1428979120 447.2817064700027 798.5583353387356 6.4611493 3.3867922 50
1428979121 388.5327725498048 810.0595217222477 6.4612533 3.3862611 50
1428979125 218.5579808688562 812.5256414948008 6.4612756 3.3847245 50
1428979128 543.9060592835096 569.9722559667512 6.4590823 3.3876657 50
1428979129 415.4349392403725 799.9738659704673 6.4611621 3.3865043 50
1428979137 411.5301428416609 761.7213624123408 6.4608162 3.386469 50
1428979139 330.1931232379756 926.9513871777075 6.4623103 3.3857337 50
1428979143 363.2566825465134 949.4671712899503 6.4625139 3.3860326 50
1428979144 533.2978447044318 482.0324154651574 6.4582871 3.3875698 50
1428979151 151.3246876346356 413.8547096438659 6.4576706 3.3841167 50
1428979152 514.6145554196559 1061.316208869344 6.4635253 3.3874009 50
1428979155 119.5332291359528 654.682917214358 6.4598483 3.3838293 50
1428979156 316.4544344922182 1001.74227516949 6.4629866 3.3856095 50
1428979158 471.6949802718516 801.3119847710282 6.4611742 3.3870129 50
1428979159 414.8265432009186 486.2458308614426 6.4583252 3.3864988 50
1428979162 531.6164592862521 673.4608157520099 6.4600181 3.3875546 50
1428979163 385.8668917223094 921.3224411495148 6.4622594 3.386237 50
1428979164 375.8007027057157 821.8150612660619 6.4613596 3.386146 50
1428979165 404.5169957684905 417.0617712314145 6.4576996 3.3864056 50
1428979175 470.1242123153908 533.4449303660064 6.458752 3.3869987 50
1428979182 409.2956701148868 842.2517847630121 6.4615444 3.3864488 50
1428979199 69.98766803103821 455.8119222774096 6.45805 3.3833814 50
1428979200 476.6506425569805 585.1781514255925 6.4592198 3.3870577 50
1428979208 521.1631091536422 570.735315447921 6.4590892 3.3874601 50
1428979209 602.4890670111292 589.3030961574439 6.4592571 3.3881953 50
1428979217 497.2807991679911 662.9881008433207 6.4599234 3.3872442 50
1428979224 570.2772621578795 321.4028652533363 6.4568346 3.3879041 50
1428979229 345.513641686392 901.2838356428244 6.4620782 3.3858722 50
1428995215 559.9345294869006 357.7532495250377 6.4571633 3.3878106 50
1428995217 782.2535040543305 893.0228873462984 6.4620035 3.3898204 50
1428995219 789.001169219402 766.8305432865783 6.4608624 3.3898814 50
1428995221 792.4634957712381 831.5689520260179 6.4614478 3.3899127 50
1428995223 811.1246615636173 673.1290507601855 6.4600151 3.3900814 50
1428995224 883.4242345445978 452.2509780318621 6.4580178 3.390735 50
1428995227 658.538934865237 970.1361302809402 6.4627008 3.388702 50
1428995228 476.0090612789759 993.5476798712234 6.4629125 3.3870519 50
1428995229 726.480179854476 600.5056940483051 6.4593584 3.3893162 50
1428995230 733.9136732820814 376.4869127304288 6.4573327 3.3893834 50
1428995237 873.1810575892273 477.8964119003069 6.4582497 3.3906424 50
1428995241 693.2838795919106 592.1562750871694 6.4592829 3.3890161 50
1428995242 891.0568394034202 437.7307302225802 6.4578865 3.390804 50
1428995248 517.6012268861975 880.061934998618 6.4618863 3.3874279 50
1428995250 616.360496710914 212.959948256709 6.455854 3.3883207 50
1428995252 663.1295595267025 922.7932659465066 6.4622727 3.3887435 50
1428995254 824.5314979242181 604.4868739502867 6.4593944 3.3902026 50
1428995256 497.3582313911591 948.9695238021698 6.4625094 3.3872449 50
1428995258 980.3361927586002 388.1318639437227 6.457438 3.3916111 50
1428995270 681.9677132578583 641.6556118685061 6.4597305 3.3889138 50
1428995276 656.0057949918131 583.5525029657317 6.4592051 3.3886791 50
1428995278 783.4371108947313 915.2511417989776 6.4622045 3.3898311 50
1428995284 785.8153863217751 865.90662868051 6.4617583 3.3898526 50
1428995285 910.8684267976935 407.1530568087653 6.45761 3.3909831 50
1428995286 605.6748499086682 242.2769147015733 6.4561191 3.3882241 50
1429178178 940.2484246308256 937.2582195904405 6.4624035 3.3912487 50
1429178210 1060.44535853718 950.1528189396859 6.4625201 3.3923353 50
1429178235 825.0845852328125 840.6593128021491 6.46153 3.3902076 50
1429178248 838.8232739785698 1285.257578355786 6.4655503 3.3903318 50
1429178250 1134.437378682538 504.1390227542293 6.458487 3.3930042 50
1429178268 935.5250590152888 873.7252236546914 6.461829 3.391206 50
1429178288 802.2752646258873 1293.164643994489 6.4656218 3.3900014 50
1429178316 1065.909861146242 482.0434742982447 6.4582872 3.3923847 50
1429178317 933.4233272426301 908.6600772945732 6.4621449 3.391187 50
1429178321 446.8945453538986 1147.409224249773 6.4643038 3.3867887 50
1429178342 946.9075958264428 956.4563537844385 6.4625771 3.3913089 50
1429178355 1177.910041138981 397.2996365512884 6.4575209 3.3933972 50
1429178359 1059.372369158454 817.8228225309931 6.4613235 3.3923256 50
1429178365 1203.562230512178 307.2586177683156 6.4567067 3.3936291 50
1429178370 559.8681590098429 1230.19564854478 6.4650524 3.38781 50
1429178388 931.6534478550841 887.8915888058865 6.4619571 3.391171 50
1429178394 830.7592610191141 906.547840179931 6.4621258 3.3902589 50
1429178406 1208.318781366178 330.6812261915102 6.4569185 3.3936721 50
1429178416 749.4222414154286 1291.981348856885 6.4656111 3.3895236 50
1429178436 1003.510550989277 955.4942353081389 6.4625684 3.3918206 50
1429178465 1109.946672657433 562.6181319810888 6.4590158 3.3927828 50
1429178514 1137.501482372248 478.9691187073028 6.4582594 3.3930319 50
1472348864 421.5078378888884 980.7526100195871 6.4627968 3.3865592 50
1472348873 427.2267606598951 963.9210661007089 6.4626446 3.3866109 50
1472348974 328.4121821042752 1104.832716964577 6.4639188 3.3857176 50
1472348995 341.7747714801708 1080.237872236866 6.4636964 3.3858384 50
1472402658 1160.532037902611 584.8021511015952 6.4592164 3.3932401 50
1472402727 1073.874318390133 545.1230580785619 6.4588576 3.3924567 50
1781710769 655.1761640289216 635.5843125178808 6.4596756 3.3886716 50
1781710770 643.196292924512 686.2669444367334 6.4601339 3.3885633 50
1781710772 913.1250230167761 269.5701146961413 6.4563659 3.3910035 50
1781710793 581.1620203911666 292.3070754697763 6.4565715 3.3880025 50
1781710801 950.0491317393645 328.3699300817381 6.4568976 3.3913373 50
1781710802 1125.842401906796 764.7957180032827 6.460844 3.3929265 50
1781710810 1125.776031429783 917.5182025764888 6.462225 3.3929259 50
1781710811 249.5529936431983 432.1017841944755 6.4578356 3.3850047 50
1781710842 740.6724001933071 475.4413509607531 6.4582275 3.3894445 50
1781710860 207.5294199352554 445.5935605291104 6.4579576 3.3846248 50
1781710864 231.7435823060191 440.1968499952213 6.4579088 3.3848437 50
2245287722 256.0241151538406 3.936944569632828 6.4539639 3.3850632 50
2844813628 221.8543812281579 520.7825665111526 6.4586375 3.3847543 50
2844813630 386.309361569185 600.6715765441734 6.4593599 3.386241 50
2844813635 714.3565060497967 650.3036193222046 6.4598087 3.3892066 50
2844813646 690.2640228869061 739.6700492886171 6.4606168 3.3889888 50
2844813653 691.9343465589316 1277.284159718648 6.4654782 3.3890039 50
2844818813 288.9217482697562 510.8517344222411 6.4585477 3.3853606 50
2844818814 280.7692413409341 504.8689057362255 6.4584936 3.3852869 50
2844818815 254.9843110137095 513.4063248594917 6.4585708 3.3850538 50
2844818817 311.2664755374533 526.1239828795178 6.4586858 3.3855626 50
2844818824 1212.378442211357 668.495399707642 6.4599732 3.3937088 50
2844818826 1165.675749872627 699.2389556174131 6.4602512 3.3932866 50
2844867115 1178.042782093096 303.0673200382049 6.4566688 3.3933984 50
2844867116 1192.467299101519 304.3833211724156 6.4566807 3.3935288 50
2844867117 1173.540651401041 303.786144187026 6.4566753 3.3933577 50
2844867119 1153.585261306498 330.7586380229447 6.4569192 3.3931773 50
2844867121 1140.366474630784 341.297705930157 6.4570145 3.3930578 50
2844867122 1103.873774008961 374.8723231035673 6.4573181 3.3927279 50
2844867123 1097.14823233633 377.7144432002057 6.4573438 3.3926671 50
2844867126 1118.674390387246 721.500386569266 6.4604525 3.3928617 50
2846609449 1228.075060029591 641.3017292105071 6.4597273 3.3938507 50
2846609451 1191.825717823559 685.680826284519 6.4601286 3.393523 50
3353844251 1149.392859507247 604.0224029616797 6.4593902 3.3931394 50
3353844808 471.5733010639345 791.0162111910307 6.4610811 3.3870118 50
3353844816 501.6059419212696 790.2642105429479 6.4610743 3.3872833 50
4948837485 988.1457855561113 484.1557114128869 6.4583063 3.3916817 50
4948837547 1023.775669976536 501.1420789947219 6.4584599 3.3920038 50
5153038524 492.9556564147126 818.4974113477292 6.4613296 3.3872051 50
5153038527 440.4123620970581 927.2942110024433 6.4623134 3.3867301 50
5153038528 468.1109745120544 844.4193160429143 6.461564 3.3869805 50
5153038529 464.4495365290892 860.7863889733612 6.461712 3.3869474 50
5153038530 749.8647112623042 543.6522332813943 6.4588443 3.3895276 50
5389726204 364.8606357413932 534.9821081615213 6.4587659 3.3860471 50
5389726205 325.5914368303999 607.6054648734895 6.4594226 3.3856921 50
5389726206 314.7619873278842 610.1158199783034 6.4594453 3.3855942 50
5389726207 401.5413860481912 728.6001573945383 6.4605167 3.3863787 50
5389726208 403.4771916283595 738.7632249775774 6.4606086 3.3863962 50
5389726209 456.7284377009884 623.0767723258961 6.4595625 3.3868776 50
5389726210 381.9620953235099 527.4399840139043 6.4586977 3.3862017 50
5389726211 194.9632762837005 338.8758214897769 6.4569926 3.3845112 50
5389726213 151.2804406500184 412.78200283687 6.4576609 3.3841163 50
5389726214 150.9817735033687 414.5514161266005 6.4576769 3.3841136 50
5389726215 63.90370763636799 409.9509415731429 6.4576353 3.3833264 50
5389789957 696.7572678900329 37.87650323395326 6.4542708 3.3890475 50
5389789962 542.036624180443 608.7887600110056 6.4594333 3.3876488 50
5389789963 835.9140347353281 424.7255425427268 6.4577689 3.3903055 50
5389789964 628.5947879773122 487.4291259989587 6.4583359 3.3884313 50
5389789965 626.5926119201301 489.7846574409916 6.4583572 3.3884132 50
5389789966 624.2143364931303 494.5731321564039 6.4584005 3.3883917 50
5389789968 153.5038516305503 315.0772127424091 6.4567774 3.3841364 50
5389789971 148.0172255292236 460.5340439944746 6.4580927 3.3840868 50
5389789972 148.1610282294933 462.7458106067256 6.4581127 3.3840881 50
5389789973 148.4596953760991 467.1693438311398 6.4581527 3.3840908 50
5389789974 150.6831063566749 474.0147614958463 6.4582146 3.3841109 50
5389789975 158.2493407384397 489.2648922871244 6.4583525 3.3841793 50
5389789976 171.8221032916187 515.1315028169615 6.4585864 3.384302 50
5389789977 163.7359668398104 528.6122203183332 6.4587083 3.3842289 50
5389789978 96.39205614387095 609.6734666558708 6.4594413 3.3836201 50
5389789979 93.63768134705329 634.1356053869755 6.4596625 3.3835952 50
5389789980 86.66878125858806 710.9944951612273 6.4603575 3.3835322 50
5389789981 86.44754633519429 747.2342911024085 6.4606852 3.3835302 50
5389789982 92.31027180638277 759.0340659784833 6.4607919 3.3835832 50
5389789983 143.570403567984 801.7653969263722 6.4611783 3.3840466 50
5389789984 155.0635578408568 803.8333987089294 6.461197 3.3841505 50
5389789985 200.2397292078318 776.3411397191436 6.4609484 3.3845589 50
5389789986 45.20935660543781 602.4520486669911 6.459376 3.3831574 50
5389789987 39.86653320433684 752.9185312956853 6.4607366 3.3831091 50
5389789988 92.08903688294502 808.9094030839053 6.4612429 3.3835812 50
5389789989 104.5445630727809 830.4298922206747 6.4614375 3.3836938 50
5390504942 870.1833243765313 502.8230216200186 6.4584751 3.3906153 50
5390504943 920.4700224751032 402.464111590874 6.4575676 3.3910699 50
5390504944 904.5964167180923 412.936826499739 6.4576623 3.3909264 50
5390504945 898.8111234700719 355.46407108144 6.4571426 3.3908741 50
5390504946 887.0967342737613 359.7327806429853 6.4571812 3.3907682 50
5390504947 872.5505380574209 370.7805548710655 6.4572811 3.3906367 50
5390504948 1051.186676991081 400.4514039738407 6.4575494 3.3922516 50
5390504949 989.0749722346114 418.7648315228856 6.457715 3.3916901 50
5390504982 167.0544906914207 728.9872165516229 6.4605202 3.3842589 50
5390504990 148.6145598224791 327.5294587691337 6.45689 3.3840922 50
5390504991 137.7076780967955 334.1647586057111 6.45695 3.3839936 50
5390504992 124.7211880907177 342.8570013917584 6.4570286 3.3838762 50
5390504993 123.0176791801854 344.1840613591442 6.4570406 3.3838608 50
5390504994 122.6526415565219 344.8475913427932 6.4570466 3.3838575 50
5390504995 122.7190120335796 346.4732398028298 6.4570613 3.3838581 50
5390504996 133.4046588358256 369.1659652440281 6.4572665 3.3839547 50
5390504997 123.9136806201347 347.8002997701277 6.4570733 3.3838689 50
5390504998 345.0932953318691 1053.475496229076 6.4634544 3.3858684 50
5390504999 366.3650332208403 952.2650560543279 6.4625392 3.3860607 50
5390505000 341.9075124342862 976.4728416249548 6.4627581 3.3858396 50
5390505001 267.5836399037272 876.412520088461 6.4618533 3.3851677 50
5390505002 195.6380428002561 855.3343842741241 6.4616627 3.3845173 50
5390532198 1107.546273738081 618.3657094419182 6.4595199 3.3927611 50
5390532199 1138.839953659073 836.6228387348194 6.4614935 3.393044 50
5390532200 1096.705762489455 1003.434276627786 6.4630019 3.3926631 50
5390532201 1104.271996871131 986.9344977007324 6.4628527 3.3927315 50
5390532202 904.2977495713986 802.2851620803272 6.461183 3.3909237 50
5390532203 930.4145322838239 896.7497140878021 6.4620372 3.3911598 50
5390532204 897.6275166296712 799.0449239933412 6.4611537 3.3908634 50
5390532205 909.2644736026818 864.7454512091683 6.4617478 3.3909686 50
5392684674 1131.483892454591 717.3754418374147 6.4604152 3.3929775 50
5392684688 29.77822069530249 694.9923637218665 6.4602128 3.3830179 50
5392876273 470.5445586699137 484.4100645731889 6.4583086 3.3870025 50
5392876289 717.3763627547572 1286.24181449826 6.4655592 3.3892339 50
5392876290 784.731335196895 1296.261117251429 6.4656498 3.3898428 50
5392876293 617.4556095819926 1249.836136061211 6.46523 3.3883306 50
5392876302 511.1743523602164 1207.690923265448 6.4648489 3.3873698 50
5392912457 725.5620549221741 971.7286022418032 6.4627152 3.3893079 50
5392912459 531.693891509464 815.6774089172652 6.4613041 3.3875553 50
5392912460 562.799521745525 988.7039109903751 6.4628687 3.3878365 50
5392912463 326.6312409706189 540.6995248540597 6.4588176 3.3857015 50
5392912464 308.3793597865642 549.8341209626276 6.4589002 3.3855365 50
5393018273 961.7082122047277 1209.758925047918 6.4648676 3.3914427 50
5393110151 576.4497165218721 942.8761067855459 6.4624543 3.3879599 50
5393110152 556.4168942041611 1003.14674696831 6.4629993 3.3877788 50
5393110155 534.0168582056045 569.4414319797968 6.4590775 3.3875763 50
5393110156 571.8480301142524 577.2489681208909 6.4591481 3.3879183 50
5393110174 362.6814717455225 451.1008593933438 6.4580074 3.3860274 50
5393110175 356.2988442042025 431.2060187165231 6.4578275 3.3859697 50
5393110176 364.3075484328427 454.197332650548 6.4580354 3.3860421 50
5393110177 347.9804110828021 398.4718728558051 6.4575315 3.3858945 50
5393110178 462.8123980956586 696.8944830083796 6.46023 3.3869326 50
5393110179 426.1758947735658 697.3589539969865 6.4602342 3.3866014 50
5393110180 411.4858958569997 698.0888369790707 6.4602408 3.3864686 50
5393110181 401.8511149410392 699.847191435802 6.4602567 3.3863815 50
5393110182 384.4841734507795 701.1853102360991 6.4602688 3.3862245 50
5393110183 368.8207408710521 701.8598990528353 6.4602749 3.3860829 50
5393110184 99.50040681832975 593.4612173883809 6.4592947 3.3836482 50
5393110185 104.2569576722415 586.8259175518035 6.4592347 3.3836912 50
5393110186 257.6501918411609 586.8259175518035 6.4592347 3.3850779 50
5393110187 262.8381507958818 591.105685946348 6.4592734 3.3851248 50
5393110188 380.3360186362776 517.7082109202107 6.4586097 3.386187 50
5393110189 396.497229793696 805.9677534897459 6.4612163 3.3863331 50
5393110190 405.0700830771289 977.567666098037 6.462768 3.3864106 50
5393110191 275.304738731872 934.7699821518011 6.462381 3.3852375 50
5393415732 1136.317875531803 495.1703091417935 6.4584059 3.3930212 50
5393415795 1030.70032308034 334.6845237596662 6.4569547 3.3920664 50
5393415796 1048.200005524671 326.8659287854848 6.456884 3.3922246 50
5393415797 1123.265015048667 363.5591368821857 6.4572158 3.3929032 50
5393415798 1094.637215955215 387.4351574608122 6.4574317 3.3926444 50
5393415799 1094.338548808565 385.5219793413878 6.4574144 3.3926417 50
5393415813 787.7954388865606 345.2235916668785 6.45705 3.3898705 50
5393656271 1132.778116756755 353.0532454740591 6.4571208 3.3929892 50
5393656272 1115.400113520297 369.2212594092882 6.457267 3.3928321 50
5393656273 1110.035166626843 372.9812626501414 6.457301 3.3927836 50
5393656274 949.5402914154313 350.6977140320262 6.4570995 3.3913327 50
5393656277 656.7026850007212 111.6942139165247 6.4549383 3.3886854 50
5393656286 1115.389051774143 674.8321110516565 6.4600305 3.392832 50
5393656287 1118.862440072177 673.4055215866618 6.4600176 3.3928634 50
5393656288 1108.68563359382 672.0452851202782 6.4600053 3.3927714 50
5393656289 1119.293848172854 662.4130415241056 6.4599182 3.3928673 50
5393656290 1113.143517301214 660.6768047335487 6.4599025 3.3928117 50
5393656291 1107.767508661518 665.0008084602661 6.4599416 3.3927631 50
5393656292 1111.66124331412 674.3344635637879 6.460026 3.3927983 50
5393656293 1120.864616129359 671.0168136456311 6.459996 3.3928815 50
5393656294 1121.661061853744 668.0088110530365 6.4599688 3.3928887 50
5393656295 1121.107974545105 664.945514295006 6.4599411 3.3928837 50
5393656296 1107.291853576136 668.6391645375119 6.4599745 3.3927588 50
5393656297 1110.001981388293 662.0702176991939 6.4599151 3.3927833 50
5393656298 1113.497493178679 684.7629431403922 6.4601203 3.3928149 50
5697017195 1129.160925758451 516.7350336108236 6.4586009 3.3929565 50
5697042660 1094.493413254945 375.4805589218682 6.4573236 3.3926431 50
5697042667 1080.135266723536 359.7438394760724 6.4571813 3.3925133 50
5697042676 1071.916389317656 351.405479348024 6.4571059 3.392439 50
5697042694 1046.076150259616 325.494633486014 6.4568716 3.3922054 50
5697745022 902.8154755843041 354.9885412598338 6.4571383 3.3909103 50
5697745025 715.5401128902415 409.39799992019 6.4576303 3.3892173 50
6163076623 1112.29176284597 965.712597056614 6.4626608 3.392804 50
6631800432 502.3249554224863 813.3661128074052 6.4612832 3.3872898 50
6631800433 511.8712423690365 810.8778753686778 6.4612607 3.3873761 50
6631800434 518.6852780110338 810.789404704244 6.4612599 3.3874377 50
6631888447 295.027832156823 814.3061136176186 6.4612917 3.3854158 50
6631888448 303.7555498866359 797.4635108656532 6.4611394 3.3854947 50
6631888816 392.4818159332655 905.2760743778053 6.4621143 3.3862968 50
6631888817 441.7508333838829 923.5784430940269 6.4622798 3.3867422 50
7003087476 1017.79126529743 493.6994843446258 6.4583926 3.3919497 50
7003087477 1027.503478436559 529.8286919551108 6.4587193 3.3920375 50
7003087494 766.8555533827021 362.2984299131472 6.4572044 3.3896812 50
7125361154 722.674939171241 867.7645126347622 6.4617751 3.3892818 50
7299843146 552.4125420898849 360.7612521176323 6.4571905 3.3877426 50
7299843147 545.0011721545442 361.0598406102831 6.4571932 3.3876756 50
7299843148 524.9683498368331 360.7612521176323 6.4571905 3.3874945 50
7299843149 473.1993777512548 358.5494855054692 6.4571705 3.3870265 50
7299843150 409.5611520230736 366.3680804796505 6.4572412 3.3864512 50
8631763365 1135.930714415787 346.7497106293062 6.4570638 3.3930177 50
8631774651 830.7924462576209 295.1160190671531 6.4565969 3.3902592 50
8765628514 698.217418384687 710.1872003477965 6.4603502 3.3890607 50
8919153164 374.7387750731001 317.0456850273574 6.4567952 3.3861364 50
