1020782000 1020782131
1020782131 1428979159
1428979159 1020781882
1020781882 1428979165
1428979165 1020782189
1020782189 1428979115
1428979115 8919153164
8919153164 1020781918
1020781918 1025308040
1025308040 1060285565
1060285565 1020781934
1020781934 2245287722
1020782197 1020782052
1020782052 1020822321
1020822321 1020781875
1020781875 1020822288
1020782232 1020782022
1020782022 5393656274
5393656274 1020782328
1020782328 5697745022
5697745022 5390504945
5390504945 5390504946
5390504946 5390504947
5390504947 1020782185
1020782185 1025377598
1020812141 1020812194
1020812194 1020812145
1020812349 1020812305
1020812305 1020812393
1020812393 1020812354
1020812354 1020812310
1020812310 5389726206
5389726206 5389726205
5389726205 1020812253
1020812253 2844813630
1020812070 1020812452
1020812452 1020812345
1020812345 1060285381
1060285381 1020812303
1020812303 1060285082
1060285082 1020812228
1020812228 1020812197
1020812197 1020812232
1020781972 1020812147
1020812147 1060285270
1060285270 1020812114
1020812114 1020812066
1020812066 5393110186
5393110186 5393110187
5393110187 1020812366
1020812366 1020812354
1020812354 1060285538
1060285538 1060285357
1060285357 1060285186
1060285186 1060285495
1060285495 1060285323
1060285323 1020782312
1020782073 1020812074
1020812074 1060285392
1060285392 1020812456
1020812456 1060285252
1060285252 1020812440
1020812440 1020812393
1020812393 1020812100
1020812100 1020812145
1020812145 1060285569
1020781884 5390505002
5390505002 1020812091
1020812091 1025377565
1020812349 1020812194
1020812194 1020812225
1020812225 1020812362
1020812362 1428979164
1428979164 1020812317
1020812317 1428979182
1428979182 1020812268
1020812268 5153038529
1020812190 1428995256
1428995256 1020812369
1020812369 1020812089
1020812089 1020812070
1020812070 1020812446
1020812446 1025307314
1025307314 1428995227
1428995227 5392912457
5392912457 1020812404
1020812404 1020812106
1020812106 1025307741
1025307741 1429178342
1429178342 1429178436
1429178436 1020812168
1020812168 1429178210
1429178210 1020782056
1020822291 2844813646
2844813646 1020822288
1020822288 1428995219
1428995219 1020822313
1020822313 5390532204
5390532204 5390532202
5390532202 1020822324
1020822324 1020822317
1020822317 1020822309
1020822309 1020822294
1020822294 1429178359
1429178359 1020822275
1020822275 1020822260
1025377598 5389789963
5389789963 1020822277
1020822277 1020822262
1020822262 1020822280
1020822280 1020822264
1020822313 1020822344
1020822344 1020822306
1020822306 1020822293
1020822285 1781710769
1781710769 1428995270
1428995270 2844813635
2844813635 1020822321
1020822321 1428995223
1428995223 1020822344
1025307275 1025307280
1025307280 1429178268
1429178268 1025307367
1025307367 5390532205
5390532205 1025307457
1025307457 1429178235
1429178235 1428995221
1428995221 1020782009
1020782009 1025308094
1025308094 1025307616
1025307497 5392912459
5392912459 1025307335
1020822324 5390532205
1025307513 1428995278
1428995278 1025307419
1025307419 1429178394
1429178394 1025307626
1025377565 1025377600
1025377600 5389789989
5389789989 1025377387
1025377387 5389789988
5389789988 1025377418
1025377418 1025377439
1025377439 1025377467
1025377467 5389789987
5389789987 1025377436
1025377436 1025377458
1025377458 1025377495
1025377495 5392684688
5392684688 1025377528
1025377528 1060285446
1060285446 5389789986
5389789986 1025377337
1025377337 1025377380
1025377380 1025377410
1025377410 1025377378
1025377538 1025377589
1025377589 5389789977
5389789977 1025377247
1025377247 1025377334
1020812259 1025377605
1025377605 5389789966
5389789966 5389789965
5389789965 5389789964
5389789964 1025377293
1025377293 1025377341
1060285252 1020812114
1020812114 1025377242
1025377242 2844813628
2844813628 1025377334
1025377334 1025377507
1025377507 1025377530
1025377530 1781710860
1781710860 1025377572
1025377572 1025377372
5393415813 1025377598
1025377598 1020782106
1020782106 1428995242
1428995242 1020781914
1020781914 4948837485
4948837485 1020782306
1025404731 3353844251
3353844251 1472402658
5389726204 1060285284
1060285284 1060285464
1060285464 5392912464
5392912464 1060285597
1060285597 1060285016
1060285016 1025377242
1060285353 1060285189
1060285053 1060285622
1020781972 5393110185
5393110185 1060285642
1060285642 5393110184
5393110184 5389789978
5389789978 5389789979
5389789979 1060284929
1060284929 1060285020
1060285020 5389789980
5389789980 1060285601
1060285601 1060285468
1060285468 5389789981
5389789981 1060285299
1060285299 5389789982
5389789982 1060285566
1060285566 1060285415
1060285415 1060285224
1060285224 5389789983
5389789983 5389789984
5389789984 1060285081
1060285081 1428979125
1428979125 1060285625
1060285332 1060285586
1060285586 5389789971
5389789971 5389789972
5389789972 5389789973
5389789973 5389789974
5389789974 5389789975
5389789975 5389789976
5389789976 1025377247
1025377247 1060284936
1060284936 1060285270
1060285270 1060285392
1060285392 1060285531
1020782189 1060285189
1060285189 5393110177
5393110177 1060285622
1060285622 1060284886
1428979200 1428979175
1428979175 5392876273
1060285631 5390504996
5390504996 5390504997
5390504997 5390504995
5390504995 5390504994
5390504994 5390504993
5390504993 5390504992
5390504992 5390504991
5390504991 5390504990
5390504990 5389789968
1020812089 5393110151
5393110151 1020812488
1020812488 1025307335
1025307335 1020812352
1020812352 1025307616
1025307616 1020812307
1020812307 1020822291
1020822291 1020812250
1020812250 1020822285
1020822285 1428979209
1428979209 1020812216
1020812216 1020812259
1020812361 1428979139
1428979139 1428979229
1428979229 1428979087
1428979087 1428979164
1428979164 1428979121
1428979121 5393110189
5393110189 1428979129
1428979129 1428979112
1428979112 1428979120
1428979120 1428979158
1060285495 5393110181
5393110181 1428979091
1428979091 5389726207
5389726207 5389726208
5389726208 1428979137
1428979137 1428979112
1060285631 5389726213
5389726213 1428979151
1428979151 5389726214
5389726214 1060285332
1060285332 1428979199
5393110177 5393110175
5393110175 5393110174
5393110174 5393110176
5393110176 1060284975
1060284975 5393110188
5393110188 5389726210
5389726210 1020781903
1020781903 2844813630
2844813630 1060285528
1060285528 1060285350
1060285350 1060285186
1060285186 5393110183
5393110183 1060284971
1060284971 1060285569
1060285569 1020812225
1428995227 1428995252
1428995252 1025307518
1025307518 1025308094
5390504999 1428979163
1428979163 6631888816
6631888816 1428979116
1428979116 1428979182
1428979182 1428979099
1428979099 1428979129
1428979128 5393110155
5393110155 1428979208
1428979208 1428979200
1428979200 1020782236
1020782306 5390504949
5390504949 1020782034
1020782034 1428995258
1428995258 1020782232
1020812369 1428995248
1428995248 5392912459
1428995254 1428995223
1428995223 1428995219
1428995276 1428995241
1428995241 1428995229
1472402658 1429178465
1429178465 1020781993
1020781993 1472402727
1472402727 1020781997
1020781997 1020781900
1020781900 1020822293
1020822293 1020782143
1020782143 1020822264
1020822264 1020782197
1020782197 5153038530
5153038530 1020781844
1020781844 1020782090
1020782090 1020812259
1020812259 1020781974
1020781974 1025377501
1025377501 1020782267
1428995278 1428995217
1428995217 1428995284
1428995284 1428995221
1020822288 1020782009
1020782009 7125361154
7125361154 1020782322
1020782322 1025307513
1025307513 1020782151
1020782151 5392912457
1428995270 1428995241
1020782056 1781710810
1781710810 1020782271
1020782271 5390532199
5390532199 1020822260
1020822260 1020782017
1020782017 1781710802
1781710802 2844867126
2844867126 1020781911
1020781911 5393656298
1429178514 1429178316
1429178210 1025307275
1025307275 1429178359
1429178406 1429178355
1429178355 1429178514
1429178514 5393415732
5393415732 1429178250
1429178250 5697017195
5697017195 1429178465
1429178342 1429178178
1429178178 1429178317
1429178317 5390532203
5390532203 1429178388
1429178388 1429178268
1472348974 1472348995
1472348995 1020812176
1020812176 5390504998
5390504998 1020812214
1020812214 1428979156
1428979156 1020812361
1020812361 5393110191
5393110191 1060284910
1060284910 1020812401
1020812401 5390505001
5390505001 1020812273
1020812273 6631888447
6631888447 6631888448
6631888448 1020812225
91272478 1060285446
1060285446 1060284929
1060284929 1428979155
1428979155 1060285549
1472348864 1472348873
1020782267 1020782346
1020782346 1428979128
1428979128 5389789962
5389789962 1020781945
1020781945 1428979162
1428979162 1020782181
1020782181 3353844816
3353844816 5153038524
5153038524 1020781991
1020781991 1020782003
1025377565 1020812492
1020812492 1020812094
1020812190 1020812432
1020812432 1020782226
1429178321 1020812179
1020812179 1428979152
1428979152 1020812134
1020812134 1020812139
1020812139 5393110152
5393110152 5392912460
5392912460 1020812089
1020782003 1020812190
1020822262 1781710842
1781710842 1025377341
1781710811 1781710864
1781710864 1781710860
1781710770 1781710769
1781710772 1781710801
1781710801 1020782232
1020782031 5697042694
5697042694 5393415796
5393415796 1060285650
1060285650 5697042676
5697042676 5697042667
5697042667 1060285532
1060285532 5697042660
5697042660 2844867123
2844867123 5393415799
5393415799 5393415798
5393415798 1060285355
1025377341 5697745025
5697745025 1025377386
1025377386 1428995230
1428995230 1025377336
1025377336 7003087494
7003087494 5393415813
5393415813 1025377464
1025377464 1025377408
1025377408 8631774651
8631774651 1025377514
1025307457 1025307426
1025307426 1025307626
1025307626 1025307741
1020822293 5390504942
5390504942 1428995237
1428995237 1428995224
1428995224 1428995242
1428995242 5390504944
5390504944 1428995285
1428995285 5390504943
5390504943 1428995258
1025307880 1020781886
1020781886 5389789957
5389789957 1020782194
1020782194 1060285481
1060285481 5393656277
5393656277 1020781931
1020781931 1020781962
1020781962 1428995250
1428995250 1428995286
1428995286 1025307578
1025307578 1781710793
1781710793 1020782028
1020782028 1428979224
1428979224 1428995215
1428995215 1428979094
1428979094 1020782279
1020782279 1428979144
1428979144 1020782083
1020782083 1020782267
2844813635 8765628514
2846609449 2844818824
2844818824 2846609451
2846609451 2844818826
2844818826 5392684674
5392684674 2844867126
2844813628 2844818815
2844818815 2844818814
2844818814 2844818813
2844818813 2844818817
2844818817 5392912463
5392912463 1060285284
2844867123 2844867122
2844867122 5393656273
5393656273 5393656272
5393656272 5393415797
5393415797 5393656271
5393656271 8631763365
8631763365 2844867121
2844867121 2844867119
2844867119 1025404716
1025404716 2844867117
2844867117 2844867115
2844867115 2844867116
2844867116 1429178365
1025307497 6631800434
6631800434 6631800433
6631800433 6631800432
6631800432 5153038524
1472348873 5153038527
5153038527 6631888817
6631888817 5153038529
5153038529 5153038528
5153038528 1428979158
1428979158 3353844808
3353844808 5393110178
5393110178 1020782312
1020782312 1060285147
1060285147 1020781965
1020781965 5389726209
5389726209 1020782236
1020782236 1020782095
1020782095 1020782000
1020782000 1020781903
1020781903 5389726204
5389726204 1020782045
1020782045 1020781848
1020781848 1060284886
1060284886 1781710811
1781710811 1020782218
1020782218 1020781979
1020781979 5389726211
5389726211 1025307237
1060285147 1428979217
1428979217 1428979162
5389726215 1060285086
1060285086 1060285631
1060285631 1025377372
1025377372 1020781979
5390504949 5390504948
1060285357 1020812145
1428979156 5390505000
5390505000 1428979143
5390532198 1020781877
1020781877 1020782103
1020782103 1025307870
1025307870 1020781993
5393656297 1020782183
1020782183 5390532198
1428979144 5392876273
5392876273 1428979159
1472402727 1020782280
1020782280 1429178316
1429178316 1020781947
1020781947 5390504948
5390504948 1020782228
1020782228 1020782086
1020782086 1020782067
1020782067 5393415795
5393415795 1020781888
1020781888 1020782031
1020782181 1025307497
1428995228 1428995256
1020812389 1020812349
1020782306 7003087476
7003087476 4948837547
4948837547 7003087477
7003087477 1020781997
1025307335 1025307518
1428979209 5393110156
5393110156 1428979128
5393110183 5393110182
5393110182 5393110181
5393110181 5393110180
5393110180 5393110179
5393110179 5393110178
5393656287 5393656298
5393656298 5393656288
5393656295 5393656294
5393656294 5393656293
5393656293 5393656287
5393656287 5393656286
5393656286 5393656292
5393656292 5393656288
5393656288 5393656296
5393656296 5393656291
5393656291 5393656297
5393656297 5393656290
5393656290 1025404731
1025404731 5393656289
5393656289 5393656295
1429178321 1020812232
1020812232 5392876302
5392876302 1429178370
1429178370 5392876293
5392876293 2844813653
2844813653 5392876289
5392876289 1429178416
1429178416 5392876290
5392876290 1429178288
1429178288 1429178248
1429178248 1060285301
1060285301 5393018273
5393018273 1020781935
1020781935 1020782325
1020782325 5390532200
5390532200 5390532201
5390532201 6163076623
6163076623 1020782056
5393110190 5390504999
5390504999 1428979143
1428979143 1020782224
1020782224 1428979139
1428979139 1020781987
1020781987 1020812273
1020812273 1020781884
1020781884 1020812141
1020812141 1060285625
1060285625 5389789985
5389789985 1020782138
1020782138 5390504982
5390504982 1020812389
1020812389 1020782330
1020782330 1060285549
1060285549 1020782073
1020782073 1020781972
1020781972 1020782238
1020782238 1025377538
1025377538 1025377378
1025377378 1020781921
1020781921 1428979199
1428979199 1020782191
1020782191 5389726215
5389726215 1020782048
1428979115 7299843150
7299843150 7299843149
7299843149 7299843148
7299843148 7299843147
7299843147 7299843146
7299843146 1428995215
