482714254 5538678211
5538678211 5538678227
5538678211 5538678212
5538678227 5538678216
5538678216 5583419711
5538678216 5538678213
5583419711 5538678230
5583419711 5538678213
5538678213 5538678220
5538678220 5538678212
5538678220 5583420748
5538678212 5583420748
5583420748 482714250
172358816 172358811
1710228131 1710228008
1710228008 5189366030
5189366030 1710227812
1710227812 172358808
1710227812 172739457
1710227812 1710227791
172358808 5189366029
172358808 172636336
172358808 172358799
5189366029 172358811
172636336 172636342
172636342 172636350
172636350 172636351
172358799 172358793
172358793 172358789
172358789 172358788
172358788 172358786
172358786 172525813
172358786 172358784
172525813 172525810
172525810 172525805
172525805 172525790
172525790 172518399
172559770 172808422
172808422 172808420
172808420 172266626
172358784 5828404111
5828404111 5377253518
5377253518 172358781
172358781 1710227198
172358781 1710227331
172358781 1710227279
172358781 172358780
1710227198 172657356
172657356 1710227169
1710227169 172657350
1710227331 1710227543
1710227331 1710227383
1710227331 1710227279
1710227543 1710227686
1710227686 172521200
1710227686 5189366101
172521200 172521214
172521214 172521222
172521222 172521226
172521226 172521227
172521227 5431750633
5431750633 172521228
5431750633 5828713387
5828713387 5431750632
5431750632 4063555601
5431750632 5702471144
5431750632 4063555605
4063555601 5702471124
5702471124 5702471125
5702471125 5702471140
5702471125 5702471142
5702471142 5702471144
5702471144 5702471146
5702471144 5702471122
5702471146 5702471148
5702471148 5377253377
5377253377 5377253367
5377253377 5377253370
5377253367 172739429
5377253367 5377253383
172739429 172739420
172739420 5843824953
5843824953 1710228146
1710228146 3557799030
3557799030 1710228175
3557799030 3557799026
1710228175 172739413
1710228175 1710228179
1710228194 1710228179
1710228179 1710228182
1710228182 1710228188
1710228188 1710228192
1710228192 1710228190
1710228192 1710228209
1710228209 1710228211
1710228234 1710228211
172767252 172767257
172767257 172767270
172767270 5843824962
5843824962 172767273
172767273 172767286
172767286 1710227880
1710227880 1710227929
1710227880 172767301
1710227929 1710227964
1710227929 1710227901
1710227964 1710228030
1710228030 1710228109
1710228109 1710228098
1710228098 1710228038
1710228038 1710228001
1710228001 1710227920
1710227920 1710227867
1710227867 1710227901
172767301 172739451
172739451 172739450
172739451 172739453
172739451 172767309
172739450 5377253383
5377253383 5377253370
5377253370 1710227839
1710227839 5376839249
5376839249 4063555605
172739453 172739457
172767309 172767317
172767317 172767321
172767321 172767323
172767323 5850641337
5850641337 5850641325
5850641325 1710227764
1710227764 1710227770
1710227764 5189366101
1710227770 5850641297
5850641297 1710227791
3557799026 3557799038
3557799038 3557797071
5702471122 5702471121
5702471121 5702470919
5702470919 5702470916
5702470916 5702470915
1710227383 1710227449
1710227449 1710227518
1710227518 1710227585
1710227585 1710227587
1710227587 1710227536
1710227587 1710227613
1710227536 5377245913
5377245913 1710227402
1710227402 1710227325
1710227325 1710227279
1710227279 3474548119
3474548119 1710226721
1710227613 4063555609
172358780 5189279038
