482714254 989.7143434058371 942.203404277627 35.3023261 -80.7490665 50
5538678211 978.4509710752882 931.709905501868 35.3022312 -80.7491905 50
5538678227 987.0710842541262 927.9724949792269 35.3021974 -80.7490956 50
5538678212 975.317210225428 930.9248281428211 35.3022241 -80.749225 50
5538678216 978.3692207916852 912.105086398665 35.3020539 -80.7491914 50
5583419711 968.2140189639749 902.9937660712189 35.3019715 -80.7493032 50
5538678213 970.493943525235 917.335249645176 35.3021012 -80.7492781 50
5538678230 924.0597827533179 820.0851740594519 35.3012217 -80.7497893 50
5538678220 969.5129401289391 923.615868511926 35.302158 -80.7492889 50
5583420748 958.7128194016191 933.3021750732451 35.3022456 -80.7494078 50
482714250 905.6841357978833 963.3894355248631 35.3025177 -80.7499916 50
172358816 792.3691601274982 1043.787991475258 35.3032448 -80.75123910000001 50
172358811 699.382754842864 872.6742996404421 35.3016973 -80.7522628 50
1710228131 767.0629058424033 1061.159210206331 35.3034019 -80.75151769999999 50
1710228008 708.6932037454071 962.9471384212341 35.3025137 -80.7521603 50
5189366030 640.1047162674299 842.52069462335 35.3014246 -80.75291540000001 50
1710227812 590.682128482526 746.807601472985 35.300559 -80.75345950000001 50
172358808 622.891740003517 729.502727306683 35.3004025 -80.7531049 50
172739457 577.7383336662319 752.557463815943 35.300611 -80.753602 50
1710227791 564.2313702350862 690.890190190245 35.3000533 -80.7537507 50
5189366029 659.0616985703591 795.040100586674 35.3009952 -80.7527067 50
172636336 677.7461799298721 697.049177353392 35.300109 -80.752501 50
172358799 600.5829960971523 685.184557557368 35.3000017 -80.7533505 50
172636342 703.8154368576861 660.891389159493 35.299782 -80.752214 50
172636350 702.2712648442271 615.8876588993419 35.299375 -80.75223099999999 50
172636351 695.5404915389681 610.9007590600379 35.2993299 -80.7523051 50
172358793 582.407183166119 644.2831329313719 35.2996318 -80.7535506 50
172358789 567.074463412353 603.392765731315 35.299262 -80.75371939999999 50
172358788 540.1695369239601 534.3391304811989 35.2986375 -80.7540156 50
172358786 527.007741354088 488.4065763044121 35.2982221 -80.7541605 50
172525813 606.8051009739311 444.1658085486188 35.297822 -80.753282 50
172358784 494.5256288885262 356.97799206237 35.2970335 -80.7545181 50
172525810 651.1319211152263 417.517408075712 35.297581 -80.75279399999999 50
172525805 689.1003859086122 393.854513049841 35.297367 -80.752376 50
172525790 758.3156255547119 347.6344657557652 35.296949 -80.751614 50
172518399 811.2716422417443 308.159449287461 35.296592 -80.751031 50
172559770 995.028111804178 608.9214795231619 35.299312 -80.749008 50
172808422 951.8821290847372 608.4791824202359 35.299308 -80.749483 50
172808420 914.004497939542 579.3981478787771 35.299045 -80.7499 50
172266626 915.0945017132053 518.803444728007 35.298497 -80.749888 50
5828404111 483.1350894514353 303.415812855364 35.2965491 -80.7546435 50
5377253518 458.346586957096 186.8815835664632 35.2954952 -80.7549164 50
172358781 453.7776544722992 165.3748869192009 35.2953007 -80.7549667 50
1710227198 506.1705025398569 151.5641598690381 35.2951758 -80.75438990000001 50
1710227331 416.2996913759061 183.929250401462 35.2954685 -80.7553793 50
1710227279 413.8108494256571 173.9775655782469 35.2953785 -80.75540669999999 50
172358780 430.9874922312183 73.98524795269577 35.2944742 -80.75521759999999 50
172657356 555.520423408057 138.5274527498732 35.2950579 -80.7538466 50
1710227169 604.679593612977 137.3664228540779 35.2950474 -80.7533054 50
172657350 669.2441504918329 170.4391887520269 35.2953465 -80.75259459999999 50
1710227543 445.012207456587 289.4613392469082 35.2964229 -80.7550632 50
1710227383 370.3651156678811 196.335684149326 35.2955807 -80.75588500000001 50
1710227686 465.1954440043091 365.193660756619 35.2971078 -80.754841 50
172521200 345.56752981011 418.1808537304528 35.297587 -80.756158 50
5189366101 466.2763644133852 369.2406792519409 35.2971444 -80.75482909999999 50
172521214 311.5049118727361 446.5984426164689 35.297844 -80.756533 50
172521222 287.5248288452131 491.60217287662 35.298251 -80.75679700000001 50
172521226 284.4364848194491 541.1394484443979 35.298699 -80.75683100000001 50
172521227 294.0648514895033 585.9220301520311 35.299104 -80.756725 50
5431750633 307.1176466843203 635.1165254650939 35.2995489 -80.75658129999999 50
172521228 326.855798356833 709.5440705207161 35.300222 -80.756364 50
5828713387 240.2459151504399 680.6178399663011 35.2999604 -80.7573175 50
5431750632 215.8661640729592 694.0857867610459 35.3000822 -80.7575859 50
4063555601 159.567469145923 640.479377843257 35.2995974 -80.7582057 50
5702471144 212.160151240193 699.061629173005 35.3001272 -80.7576267 50
4063555605 238.8470769738542 722.193767675084 35.3003364 -80.75733289999999 50
5702471124 57.16161458022407 577.009743521008 35.2990234 -80.75933310000001 50
5702471125 52.55634863591922 583.6994872079481 35.2990839 -80.75938379999999 50
5702471140 4.823266700193017 554.441533825458 35.2988193 -80.7599093 50
5702471142 153.563365023876 647.8657394676729 35.2996642 -80.7582718 50
5702471146 247.4853568818671 747.2277837212209 35.3005628 -80.7572378 50
5702471122 171.1033424210432 730.0445412578199 35.3004074 -80.7580787 50
5702471148 291.8939273056089 803.4990326867239 35.3010717 -80.75674890000001 50
5377253377 322.0961152099121 838.893858376968 35.3013918 -80.75641640000001 50
5377253367 326.0655456203499 853.4786053581311 35.3015237 -80.7563727 50
5377253370 327.4189669728412 832.049310703688 35.3013299 -80.7563578 50
172739429 299.5148703601303 890.554160041321 35.301859 -80.756665 50
5377253383 344.5138594947989 836.5386263019359 35.3013705 -80.75616960000001 50
172739420 287.3431615499881 942.524069677653 35.302329 -80.756799 50
5843824953 288.9509171167192 1025.13411114338 35.3030761 -80.7567813 50
1710228146 289.986420702854 1080.863546157746 35.3035801 -80.75676989999999 50
3557799030 291.1400080297881 1154.041601896706 35.3042419 -80.7567572 50
1710228175 291.167258124708 1156.264144840789 35.304262 -80.7567569 50
3557799026 338.5551721968482 1149.696032857453 35.3042026 -80.75623520000001 50
172739413 291.8848439421772 1206.022568961085 35.304712 -80.756749 50
1710228179 229.5093779763911 1158.619376915821 35.3042833 -80.7574357 50
1710228194 227.0296193895742 1194.257466013272 35.3046056 -80.757463 50
1710228182 182.7663828015502 1160.399622756275 35.3042994 -80.7579503 50
1710228188 125.077933064827 1173.701708137336 35.3044197 -80.7585854 50
1710228192 74.67434188362722 1188.120593704814 35.3045501 -80.7591403 50
1710228190 72.02199936617217 1177.428061232633 35.3044534 -80.7591695 50
1710228209 79.50669194725197 1217.267972811044 35.3048137 -80.7590871 50
1710228211 60.79496049397494 1218.816012673042 35.3048277 -80.75929309999999 50
1710228234 14.87855151628128 1239.051105148249 35.3050107 -80.7597986 50
172767252 586.912532097645 1086.823499625174 35.303634 -80.753501 50
172767257 610.3476132383371 1050.333988603202 35.303304 -80.753243 50
172767270 605.6242635520771 1005.551406895569 35.302899 -80.75329499999999 50
5843824962 584.369189958712 967.580200578479 35.3025556 -80.753529 50
172767273 557.8457647911009 920.1880659612621 35.302127 -80.753821 50
172767286 527.8706610084309 881.5976436995129 35.301778 -80.75415099999999 50
1710227880 507.2150894917363 865.730235118951 35.3016345 -80.75437839999999 50
1710227929 493.599125680912 888.1657556828491 35.3018374 -80.7545283 50
172767301 474.1879751393421 819.897197791078 35.30122 -80.75474199999999 50
1710227964 529.4511664790871 922.9413654291379 35.3021519 -80.7541336 50
1710227901 470.1731279048081 873.581008701686 35.3017055 -80.7547862 50
1710228030 529.1695821710832 970.3445574736991 35.3025806 -80.7541367 50
1710228109 489.929446308809 1000.077980242554 35.3028495 -80.75456869999999 50
1710228098 444.9032070792209 997.125647078256 35.3028228 -80.75506439999999 50
1710228038 401.8480580056589 976.791037754135 35.3026389 -80.75553840000001 50
1710228001 363.0348402882632 941.882738876898 35.3023232 -80.7559657 50
1710227920 366.7045196603663 885.921097884077 35.3018171 -80.7559253 50
1710227867 415.400438263212 860.5443015825219 35.3015876 -80.7553892 50
172739451 468.3746216782642 797.340045522873 35.301016 -80.754806 50
172739450 381.8101552948101 819.344326411893 35.301215 -80.755759 50
172739453 510.0672660335922 785.176875182919 35.300906 -80.754347 50
172767309 442.0328638070341 760.6293859504931 35.300684 -80.75509599999999 50
1710227839 297.3984463660749 798.9544299503459 35.3010306 -80.75668829999999 50
5376839249 265.061667737386 759.6231600403339 35.3006749 -80.7570443 50
172767317 415.691105935804 707.8854563831619 35.300207 -80.755386 50
172767321 400.4310530998973 656.68956667783 35.299744 -80.755554 50
172767323 386.3518376870002 600.186111733168 35.299233 -80.755709 50
5850641337 403.3558965607681 557.504441266015 35.298847 -80.7555218 50
5850641325 459.4184240015843 542.919694285556 35.2987151 -80.7549046 50
1710227764 509.240679837601 531.0108447794501 35.2986074 -80.7543561 50
1710227770 523.6559797483401 579.0000804859319 35.2990414 -80.7541974 50
5850641297 544.5840522084509 639.285175663317 35.2995866 -80.753967 50
3557799038 350.436213334398 1170.019584752823 35.3043864 -80.7561044 50
3557797071 373.635126990026 1167.46531898137 35.3043633 -80.755849 50
5702471121 126.758355549417 756.184300063029 35.3006438 -80.75856690000001 50
5702470919 68.04348559114624 796.1237284896511 35.301005 -80.7592133 50
5702470916 20.2922369262451 812.101711345769 35.3011495 -80.759739 50
5702470915 9.328615632874971 820.3284374659561 35.3012239 -80.75985970000001 50
1710227449 326.328963199177 233.8093062253611 35.2959196 -80.7563698 50
1710227518 287.0161604178893 266.318143316782 35.2962136 -80.7568026 50
1710227585 152.50969470972 323.3302399305462 35.2967292 -80.7582834 50
1710227587 136.659223162887 324.9114520745779 35.2967435 -80.7584579 50
1710227536 245.2962659687983 272.908370156214 35.2962732 -80.7572619 50
1710227613 56.00802725328913 357.154910904806 35.2970351 -80.75934580000001 50
5377245913 288.1424976522153 252.9275985148538 35.2960925 -80.7567902 50
1710227402 334.2496572897221 206.386885821456 35.2956716 -80.75628260000001 50
1710227325 392.682942941145 178.0135266455218 35.295415 -80.7556393 50
3474548119 388.1957607387949 63.04945207401079 35.2943753 -80.75568869999999 50
1710226721 377.822558154041 12.60546744358317 35.2939191 -80.75580290000001 50
4063555609 2.834009813836019 361.0692402684772 35.2970705 -80.7599312 50
5189279038 421.5317094918009 28.26278490037794 35.2940607 -80.7553217 50
