249782331 1407.430402356474 891.8023585190123 28.631635 77.22170920000001 50
249782337 1194.55820407672 787.3786041142365 28.6306928 77.2195322 50
249782343 1002.083406147315 914.7884407353007 28.6318424 77.21756379999999 50
249782349 1013.211038745493 1147.264844089189 28.63394 77.2176776 50
249783257 1494.828275954217 1166.438384220931 28.634113 77.22260300000001 50
249783291 1330.006329505794 719.8168118350604 28.6300832 77.2209174 50
249783293 1189.972211382199 698.8256644310026 28.6298938 77.2194853 50
249783302 923.5250579171532 866.8989222902194 28.6314103 77.2167604 50
249783308 950.9236752619545 1187.507112423658 28.6343031 77.2170406 50
249783313 1129.444930382778 1329.701632591601 28.6355861 77.2188663 50
249783316 1228.889590764019 1344.441984252973 28.6357191 77.21988330000001 50
249791931 1027.174359788645 722.5764716574006 28.6301081 77.21782039999999 50
267198387 1019.117093303724 761.6439450472492 28.6304606 77.217738 50
267198388 1063.539619569117 734.6901591511921 28.6302174 77.2181923 50
267198389 1037.744632932897 730.4564641622567 28.6301792 77.2179285 50
267198390 1419.555415028984 1129.665085864584 28.6337812 77.22183320000001 50
267198392 1224.323154538642 1254.492590202165 28.6349075 77.21983659999999 50
267198394 1217.771736402902 1145.968136462508 28.6339283 77.21976960000001 50
267198395 1092.00406463896 956.5158272073008 28.6322189 77.2184834 50
267198396 1063.960083717893 944.9341223293756 28.6321144 77.2181966 50
267247447 1620.996855392816 1113.616943603832 28.6336364 77.2238933 50
267247448 1643.858371222174 1113.605860632896 28.6336363 77.2241271 50
267247449 1661.654760787122 1110.890532695006 28.6336118 77.2243091 50
267247450 1770.388745394655 1044.23754405234 28.6330104 77.22542110000001 50
267247451 1782.327971581694 1032.578258376804 28.6329052 77.2255432 50
267247452 1767.494387529811 999.7948296428026 28.6326094 77.2253915 50
267247454 1700.112563076904 890.682978430836 28.6316249 77.2247024 50
267247455 1643.662806499643 878.4917101387284 28.6315149 77.22412509999999 50
267247456 1635.527314126953 869.4812545744073 28.6314336 77.2240419 50
267247457 1624.507242126479 875.3219803829355 28.6314863 77.2239292 50
267247458 1568.067263786277 790.8032422072026 28.6307237 77.22335200000001 50
267247459 1581.140765352799 895.0275031308963 28.6316641 77.2234857 50
267247460 1517.191101744543 916.450886411337 28.6318574 77.2228317 50
267247461 1860.641863911492 722.7759651388351 28.6301099 77.22634410000001 50
267247464 1569.895793923592 1102.079570611414 28.6335323 77.2233707 50
267247465 1576.075639090877 1049.391125648018 28.6330569 77.2234339 50
267247466 1590.029181899458 1029.342030793631 28.632876 77.2235766 50
267247467 1692.348643671424 1020.852474873888 28.6327994 77.22462299999999 50
267247468 1723.961680743536 1071.390823429479 28.6332554 77.2249463 50
267249912 0 396.3713810813185 28.6271648 77.2073157 50
267249926 546.9945232759054 23.35182026423388 28.6237991 77.2129097 50
267249927 571.4107786322787 0 28.6235884 77.2131594 50
267249934 580.3871993037651 39.30021578444428 28.623943 77.2132512 50
267249939 27.44750852512288 412.2421958028604 28.627308 77.2075964 50
267250978 1570.414040431767 322.2041379820948 28.6264956 77.223376 50
267250994 793.6603052606645 378.1066445857344 28.627 77.2154323 50
267251001 968.5929477600565 629.679007273754 28.6292699 77.21722130000001 50
267251007 323.346708897285 565.6305168567962 28.628692 77.2106225 50
308722766 1584.739156210047 1596.468748759248 28.6379931 77.2235225 50
345234444 827.5907842683308 1048.32716041558 28.6330473 77.21577929999999 50
345265121 959.7827571011662 1201.471656103279 28.6344291 77.2171312 50
395135103 861.3843679733357 851.6709198970785 28.6312729 77.2161249 50
395135106 1560.000219064296 1553.766060824415 28.6376078 77.2232695 50
395135138 1809.364794192612 1924.591193348539 28.6409537 77.2258197 50
432874005 1045.273874673827 1293.238657427461 28.6352571 77.2180055 50
432874009 1089.197710900188 2026.720772720872 28.6418752 77.2184547 50
432874021 1103.297927249734 1917.819497961276 28.6408926 77.2185989 50
432874023 1073.053843222898 1360.955611302916 28.6358681 77.21828960000001 50
432874024 1094.272615396682 1333.613921415984 28.6356214 77.2185066 50
450631313 421.1975168070056 1553.40032277506 28.6376045 77.21162320000001 50
450632577 643.5546040306064 1409.332780479062 28.6363046 77.21389720000001 50
458640642 1675.168282975295 1722.870035003261 28.6391336 77.22444729999999 50
562591599 872.6684523470497 1042.464268664474 28.6329944 77.2162403 50
912971480 1058.454936835564 1320.325438977573 28.6355015 77.2181403 50
912971591 1106.016276864922 1331.652235517972 28.6356037 77.2186267 50
928561491 1197.804578437143 1144.82659043105 28.633918 77.21956539999999 50
938372547 1099.914657584161 1808.175664132738 28.6399033 77.2185643 50
938372551 1095.475338429361 1975.406616183177 28.6414122 77.21851890000001 50
938409526 1745.08267055792 1829.344139076006 28.6400943 77.22516229999999 50
939091038 1086.704260714977 1001.446192347903 28.6326243 77.2184292 50
939091064 1500.206305767213 835.2237906738104 28.6311245 77.222658 50
939091095 1278.709703314039 1125.398141962135 28.6337427 77.2203928 50
939091098 1499.375155705476 819.8184607421649 28.6309855 77.2226495 50
939091123 1490.672525643044 866.3115248182619 28.631405 77.2225605 50
939091149 1481.764552622267 826.1579202533983 28.6310427 77.22246939999999 50
939091176 1869.012033947487 587.1979787625805 28.6288866 77.2264297 50
939091180 1492.061035157463 853.3001166596011 28.6312876 77.2225747 50
939091187 1162.211799303515 905.7336532861773 28.6317607 77.2192014 50
1191294688 1090.048417436044 1055.17643660116 28.6331091 77.2184634 50
1191294690 1111.687653759848 944.1139824624699 28.632107 77.2186847 50
1191294751 1308.259532584288 1098.843343028242 28.6335031 77.22069500000001 50
1191294760 1335.814601704625 1024.077619485772 28.6328285 77.2209768 50
1191294765 1199.437543853171 896.5791190958078 28.6316781 77.2195821 50
1191294767 1302.451260384212 936.0344964765318 28.6320341 77.22063559999999 50
1191294780 1255.545062168179 904.4147797158615 28.6317488 77.22015589999999 50
1191294792 977.7160419712641 1051.075737266984 28.6330721 77.21731459999999 50
1191294795 1327.728000509769 1064.962700148289 28.6331974 77.2208941 50
1191294803 1139.819638804498 917.825174837039 28.6318698 77.2189724 50
1191294825 1094.614853658934 973.3286944785144 28.6323706 77.2185101 50
1191294829 975.9559594871466 1011.287870750771 28.6327131 77.2172966 50
1191294833 973.4625093019358 637.0381001333274 28.6293363 77.2172711 50
1309626444 1562.708790443669 319.1452379381317 28.626468 77.2232972 50
1309626462 1369.490846577356 701.9067304171907 28.6299216 77.22132120000001 50
1309626464 1364.347494427665 707.8693689091898 28.6299754 77.2212686 50
1309626465 1374.653755197433 708.7005917477367 28.6299829 77.221374 50
1309626466 1355.116839618755 716.10401649176 28.6300497 77.22117419999999 50
1309626467 1336.440408810504 721.0913535198689 28.6300947 77.22098320000001 50
1309626476 1371.651836738618 721.73416584827 28.6301005 77.2213433 50
1309626478 1372.434095620034 730.6448746724025 28.6301809 77.22135129999999 50
1309626482 1377.685008366183 742.9580556472761 28.630292 77.221405 50
1393278434 891.9609120266076 1048.304994473355 28.6330471 77.21643760000001 50
1393278485 857.7468641728265 1046.797710393246 28.6330335 77.2160877 50
1393278504 1142.557544892562 1125.542220587478 28.633744 77.2190004 50
1393278563 881.3026347587722 1034.672939928871 28.6329241 77.2163286 50
1393278678 1156.794656544769 1133.422213092334 28.6338151 77.21914599999999 50
1393416683 1440.353723053992 967.8980386030867 28.6323216 77.2220459 50
1393416691 1235.959255410423 788.1100802118899 28.6306994 77.21995560000001 50
1393416693 1435.601500345631 1091.262590745009 28.6334347 77.2219973 50
1393416725 1427.299777960345 928.3872463659189 28.6319651 77.22191239999999 50
1393416727 1350.579738103312 832.3311351974156 28.6310984 77.2211278 50
1393416733 1080.191955521255 1312.899848290971 28.6354345 77.21836260000001 50
1393416776 1444.568142781302 1050.643501391306 28.6330682 77.222089 50
1393416778 1482.957497417887 1160.43141384413 28.6340588 77.22248159999999 50
1393416815 1447.511391825223 1232.049573573737 28.634705 77.2221191 50
1393416820 1398.90378054121 1162.071693578293 28.6340736 77.221622 50
1393416823 1373.216354502693 1190.687925150387 28.6343318 77.2213593 50
1393416912 1446.161995252823 1009.082359486874 28.6326932 77.2221053 50
1393416990 1087.8287578574 1336.97206168157 28.6356517 77.2184407 50
1666858658 722.6018640614977 1529.206196701695 28.6373862 77.2147056 50
1709594983 1207.758822711332 1145.436153845937 28.6339235 77.2196672 50
1709594985 1131.99704998537 1241.447933129638 28.6347898 77.2188924 50
1762944925 1180.477544200049 899.7266829093758 28.6317065 77.2193882 50
1762944950 1301.73744915475 1106.29109965742 28.6335703 77.2206283 50
1762944963 1562.444778070429 780.6734065536477 28.6306323 77.22329449999999 50
1762944968 1292.428568458071 707.7252902834939 28.6299741 77.2205331 50
1762945073 1407.225059400615 643.8984592905483 28.6293982 77.2217071 50
1762945117 1198.440163780081 867.1316646851676 28.6314124 77.21957190000001 50
1762945118 1319.660955790276 959.4638975390818 28.6322455 77.2208116 50
1762945123 1260.140833101003 701.3193329452333 28.6299163 77.2202029 50
1762945147 1196.816976598626 832.9961134680417 28.6311044 77.2195553 50
1762977389 1066.668655097266 1334.256733744033 28.6356272 77.2182243 50
1762977390 1082.577845111251 1341.804237113752 28.6356953 77.21838700000001 50
1762977400 1490.574743283645 824.9387934243285 28.6310317 77.2225595 50
1762977406 1516.086161073751 1117.994717217759 28.6336759 77.2228204 50
1762977414 1070.892853059148 1347.489801326705 28.6357466 77.2182675 50
1762977415 1774.612943355293 1017.771408888052 28.6327716 77.2254643 50
1762977449 1493.077971705915 1164.764855573959 28.6340979 77.2225851 50
1762977451 1678.649335000268 1101.303762628959 28.6335253 77.2244829 50
1762977491 1531.780229893574 986.2625218392117 28.6324873 77.2229809 50
1762977507 1493.263758190143 845.0211371925809 28.6312129 77.222587 50
1762977522 930.3111537186865 1143.507716861439 28.6339061 77.2168298 50
1762977533 1526.460869496716 950.9410927061772 28.6321686 77.2229265 50
1762977534 913.7174871839297 896.0028045951391 28.6316729 77.2166601 50
1762977539 1506.47415506057 1142.65432808102 28.6338984 77.2227221 50
1763007723 1123.147746381974 1110.170139568994 28.6336053 77.2188019 50
1763007729 1314.165587143762 1090.896852696358 28.6334314 77.2207554 50
1763007739 1187.928560051967 1143.419053091834 28.6339053 77.21946440000001 50
1763007742 1199.369096201218 886.7374406925874 28.6315893 77.2195814 50
1763007747 1220.001174216117 1167.901336416238 28.6341262 77.2197924 50
1763007749 1333.194034450081 1046.354391546279 28.6330295 77.22095 50
1763007752 1243.302710664638 1141.124878058686 28.6338846 77.2200307 50
1802509339 1082.616958054513 1501.665013333328 28.6371377 77.2183874 50
1802509340 893.975228648149 1420.892319414057 28.6364089 77.21645820000001 50
1849572887 1416.641500692509 1264.01286244048 28.6349934 77.2218034 50
1849572889 1233.416914042403 1344.242490772244 28.6357173 77.2199296 50
1849573429 1386.485420789258 1292.651259954798 28.6352518 77.221495 50
1869716849 1111.198741957875 714.8405577775354 28.6300383 77.2186797 50
1869716858 1276.587826096039 796.045487572837 28.630771 77.22037109999999 50
1869716860 1315.192301925542 810.9410008308412 28.6309054 77.2207659 50
1869716862 1475.369586262063 848.7228495649451 28.6312463 77.222404 50
1869716864 1381.645193956069 859.5730783441595 28.6313442 77.2214455 50
1869716866 1218.475769396548 896.3463767008595 28.631676 77.21977680000001 50
1869716868 1237.318430217395 898.9730408691449 28.6316997 77.2199695 50
1869716870 1272.735201102612 912.538597586602 28.6318221 77.2203317 50
1869716885 1288.497717575632 923.1560839719257 28.6319179 77.2204929 50
1869716887 992.7060777999279 933.6959895589333 28.632013 77.2174679 50
1869716889 1314.292704210608 950.8524289365723 28.6321678 77.2207567 50
1869716891 1101.000041784566 960.1621247232215 28.6322518 77.21857540000001 50
1869716892 981.0015292761937 971.7770785139554 28.6323566 77.2173482 50
1869716893 1328.940501778264 979.9119793556322 28.63243 77.2209065 50
1869716894 1334.377201007397 1001.690017713787 28.6326265 77.22096209999999 50
1869716895 889.8879259889289 1023.512387955687 28.6328234 77.2164164 50
1869716896 1533.070957049837 1021.938606049255 28.6328092 77.22299409999999 50
1869716897 1530.342829198833 1057.548192432624 28.6331305 77.2229662 50
1869716902 899.3923714056506 1075.070369859619 28.6332886 77.2165136 50
1869716904 986.2231073148964 1089.9880490602 28.6334232 77.2174016 50
1869716906 1319.426278125727 1082.507043517508 28.6333557 77.22080920000001 50
1869716909 916.8367444750193 1111.278436685881 28.6336153 77.21669199999999 50
1869716913 1104.979783846083 1088.015280191252 28.6334054 77.21861610000001 50
1869716916 1523.605624576378 1092.625796199422 28.633447 77.2228973 50
1869716918 1001.242477849763 1126.905426042596 28.6337563 77.21755520000001 50
1869716920 1149.646766011841 1129.764832605125 28.6337821 77.2190729 50
1869716937 1033.011966696167 1173.996970561939 28.6341812 77.2178801 50
1869716940 1054.338299468897 1195.564432467723 28.6343758 77.2180982 50
1869716943 1473.277043752753 1200.740180005978 28.6344225 77.2223826 50
1869716945 1338.444947194986 1218.140444749854 28.6345795 77.2210037 50
1869716946 1078.275421260357 1214.217072954183 28.6345441 77.218343 50
1869716948 1314.918511316487 1231.074272110199 28.6346962 77.2207631 50
1869716950 1160.852624497787 1249.67149774092 28.634864 77.2191875 50
1869716952 1284.664649052592 1243.343121200623 28.6348069 77.22045369999999 50
1869716953 1190.510014362006 1254.171184037612 28.6349046 77.2194908 50
1869716957 1252.992942565587 1251.333943417308 28.634879 77.2201298 50
2323525296 896.2633358775016 519.4699419154836 28.6282755 77.21648159999999 50
2327524055 1184.007487405343 598.0592905130836 28.6289846 77.2194243 50
2431986256 1171.931365914398 394.1215379326198 28.6271445 77.2193008 50
2431986352 1233.788487012101 1434.912277950122 28.6365354 77.2199334 50
2566732703 740.1929106718316 776.6502880177881 28.630596 77.21488549999999 50
2592537501 1403.12797850558 636.2401262089992 28.6293291 77.2216652 50
2946891544 1919.594848908535 687.3880381787733 28.6297906 77.226947 50
3504623687 1518.765397744433 425.2314380196487 28.6274252 77.2228478 50
3648355163 1050.700795668388 1307.635436983112 28.635387 77.21806100000001 50
3648355166 1105.361135051597 1323.473002791493 28.6355299 77.21862 50
3648355168 1188.466363034262 1339.421398310998 28.6356738 77.21946990000001 50
3648355169 1335.423472262052 1391.744105225745 28.6361459 77.2209728 50
3661513063 13.80686926761496 403.5863953159011 28.6272299 77.2074569 50
3661513065 144.629889056419 473.1985372619887 28.627858 77.20879480000001 50
3661513067 164.4014822996469 483.4835345125281 28.6279508 77.208997 50
3661513074 895.5690811209142 871.0993683656412 28.6314482 77.2164745 50
3661513075 902.7365281267175 876.8403474339808 28.6315 77.2165478 50
3661513076 897.3096071321564 974.3150789129885 28.6323795 77.2164923 50
3744502766 1814.185464552926 622.0982549905209 28.6292015 77.225869 50
3744502770 1742.687002733352 665.0891001756883 28.6295894 77.2251378 50
3744502774 1585.042281526548 779.9530134272832 28.6306258 77.2235256 50
3744502776 1462.168967627451 822.1348017171861 28.6310064 77.222269 50
3744502777 1472.934805491745 826.0692564837934 28.6310419 77.2223791 50
3749161051 673.7302404054891 178.8459058411726 28.6252021 77.2142058 50
3947464981 1086.322909509463 1037.488014606949 28.6329495 77.21842530000001 50
3947529835 1035.036061553524 748.1892180419744 28.6303392 77.2179008 50
3947529836 1421.295941040227 779.7424369749124 28.6306239 77.221851 50
3947529849 837.2614597001367 1048.149832876723 28.6330457 77.21587820000001 50
3947529850 818.0765606170377 1049.058636512881 28.6330539 77.215682 50
3947529853 968.5733912884255 1176.002988344754 28.6341993 77.2172211 50
3947529856 947.1297196846647 1209.9833779656 28.6345059 77.21700180000001 50
3947530958 1158.730747278542 1335.874847535266 28.6356418 77.2191658 50
4083435328 571.616121589381 20.73623906758974 28.6237755 77.2131615 50
4083435329 561.1240743341418 31.17639791335125 28.6238697 77.2130542 50
4083435331 571.0880968441459 42.91326438755618 28.6239756 77.21315610000001 50
4083435332 680.6825662196186 214.2892476569731 28.6255219 77.2142769 50
4083435335 706.9566864195085 233.1302986535783 28.6256919 77.21454559999999 50
4083435337 754.9482688347026 319.7658843243078 28.6264736 77.2150364 50
4083435338 745.2482586966942 324.7310554098391 28.6265184 77.21493719999999 50
4083435341 787.2164477188951 380.1348283111261 28.6270183 77.21536639999999 50
4083435353 830.8078239213078 428.8001547376058 28.6274574 77.2158122 50
4083435358 826.4858435975387 435.483186355617 28.6275177 77.215768 50
4083435383 958.9516070394293 640.706563592178 28.6293694 77.2171227 50
4083435384 1019.733122175031 711.715159906545 28.6300101 77.21774430000001 50
4083435385 1012.741683416395 719.6062353830422 28.6300813 77.2176728 50
4083435386 1050.309666227059 734.5239145832713 28.6302159 77.218057 50
4083435387 1018.158826173897 731.6201761355878 28.6301897 77.2177282 50
4083435388 1019.948243366704 744.6648332077623 28.6303074 77.2177465 50
4083436489 1017.982817925485 757.6873243380643 28.6304249 77.2177264 50
4083436490 1012.282106321869 769.5239375521053 28.6305317 77.2176681 50
4350717935 1064.556556116325 1304.255130774949 28.6353565 77.21820270000001 50
4350717938 1104.441980865032 1229.644568828758 28.6346833 77.21861060000001 50
4398506629 1179.900628275736 528.7131398744004 28.6283589 77.21938230000001 50
4778146131 1016.858320783062 921.9591230850809 28.6319071 77.2177149 50
4778146136 1098.311026876824 840.5879487225634 28.6311729 77.2185479 50
4808220911 1124.731820617679 929.8834474747393 28.6319786 77.21881809999999 50
4844612929 151.601771340936 1728.466935446257 28.6391841 77.20886609999999 50
4881456028 89.27529491537894 444.4049781513907 28.6275982 77.20822870000001 50
5068224737 1342.923379295536 721.0802705489327 28.6300946 77.22104950000001 50
5434483896 788.1453801412754 368.9188614822037 28.6269171 77.2153759 50
5434483914 1842.082771934272 605.5735449692893 28.6290524 77.2261543 50
5434484049 1567.0698837107 307.1645460987472 28.6263599 77.2233418 50
5484083362 566.7465600487458 36.68463458674262 28.6239194 77.2131117 50
5485951703 1373.666153358916 734.9561504593016 28.6302198 77.2213639 50
5485951704 1372.101635594841 717.2788114360275 28.6300603 77.2213479 50
5485951705 1375.416457608462 739.0790157364073 28.630257 77.2213818 50
5485951706 1371.759397335077 726.2116862027374 28.6301409 77.22134440000001 50
5485951707 1373.10879390499 712.9121207937422 28.6300209 77.2213582 50
5485951708 1323.924266696664 717.3342262921186 28.6300608 77.2208552 50
5485951709 1240.066114541274 1343.18960851039 28.6357078 77.2199976 50
5485952430 1001.359816682037 1247.521401333114 28.6348446 77.21755640000001 50
5485952431 1290.795603042044 1116.531765022452 28.6336627 77.22051639999999 50
5485952432 1267.474510120647 1131.848431185903 28.6338009 77.2202779 50
5485952433 1255.633066293007 1137.112842494115 28.6338484 77.2201568 50
5485952434 1230.630116776506 1143.851288967865 28.6339092 77.2199011 50
5485952435 1172.029148273798 1139.440266440424 28.6338694 77.2193018 50
5485952436 1096.316266726914 1072.133382498069 28.6332621 77.21852749999999 50
5485952437 1085.198412364552 1019.456020506314 28.6327868 77.21841379999999 50
5485952438 1089.833296241882 987.1602425037283 28.6324954 77.21846119999999 50
5485952476 1398.708215821168 761.3668707674985 28.6304581 77.22162 50
5485952477 1360.279748240076 733.3380366680676 28.6302052 77.221227 50
5485952478 1342.326906897104 724.8152318348106 28.6301283 77.2210434 50
5485952479 1227.354407707391 698.2493499299813 28.6298886 77.2198676 50
5485952480 1166.240432546598 701.5188264263153 28.6299181 77.2192426 50
5485952481 907.8309890960862 883.3903833982899 28.6315591 77.21659990000001 50
5485952482 905.4744342135368 933.4078323082465 28.6320104 77.2165758 50
5485952483 1349.337902128614 719.1850824779482 28.6300775 77.22111510000001 50
5485952484 1360.045070575527 711.7816577335723 28.6300107 77.2212246 50
5485952485 1442.993846781412 801.4650604766236 28.6308199 77.2220729 50
5485952486 1138.42135105302 706.9605652726793 28.6299672 77.21895809999999 50
5485952487 1026.724560931178 754.5065116109827 28.6303962 77.2178158 50
5485952488 1048.754926697556 740.3203085077021 28.6302682 77.21804109999999 50
5485952489 1023.008831241657 717.4561389752371 28.6300619 77.21777779999999 50
5485952490 1032.131925454108 726.954245271327 28.6301476 77.2178711 50
5485952491 1043.865808686533 733.0055475322259 28.6302022 77.21799110000001 50
5485952492 1056.929532015996 734.9561504593016 28.6302198 77.2181247 50
5485952493 1019.4397750931 751.2370351146487 28.6303667 77.2177413 50
5485952494 1015.626263042936 763.849456310793 28.6304805 77.2177023 50
5485952495 1015.880497180359 725.4137122777042 28.6301337 77.2177049 50
5485952496 1019.518000980869 738.0704653593558 28.6302479 77.2177421 50
5485952497 1084.787726452835 725.0812231425675 28.6301307 77.2184096 50
5485952498 979.8476974250799 805.0559431375106 28.6308523 77.21733639999999 50
5485952499 949.9849646037584 836.8086555518831 28.6311388 77.21703100000001 50
5485952500 998.0352164313576 921.5158042381144 28.6319031 77.21752239999999 50
5485952501 988.0809721584133 946.1643321300866 28.6321255 77.2174206 50
5485952502 984.1794559846645 958.8765000664193 28.6322402 77.21738070000001 50
5485952503 978.5667485058759 984.8439015287073 28.6324745 77.2173233 50
5485952504 976.884891909527 998.0326372262252 28.6325935 77.2173061 50
5485952505 975.7897294745505 1024.576353189182 28.632833 77.2172949 50
5485952506 976.3764236359229 1037.853752655952 28.6329528 77.2173009 50
5485952507 979.8085844818177 1064.197975137122 28.6331905 77.217336 50
5485952508 982.6442729292805 1077.18721735391 28.6333077 77.217365 50
5485952509 990.5255311657904 1102.567221343183 28.6335367 77.2174456 50
5485952510 995.5319880115753 1114.891485288993 28.6336479 77.21749680000001 50
5485952511 1007.617887738336 1138.575794688716 28.6338616 77.2176204 50
5485952512 1023.439073627493 1162.226855174926 28.634075 77.2177822 50
5485952513 1043.318227468423 1185.124273621609 28.6342816 77.2179855 50
5485952514 1066.003735046882 1205.273115216184 28.6344634 77.21821749999999 50
5485952515 1091.104466925271 1222.351973796212 28.6346175 77.2184742 50
5485952516 1118.03372893973 1235.984028340697 28.6347405 77.2187496 50
5485952517 1146.292831054959 1246.014117253005 28.634831 77.2190386 50
5485952518 1175.607982659414 1252.397908649746 28.6348886 77.2193384 50
5485952519 1205.500050189426 1255.002406875806 28.6349121 77.2196441 50
5485952520 1236.819740179607 1253.672450334907 28.6349001 77.21996439999999 50
5485952521 1268.970580232769 1247.887139381765 28.6348479 77.2202932 50
5485952522 1300.006701378079 1237.735137785985 28.6347563 77.2206106 50
5485952523 1329.321852982534 1223.393773086425 28.6346269 77.22091039999999 50
5485952524 1358.685895767311 1203.333595260397 28.6344459 77.2212107 50
5485952525 1386.651650801854 1176.900709009975 28.6342074 77.2214967 50
5485952526 1409.894517835482 1146.289542625651 28.6339312 77.2217344 50
5485952527 1428.434053339827 1110.81295189669 28.6336111 77.221924 50
5485952528 1440.989308395686 1071.146998063243 28.6332532 77.2220524 50
5485952529 1446.298890557972 1029.896179352428 28.632881 77.2221067 50
5485952530 1444.177013341216 988.3572033909257 28.6325062 77.22208500000001 50
5485952531 1434.711680867757 947.8600267192841 28.6321408 77.2219882 50
5485952532 1418.186461983709 909.6570250811435 28.6317961 77.2218192 50
5485952533 1395.246720267826 875.1224869018534 28.6314845 77.2215846 50
5485952534 1366.71382754603 845.2760455290492 28.6312152 77.2212928 50
5485952535 1333.360264461433 820.8602600320252 28.6309949 77.2209517 50
5485952536 1296.222524035361 802.6398554212435 28.6308305 77.2205719 50
5485952537 1256.454438120173 791.1800632271417 28.6307271 77.2201652 50
5485952538 1215.278286215203 786.8355385270814 28.6306879 77.2197441 50
5681296951 1564.038630541951 1578.658414081919 28.6378324 77.22331079999999 50
5681296953 1381.009608615619 1295.322256008591 28.6352759 77.221439 50
5681296954 1391.247421733434 1288.229154456774 28.6352119 77.2215437 50
5681296955 1385.800944267242 1302.570519156335 28.6353413 77.22148799999999 50
5681296956 1550.485995411759 1558.188166322439 28.6376477 77.22317219999999 50
5681296957 1575.938743786972 1597.410801308567 28.6380016 77.2234325 50
5681296958 1662.065446701327 1727.768708262117 28.6391778 77.22431330000001 50
5681296961 1396.439665063446 1295.510666518032 28.6352776 77.2215968 50
5681321306 1468.417260447934 1409.399278306441 28.6363052 77.2223329 50
5681321307 1458.766141491491 1416.049061010939 28.6363652 77.2222342 50
5681450581 1217.370828724512 697.5178738319755 28.629882 77.21976549999999 50
5681450582 1212.765279557117 695.4231922802614 28.6298631 77.2197184 50
5681450583 1208.589972773069 692.5859516599579 28.6298375 77.2196757 50
5681450584 1204.962247208375 689.0726497970345 28.6298058 77.2196386 50
5681450585 1201.999441692822 684.9941164047311 28.629769 77.2196083 50
5681450586 1199.770003878363 680.4611811948776 28.6297281 77.21958549999999 50
5681450587 1183.792366212425 416.7862139843552 28.627349 77.2194221 50
5681450600 1198.361937891069 675.6290057623434 28.6296845 77.2195711 50
5681450601 1194.000844624038 598.0925394265973 28.6289849 77.2195265 50
5681450602 1189.981989616771 526.7847028906072 28.6283415 77.2194854 50
5681450603 1183.723918560473 415.6003360687991 28.6273383 77.2194214 50
5681450604 1182.257183155798 389.4223581544928 28.6271021 77.2194064 50
5787327960 895.637528772867 1063.810071146246 28.633187 77.2164752 50
5787327961 905.728668350961 1089.910468262237 28.6334225 77.2165784 50
5792664578 1169.115233938567 332.15664609644 28.6265854 77.219272 50
5796662794 1372.668773284583 1298.148413657606 28.6353014 77.22135369999999 50
5796662795 1217.057925172195 1343.821337867855 28.6357135 77.2197623 50
5796662796 1222.69996735843 1344.441984252973 28.6357191 77.21982 50
5799663725 919.8582194079534 580.4373663455482 28.6288256 77.21672289999999 50
5799663728 887.8931658402627 531.1403105619562 28.6283808 77.216396 50
5799663732 905.3082042021847 532.9025029785334 28.6283967 77.2165741 50
5799663735 941.1356610003621 586.0675157024104 28.6288764 77.21694050000001 50
5799663736 1011.509625676269 717.7886281103738 28.6300649 77.2176602 50
5809063020 1178.609901118229 332.1677290680811 28.6265855 77.21936909999999 50
5809063022 1178.590344647842 339.8482280918553 28.6266548 77.21936890000001 50
6077979124 1191.781185045394 558.6925769019645 28.6286294 77.2195038 50
6169030314 959.6458617960168 1181.743967413093 28.6342511 77.2171298 50
6169030315 943.5019941187269 1173.68664736938 28.6341784 77.21696470000001 50
6169030316 954.5709572995231 1204.973874994561 28.6344607 77.21707790000001 50
6383120542 1188.045898884242 666.2749780915968 28.6296001 77.21946560000001 50
6383120543 1197.775243729697 665.277510685834 28.6295911 77.2195651 50
6436408280 808.063646925468 397.7678354492453 28.6271774 77.2155796 50
6436650499 669.7309418710969 740.9852867779756 28.6302742 77.2141649 50
6437668039 1235.969033646239 1497.45348428697 28.6370997 77.2199557 50
6437715963 1550.319765399163 343.7605169165902 28.6266901 77.22317049999999 50
6439021689 1581.179878296062 1590.328782728392 28.6379377 77.2234861 50
6439021690 1537.207150888135 1516.49402876501 28.6372715 77.2230364 50
6439021696 1531.516217522822 1529.017786191549 28.6373845 77.2229782 50
6439021697 1507.11951863808 1491.446513910521 28.6370455 77.2227287 50
6439021698 1552.754546169481 1541.408547964387 28.6374963 77.22319539999999 50
6439021699 1543.973690218037 1527.056100293537 28.6373668 77.2231056 50
6439021700 1522.334453894233 1493.275204154478 28.637062 77.2228843 50
6439021701 1542.790523659477 1546.695125214471 28.637544 77.2230935 50
6439164655 628.1343258173506 1419.329620478914 28.6363948 77.2137395 50
6439164658 677.2406271391523 1387.211170015186 28.636105 77.2142417 50
6531473580 638.0494571470329 125.5035655787909 28.6247208 77.21384089999999 50
6531473581 628.2809993583157 132.3417587930819 28.6247825 77.213741 50
6636469149 1227.774871856168 1322.475535385377 28.6355209 77.2198719 50
6636469157 1342.845153406523 1308.49990873482 28.6353948 77.2210487 50
6637358439 1558.826830742795 345.3232158520855 28.6267042 77.2232575 50
6646336237 954.6980743676131 885.9062178547455 28.6315818 77.2170792 50
6656817024 1313.246432957197 714.0758327667209 28.6300314 77.22074600000001 50
6720350030 1079.321692513768 1351.246928554456 28.6357805 77.21835369999999 50
6720350031 1074.716143346372 1408.379644958806 28.636296 77.21830660000001 50
6720350032 1076.388221706906 1433.704234091988 28.6365245 77.2183237 50
6720350033 1080.348407296792 1472.594379942627 28.6368754 77.2183642 50
6720350034 1084.406375248565 1558.010838783934 28.6376461 77.21840570000001 50
6720350035 1089.334606204094 1631.878841661182 28.6383126 77.2184561 50
6720350036 1097.225642676419 1755.520468082855 28.6394282 77.2185368 50
6720350037 1082.968974552581 1393.140559593672 28.6361585 77.218391 50
6720350038 1088.21988729873 1480.285961938042 28.6369448 77.21844470000001 50
6720350039 1091.133801633961 1503.172297412732 28.6371513 77.2184745 50
6720350040 1098.711934553969 1653.002984719647 28.6385032 77.218552 50
6720350041 1109.194203573393 1806.413471715809 28.6398874 77.2186592 50
6720350042 1110.768499573283 1838.243764929202 28.6401746 77.2186753 50
6720350043 1114.973141064778 1900.341652419084 28.6407349 77.21871830000001 50
6720350044 1114.014873934951 1924.291953126916 28.640951 77.21870850000001 50
6720350045 1106.563858081789 1973.223270861858 28.6413925 77.2186323 50
6720350046 1092.228964068938 1695.783253453149 28.6388892 77.2184857 50
6720350047 1096.805178527643 2028.072895203996 28.6418874 77.21853249999999 50
6720350048 1100.941372367185 2003.856603187702 28.6416689 77.2185748 50
6761961054 1296.046515786949 1111.622008792307 28.6336184 77.2205701 50
7099698700 1387.649030876187 1285.203503325972 28.6351846 77.22150689999999 50
7099698701 1394.884925536431 1284.760184479358 28.6351806 77.22158090000001 50
7099698702 1379.220191421567 1280.559738403937 28.6351427 77.2214207 50
7099698703 1382.867473459135 1283.563223592161 28.6351698 77.221458 50
7100760223 940.9987656952123 1392.143092187909 28.6361495 77.2169391 50
7220883917 1829.791529249165 742.88047484896 28.6302913 77.22602860000001 50
7263014433 1409.131815424454 639.8531748117585 28.6293617 77.2217266 50
7263014442 1427.270443251654 603.223955080402 28.6290312 77.2219121 50
8499919671 1170.386404621955 367.8992281342161 28.6269079 77.219285 50
8982433112 1176.341350360507 468.6323531386214 28.6278168 77.21934589999999 50
8982438638 1189.70819900896 520.7223176584196 28.6282868 77.21948260000001 50
8982438639 1189.131283082159 508.1098964615703 28.628173 77.2194767 50
8982438642 1179.470385888656 520.8885622259879 28.6282883 77.2193779 50
