1762944950 1191294751
1191294751 1763007729
1763007729 1869716906
1869716906 1191294795
1191294795 1763007749
1763007749 1191294760
1191294760 1869716894
1869716894 1869716893
1869716893 1762945118
1762945118 1869716889
1869716889 1191294767
1191294767 1869716885
1869716885 1869716870
1869716870 1191294780
1191294780 1869716868
1869716868 1869716866
1869716866 1191294765
1191294765 1762944925
1762944925 939091187
939091187 1191294803
1191294803 4808220911
4808220911 1191294690
1191294690 1869716891
1869716891 1191294825
1191294825 5485952438
5485952438 939091038
939091038 5485952437
5485952437 3947464981
3947464981 1191294688
1191294688 5485952436
5485952436 1869716913
1869716913 1763007723
1763007723 1393278504
1393278504 1869716920
1869716920 1393278678
1393278678 5485952435
5485952435 1763007739
1763007739 928561491
928561491 1709594983
1709594983 267198394
267198394 5485952434
5485952434 1763007752
1763007752 5485952433
5485952433 5485952432
5485952432 939091095
939091095 5485952431
5485952431 6761961054
6761961054 1762944950
249782337 5485952538
5485952538 1393416691
1393416691 5485952537
5485952537 1869716858
1869716858 5485952536
5485952536 1869716860
1869716860 5485952535
5485952535 1393416727
1393416727 5485952534
5485952534 1869716864
1869716864 5485952533
5485952533 249782331
249782331 5485952532
5485952532 1393416725
1393416725 5485952531
5485952531 1393416683
1393416683 5485952530
5485952530 1393416912
1393416912 5485952529
5485952529 1393416776
1393416776 5485952528
5485952528 1393416693
1393416693 5485952527
5485952527 267198390
267198390 5485952526
5485952526 1393416820
1393416820 5485952525
5485952525 1393416823
1393416823 5485952524
5485952524 1869716945
1869716945 5485952523
5485952523 1869716948
1869716948 5485952522
5485952522 1869716952
1869716952 5485952521
5485952521 1869716957
1869716957 5485952520
5485952520 267198392
267198392 5485952519
5485952519 1869716953
1869716953 5485952518
5485952518 1869716950
1869716950 5485952517
5485952517 1709594985
1709594985 5485952516
5485952516 4350717938
4350717938 5485952515
5485952515 1869716946
1869716946 5485952514
5485952514 1869716940
1869716940 5485952513
5485952513 1869716937
1869716937 5485952512
5485952512 249782349
249782349 5485952511
5485952511 1869716918
1869716918 5485952510
5485952510 5485952509
5485952509 1869716904
1869716904 5485952508
5485952508 5485952507
5485952507 1191294792
1191294792 5485952506
5485952506 5485952505
5485952505 1191294829
1191294829 5485952504
5485952504 5485952503
5485952503 1869716892
1869716892 5485952502
5485952502 5485952501
5485952501 1869716887
1869716887 5485952500
5485952500 249782343
249783291 5485951708
5485951708 6656817024
6656817024 1762944968
1762944968 1762945123
1762945123 5485952479
5485952479 5681450581
5681450581 249783293
4083435384 1191294833
1191294833 267251001
267251001 5799663735
5799663735 5799663732
5799663732 2323525296
2323525296 4083435353
4083435353 6436408280
6436408280 267250994
267250994 5434483896
5434483896 4083435337
4083435337 4083435335
4083435335 3749161051
3749161051 6531473580
6531473580 267249934
267249934 4083435328
4083435328 267249927
249783293 249782337
249782337 1762945147
1762945147 1762945117
1762945117 1763007742
1763007742 1191294765
1869716889 249782331
249782331 1869716862
249783257 1762977449
1762977449 1393416778
1393416778 267198390
267198390 1869716906
249783316 6636469149
6636469149 267198392
267198392 1763007747
1763007747 267198394
1869716913 249782349
249782349 3947529853
3947529853 6169030314
6169030314 249783308
1869716891 267198395
267198395 267198396
267198396 4778146131
4778146131 249782343
249782343 6646336237
6646336237 249783302
1869716916 267247464
267247464 267247447
267247447 267247448
267247448 267247449
267247449 1762977451
1762977451 267247468
267247468 267247450
267247450 267247451
267247451 1762977415
1762977415 267247452
267247452 267247454
267247454 267247455
267247455 267247456
267247464 267247465
267247465 267247466
267247466 267247467
267247467 267247468
2946891544 267247461
267247461 7220883917
7220883917 267247456
267247456 267247457
267247457 267247459
267247459 267247460
267249926 4083435329
4083435329 5484083362
5484083362 4083435331
4083435331 6531473581
6531473581 4083435332
4083435332 4083435338
4083435338 4083435341
4083435341 4083435358
4083435358 5799663728
5799663728 5799663725
5799663725 4083435383
4083435383 5799663736
5799663736 4083435385
249783302 2566732703
2566732703 6436650499
6436650499 267251007
267251007 3661513067
3661513067 3661513065
3661513065 4881456028
4881456028 267249939
267249939 3661513063
3661513063 267249912
395135138 938409526
938409526 458640642
458640642 308722766
308722766 6439021689
6439021689 395135106
395135106 6439021698
6439021698 6439021699
6439021699 6439021690
6439021690 6439021700
6439021700 5681321306
5681321306 5681296961
5681296961 5681296954
1869716895 1393278563
1393278563 562591599
562591599 1393278485
1393278485 3947529849
3947529849 345234444
345234444 3947529850
432874005 3648355163
3648355163 912971480
912971480 1762977389
1762977389 1762977414
1762977414 432874023
432874023 6720350031
6720350031 6720350032
6720350032 6720350033
6720350033 1802509339
1802509339 6720350034
6720350034 6720350035
6720350035 6720350046
6720350046 6720350036
6720350036 938372547
938372547 432874021
432874021 938372551
938372551 432874009
939091123 939091180
939091180 1762977507
1762977507 939091064
939091064 267247458
267247458 3744502774
939091176 5434483914
5434483914 3744502766
3744502766 3744502770
3744502770 1762944963
1762944963 939091098
939091098 1762977400
1762977400 939091149
939091149 3744502777
3744502777 3744502776
4844612929 450631313
450631313 6439164655
6439164655 450632577
450632577 6439164658
6439164658 3947529856
3947529856 6169030316
6169030316 345265121
1666858658 1802509340
1802509340 7100760223
7100760223 912971480
939091095 1869716945
1869716945 7099698702
7099698702 7099698703
7099698703 7099698700
7099698700 7099698701
2431986352 3648355169
3947529835 4778146136
4778146136 1191294803
249783313 3947530958
3947530958 3648355168
3648355168 5796662795
5796662795 5796662796
5796662796 249783316
249783316 1849572889
1849572889 5485951709
5485951709 6636469157
6636469157 5796662794
5796662794 5681296953
939091123 1869716862
1869716895 1393278434
1393278434 5787327960
5787327960 1869716902
1869716902 5787327961
5787327961 1869716909
1869716909 1762977522
1762977522 6169030315
6169030315 249783308
249783293 5485952480
5485952480 5485952486
5485952486 1869716849
1869716849 5485952497
5485952497 267198388
1309626482 5485951705
5485951705 5485951703
5485951703 1309626478
1309626478 5485951706
5485951706 1309626476
1309626476 5485951704
5485951704 5485951707
5485951707 1309626465
1309626482 5485952477
5485952477 5485952478
5485952478 249783291
3744502776 5485952485
5485952485 3947529836
3947529836 5485952476
5485952476 1309626482
267198388 5485952488
5485952488 3947529835
3947529835 5485952487
5485952487 267198387
267198387 4083436490
5792664578 8499919671
8499919671 2431986256
2431986256 8982433112
8982433112 8982438642
8982438642 4398506629
4398506629 2327524055
2327524055 6383120542
6383120542 249783293
1762977534 5485952482
5485952482 3661513076
3661513076 1869716895
4083436490 5485952498
5485952498 5485952499
5485952499 249783302
1309626465 1762945073
1762945073 7263014433
7263014433 7263014442
7263014442 3504623687
3504623687 6637358439
6637358439 267250978
1309626464 5485952484
5485952484 1309626466
1309626466 5485952483
5485952483 5068224737
5068224737 1309626467
1309626467 249783291
267198388 5485952492
5485952492 4083435386
4083435386 5485952491
5485952491 267198389
267198389 5485952490
5485952490 249791931
249791931 5485952489
5485952489 4083435384
4083435385 5485952495
5485952495 4083435387
4083435387 5485952496
5485952496 4083435388
4083435388 5485952493
5485952493 4083436489
4083436489 5485952494
5485952494 4083436490
5681296954 7099698701
7099698701 1849572887
1849572887 1393416815
1393416815 1869716943
1869716943 249783257
249783257 1762977539
1762977539 1762977406
1762977406 1869716916
1869716916 1869716897
1869716897 1869716896
1869716896 1762977491
1762977491 1762977533
1762977533 267247460
267247460 939091123
249783308 345265121
249783302 1762977534
345265121 5485952430
5485952430 432874005
5434484049 1309626444
1309626444 6437715963
6437715963 2592537501
2592537501 1309626462
1309626462 1309626464
5681296953 5681296955
5681296955 5681321307
5681321307 6439021697
6439021697 6439021696
6439021696 6439021701
6439021701 5681296956
5681296956 5681296951
5681296951 5681296957
5681296957 5681296958
1849573429 5681296954
5681296953 1849573429
5681450600 6383120543
6383120543 5681450601
5681450601 6077979124
6077979124 5681450602
5681450602 8982438638
8982438638 8982438639
8982438639 5681450587
5681450587 5681450603
5681450603 5681450604
5681450604 5809063022
5809063022 5809063020
5681450581 5681450582
5681450582 5681450583
5681450583 5681450584
5681450584 5681450585
5681450585 5681450586
5681450586 5681450600
395135103 3661513074
3661513074 3661513075
3661513075 5485952481
5485952481 1762977534
249783316 2431986352
2431986352 6437668039
6720350047 6720350048
6720350048 6720350045
6720350045 6720350044
6720350044 6720350043
6720350043 6720350042
6720350042 6720350041
6720350041 6720350040
6720350040 6720350039
6720350039 6720350038
6720350038 6720350037
6720350037 6720350030
6720350030 1762977390
1762977390 1393416990
1393416990 432874024
432874024 912971591
912971591 249783313
432874005 4350717935
4350717935 1393416733
1393416733 3648355166
3648355166 249783313
1869716862 3744502776
1869716862 939091064
