276563872 508.6385640021639 387.2022551519412 30.6584524 104.0633925 50
314622918 0 639.4391477017361 30.6607276 104.0580855 50
432452995 989.1280520179955 647.5211050973277 30.6608005 104.0684058 50
441187183 637.4514959818857 431.5698731182375 30.6588526 104.0647365 50
441187228 485.9812893596396 1613.398161604649 30.6695128 104.0631561 50
872833772 857.3439884231072 437.8225808980217 30.658909 104.0670308 50
872834372 995.1853267971449 437.8890990658692 30.6589096 104.068469 50
872835364 7.619514950577866 422.3792795920888 30.6587697 104.058165 50
1156119116 501.2011506652616 1093.148484358478 30.6648201 104.0633149 50
1156119118 461.3400655402691 1032.262188038205 30.6642709 104.062899 50
1156119134 402.3391422313844 935.7221537410733 30.6634001 104.0622834 50
1156119136 356.411198030695 856.0999068042984 30.6626819 104.0618042 50
1156119139 345.3029995062505 814.215633771212 30.6623041 104.0616883 50
1156119166 637.0106183870311 872.1973034283391 30.6628271 104.0647319 50
1156119168 620.0464152926469 906.1437417626021 30.6631333 104.0645549 50
1156119171 582.3130437732051 960.2562713220887 30.6636214 104.0641612 50
1156119177 517.5040373698025 1062.583386224072 30.6645444 104.063485 50
1445475727 527.0308271309425 0.2771590324629756 30.6549623 104.0635844 50
1445481368 522.3632752060937 227.7803794977 30.6570144 104.0635357 50
1445481369 521.1173167865944 390.6390271578675 30.6584834 104.0635227 50
1492367286 517.1590027318884 0.2106408646154705 30.6549617 104.0634814 50
1492368558 526.6282867198395 18.1262007433906 30.6551233 104.0635802 50
1492368560 517.0056540017589 18.45879158262818 30.6551263 104.0634798 50
1492368570 513.8907579554492 229.5985427531396 30.6570308 104.0634473 50
1492368572 501.6420282613356 223.5786485608218 30.6569765 104.0633195 50
1492371540 505.5044993615397 0.5986635106277731 30.6549652 104.0633598 50
1492374043 533.854845552204 0 30.6549598 104.0636556 50
1492377411 665.0830200070792 473.6093552105752 30.6592318 104.0650248 50
1492384180 435.4912204839317 426.980119535347 30.6588112 104.0626293 50
1492384182 323.6233230079376 433.6208499611436 30.6588711 104.0614621 50
1492389322 32.27990735938556 419.3083575079136 30.658742 104.0584223 50
1492389323 31.35023069181551 429.6962780567284 30.6588357 104.0584126 50
1492390578 586.2138520559415 431.2151095568541 30.6588494 104.0642019 50
1492390579 25.79133928314849 640.7362519754683 30.6607393 104.0583546 50
1492391511 661.460156294959 452.6117868872573 30.6590424 104.064987 50
1492396692 505.3990721104901 18.72486425401837 30.6551287 104.0633587 50
1492396694 533.3660464782694 18.38118705441309 30.6551256 104.0636505 50
1492399323 501.8720513553106 402.2131883668651 30.6585878 104.0633219 50
2217699757 1104.56130743414 664.8712605493988 30.660957 104.0696102 50
2217714910 801.5346355280356 662.6650746486519 30.6609371 104.0664485 50
2217714914 988.1983753516449 666.4898693005906 30.6609716 104.0683961 50
2217714918 289.4936466111787 645.2816601119519 30.6607803 104.061106 50
2217714924 701.3020728317335 653.2416675343316 30.6608521 104.0654027 50
2217746783 852.8393695237164 643.0754742119103 30.6607604 104.0669838 50
2217746784 147.6077355220422 642.0887880552701 30.6607515 104.0596256 50
2217746791 344.4691657968404 654.7383263116064 30.6608656 104.0616796 50
2217746793 345.8301357614983 629.3394725471625 30.6606365 104.0616938 50
2217746797 660.0225119640171 659.3502526166427 30.6609072 104.064972 50
2217746798 196.1905295859687 652.7427812747699 30.6608476 104.0601325 50
2217746800 660.5208953320607 636.3682256189715 30.6606999 104.0649772 50
2472030038 425.9835993146676 892.8955399963431 30.6630138 104.0625301 50
2472030039 571.6840600261477 895.9442893562571 30.6630413 104.0640503 50
2472030040 576.5241292717825 764.526562374997 30.6618559 104.0641008 50
2472030041 427.0378718239437 761.4778130143777 30.6618284 104.0625411 50
2472030042 347.6415676175583 829.9139213874622 30.6624457 104.0617127 50
2472030043 425.6002274930018 829.5591578260787 30.6624425 104.0625261 50
2472030044 574.0897182035341 830.6899666794868 30.6624527 104.0640754 50
2472030045 654.1377545068732 832.6744253538402 30.6624706 104.0649106 50
2472030046 457.2954928251701 761.3669494015337 30.6618274 104.0628568 50
2472030047 459.7778253676212 655.924566971084 30.6608763 104.0628827 50
2472030048 545.0109655545092 763.5398762183568 30.661847 104.063772 50
2472030049 548.4133904679827 657.820334755444 30.6608934 104.0638075 50
2472036427 444.088333578721 998.1383679225448 30.6639631 104.062719 50
2472046174 499.7922592239625 340.0852195796344 30.6580274 104.0633002 50
3633018387 494.5496495647861 1307.148516747139 30.6667504 104.0632455 50
3633018903 492.2110814559169 1415.850289402117 30.6677309 104.0632211 50
3633021144 548.0971087172727 1007.794588624332 30.6640502 104.0638042 50
4548211229 135.4644330801975 625.8361823726834 30.6606049 104.0594989 50
4548211254 1006.149760886788 667.6317645157768 30.6609819 104.0685834 50
4548211275 1007.568236627073 647.5543641819568 30.6608008 104.0685982 50
4548211276 26.74976883548396 625.3372961138271 30.6606004 104.0583646 50
4548211425 1.706004605010605 624.8162371321195 30.6605957 104.0581033 50
4548211638 485.9621207677637 1092.339179982529 30.6648128 104.0631559 50
4548211641 469.5154696308603 1828.46248467887 30.6714527 104.0629843 50
4601261196 352.4816368619738 460.4720170564552 30.6591133 104.0617632 50
5213237274 78.87875224646587 627.3771865949549 30.6606188 104.0589085 50
5213237277 1104.685903275847 656.9334258505752 30.6608854 104.0696115 50
5213238373 290.0878729337244 636.124325669727 30.6606977 104.0611122 50
5213238436 78.36120028776577 641.9668380806479 30.6607504 104.0589031 50
5213238450 144.512008066389 650.3481272315532 30.660826 104.0595933 50
5213238479 44.45196268721509 626.4237595222385 30.6606102 104.0585493 50
5213238603 701.5416802185982 644.0843330914015 30.6607695 104.0654052 50
5354813690 261.1241318310773 432.6009047205796 30.6588619 104.06081 50
5354813691 259.1305983589029 512.7996424444261 30.6595853 104.0607892 50
5354813692 258.0859101449551 626.778523084327 30.6606134 104.0607783 50
5469097560 520.0726285738659 376.3487074281936 30.6583545 104.0635118 50
5530209334 663.8945673607687 513.3207014268387 30.65959 104.0650124 50
5530209335 855.3121177708392 515.8040463607538 30.6596124 104.0670096 50
5530209337 532.867663111445 233.8446191350144 30.6570691 104.0636453 50
5602519495 525.526092733922 55.85308828530071 30.6554636 104.0635687 50
5602701333 481.2466473638351 1822.342813234781 30.6713975 104.0631067 50
5628781853 351.0439925310319 843.6277503293591 30.6625694 104.0617482 50
5628781855 376.8353318141804 895.5451803491718 30.6630377 104.0620173 50
5628781867 480.9207813165775 1415.761598511419 30.6677301 104.0631033 50
5628781868 474.12551578252 1612.910361706865 30.6695084 104.0630324 50
5628795247 478.620550387802 1476.182267656759 30.6682751 104.0630793 50
6002040884 541.1389101577574 429.5078099142586 30.658834 104.0637316 50
6109560911 496.7732061297161 998.3379224260875 30.6639649 104.0632687 50
6109560916 497.0128135177999 894.4143714957637 30.6630275 104.0632712 50
6295901881 335.670782494061 435.2061996284116 30.6588854 104.0615878 50
6295901882 350.9864867590623 452.5230959958536 30.6590416 104.0617476 50
6295901883 348.4274798515465 447.3014198184115 30.6589945 104.0617209 50
6295901884 343.3765561038126 440.9489347875612 30.6589372 104.0616682 50
6295901985 359.5069254887868 447.4122834319609 30.6589955 104.0618365 50
6295901986 365.8708977245372 439.0753397260521 30.6589203 104.0619029 50
6295901987 372.9920293058522 433.676281767213 30.6588716 104.0619772 50
6295901988 387.2822139463428 426.5034059993413 30.6588069 104.0621263 50
6295901990 454.6214743700571 425.1397835577616 30.6587946 104.0628289 50
6295901991 473.8188183246997 422.7894749602469 30.6587734 104.0630292 50
6295901992 483.8631600457591 421.0267435115819 30.6587575 104.063134 50
6295901993 493.0161622817809 413.9647313565544 30.6586938 104.0632295 50
6295901994 498.6229751683086 406.6255601683587 30.6586276 104.063288 50
6295901995 507.4788642406189 388.6989139285108 30.6584659 104.0633804 50
6295901996 523.7242451719709 402.0579793083191 30.6585864 104.0635499 50
6295901997 525.842374484632 408.2441689195505 30.6586422 104.063572 50
6295901998 535.3404113597873 421.9801705850036 30.6587661 104.0636711 50
6295901999 541.3593489551848 424.2750473764489 30.6587868 104.0637339 50
6295902000 529.2735522877483 416.3482990379929 30.6587153 104.0636078 50
6295902004 564.5916813308174 427.9778920537653 30.6588202 104.0639763 50
6295902006 530.8453767545052 323.511109418883 30.6578779 104.0636242 50
6303009811 320.6617756893188 654.6718081430537 30.660865 104.0614312 50
6303009815 135.8573891984108 632.9868854184094 30.6606694 104.059503 50
6341069054 525.4781712548421 110.4423313807931 30.655956 104.0635682 50
6557674625 474.4417975356687 1603.309572811148 30.6694218 104.0630357 50
6557674626 486.4317512486032 1603.753027263935 30.6694258 104.0631608 50
6572844834 487.5243609404117 1547.134980047682 30.6689151 104.0631722 50
6785929122 664.5750523437074 470.1282377582419 30.6592004 104.0650195 50
7197197388 499.0542684666157 371.0605130821987 30.6583068 104.0632925 50
7197197389 530.7591180953316 373.9429670231989 30.6583328 104.0636233 50
7199435369 652.0387937848686 441.4478210471229 30.6589417 104.0648887 50
7490751255 484.9653540328958 1218.468712619205 30.6659505 104.0631455 50
7541687705 530.423667750307 999.8013221187334 30.6639781 104.0636198 50
7622913639 521.9415662031149 255.1858646586429 30.6572616 104.0635313 50
7786998714 344.8812905044909 745.3360709453406 30.6616828 104.0616839 50
7786998715 342.8781727369884 712.764341413025 30.661389 104.061663 50
7786998716 343.7599279254784 678.8289894398349 30.6610829 104.0616722 50
7871556964 349.778865520876 547.5775578774885 30.659899 104.061735 50
7871556977 662.6102717587371 554.2958928322054 30.6599596 104.064999 50
8320254525 541.9152380964173 634.0179170207515 30.6606787 104.0637397 50
8531220944 352.3378724308305 464.8400434129522 30.6591527 104.0617617 50
8621585493 327.0257479226304 654.6939808659046 30.6608652 104.0614976 50
8621585494 327.6295585417236 628.8073272043822 30.6606317 104.0615039 50
8621585495 344.210389814442 663.4743790238952 30.6609444 104.0616769 50
8621585496 346.4243620840438 617.0446978529149 30.6605256 104.0617 50
8621585497 362.6314058328634 654.926794453371 30.6608673 104.0618691 50
8621585498 363.4460709540557 629.7607542770987 30.6606403 104.0618776 50
8621585504 40.78117749723418 641.091015536852 30.6607425 104.058511 50
8621585505 41.01120059120922 626.2131186569178 30.6606083 104.0585134 50
8621585507 258.2200902819894 611.9449716500949 30.6604796 104.0607797 50
8621585509 459.5573865701938 665.4144922539571 30.6609619 104.0628804 50
8621585510 548.1162773067099 667.0552737279999 30.6609767 104.0638044 50
8621585512 641.5823273561587 659.0952663056203 30.6609049 104.0647796 50
8621585513 641.8506876314465 636.00237569581 30.6606966 104.0647824 50
8621585516 659.6870616214313 669.2725459891143 30.6609967 104.0649685 50
8621599917 660.8467613805376 623.6521691947876 30.6605852 104.0649806 50
8621599918 674.9260915201485 659.6939298176585 30.6609103 104.0651275 50
8621599919 675.4436434788486 636.8892845999737 30.6607046 104.0651329 50
8621599922 677.9451446131754 513.4980832075304 30.6595916 104.065159 50
8621599927 327.3132767897943 434.1086498589273 30.6588755 104.0615006 50
8621599928 327.3707825617638 425.2839062552348 30.6587959 104.0615012 50
