441187183 7199435369
7199435369 1492391511
1492391511 6785929122
6785929122 1492377411
1492377411 5530209334
5530209334 7871556977
7871556977 8621599917
8621599917 2217746800
2217746800 2217746797
2217746797 8621585516
8621585516 2472030045
2472030045 1156119166
1156119166 1156119168
1156119168 1156119171
1156119171 3633021144
3633021144 1156119177
1156119177 1156119116
1156119116 3633018387
3633018387 3633018903
3633018903 6572844834
6572844834 6557674626
6557674626 441187228
441187228 5602701333
1492384180 6295901990
6295901990 6295901991
6295901991 6295901992
6295901992 6295901993
6295901993 6295901994
6295901994 1492399323
1492399323 6295901995
6295901995 276563872
276563872 1492368570
1492368570 1492368560
1492368560 1492367286
6002040884 1492390578
1492390578 441187183
1445475727 1492368558
1492368558 5602519495
5602519495 6341069054
6341069054 1445481368
1445481368 7622913639
7622913639 5469097560
5469097560 1445481369
1445481369 6295901996
6295901996 6295901997
6295901997 6295902000
6295902000 6295901998
6295901998 6295901999
6295901999 6295902004
6295902004 1492390578
1492399323 7197197388
7197197388 2472046174
2472046174 1492368572
1492368572 1492396692
1492396692 1492371540
1492374043 1492396694
1492396694 5530209337
5530209337 6295902006
6295902006 7197197389
7197197389 6295901996
2217699757 2217714924
2217714924 2217714918
2217746797 8621585512
8621585512 2472030049
2472030049 2472030047
2472030047 8621585497
8621585497 2217746791
2217746800 8621599919
8621599919 2217746783
2217746783 432452995
432452995 4548211275
2472030038 6109560916
6109560916 2472030039
2472030039 2472030044
2472030044 2472030040
2472030040 2472030048
2472030048 2472030046
2472030046 2472030041
2472030041 2472030043
2472030043 2472030038
2472030042 2472030043
2472030044 2472030045
2472030046 8621585509
8621585509 2472030047
2472030048 8621585510
8621585510 2472030049
2472036427 6109560911
6109560911 7541687705
7541687705 3633021144
4548211641 5628781868
5628781868 6557674625
6557674625 5628795247
5628795247 5628781867
5628781867 7490751255
7490751255 4548211638
4548211638 1156119118
1156119118 2472036427
2472036427 1156119134
1156119134 5628781855
5628781855 1156119136
1156119136 5628781853
5628781853 2472030042
2472030042 1156119139
1156119139 7786998714
7786998714 7786998715
7786998715 7786998716
7786998716 8621585495
8621585495 2217746791
2217714918 2217746784
2217746784 5213238436
5213238436 8621585504
8621585504 1492390579
1492390579 314622918
5213237274 4548211229
4548211229 5354813692
5354813692 8621585494
8621585494 2217746793
5213238373 5213238603
5213238603 5213237277
5354813690 5354813691
5354813691 8621585507
8621585507 5354813692
5530209334 8621599922
8621599922 5530209335
4601261196 6295901882
6295901882 6295901883
6295901883 6295901884
6295901884 6295901881
6295901881 8621599927
8621599927 1492384182
1492384182 5354813690
5354813690 1492389323
1492389323 872835364
2217746791 2217746793
2217746791 8621585493
8621585493 6303009811
6303009811 2217746798
2217746798 5213238450
5213238450 5213238436
2217746793 8621585496
8621585496 7871556964
7871556964 8531220944
8531220944 4601261196
4601261196 6295901985
6295901985 6295901986
6295901986 6295901987
6295901987 6295901988
6109560911 6109560916
6295901988 1492384180
1492384180 6002040884
441187183 872833772
872833772 872834372
1492389322 8621599928
8621599928 6295901988
4548211425 4548211276
4548211276 8621585505
8621585505 5213238479
5213238479 5213237274
5213237274 6303009815
6303009815 5213238373
2217746793 8621585498
8621585498 8320254525
8320254525 8621585513
8621585513 2217746800
4548211254 2217714914
2217714914 2217714910
2217714910 8621599918
8621599918 2217746797
