71.44618505763779 38.010177110314 68.59961480251847 41.6935918213762 1 9.310318179525236
68.59961480251847 41.6935918213762 59.9143924594447 50.74680388281038 1 34.40165021095994
59.9143924594447 50.74680388281038 53.5573553725512 54.9738551027646 1 49.66990257202023
53.5573553725512 54.9738551027646 40.73414751489891 59.40060952989407 1 76.80149408587477
40.73414751489891 59.40060952989407 32.5673101696072 60.13285462286998 1 93.20069102970572
32.5673101696072 60.13285462286998 24.75515729745641 59.67797509518 1 108.8514607082315
24.75515729745641 59.67797509518 13.88726127591821 56.41615604394522 1 131.5451274421874
13.88726127591821 56.41615604394522 8.839828395409199 54.45240783934955 1 142.3770959972186
8.839828395409199 54.45240783934955 0 48.4169331324325 1 163.7845265761665
0 48.4169331324325 0.01818894808221216 38.44286739252701 1 183.7326912257565
0.01818894808221216 38.44286739252701 0.03637789500740496 27.6367049574695 1 205.3450467115094
0.03637789500740496 27.6367049574695 14.81489758993089 19.6485766676366 1 238.9435489369403
14.81489758993089 19.6485766676366 22.25417704085839 17.4407467656176 1 254.4635220844997
22.25417704085839 17.4407467656176 31.9216025398776 16.25362214495171 1 273.9436022325974
31.9216025398776 16.25362214495171 46.6910277613384 16.90820487981691 1 303.5114496300057
46.6910277613384 16.90820487981691 58.36833193724731 23.4318429822865 1 330.2634429694705
58.36833193724731 23.4318429822865 65.99859533667481 29.54498004801991 0 349.8176102316258
65.99859533667481 29.54498004801991 58.36833193724731 23.4318429822865 1 369.3717774937812
58.36833193724731 23.4318429822865 71.34614584723502 23.4207483599009 1 395.3274147984529
71.34614584723502 23.4207483599009 143.6744948504154 23.3319913786989 1 539.984221721979
143.6744948504154 23.3319913786989 155.8247116579503 17.8179639344911 1 566.6699682639501
155.8247116579503 17.8179639344911 155.8156171844877 14.92226742974431 1 572.4613898362587
155.8156171844877 14.92226742974431 143.9837069539293 3.91640178610001 1 604.7800023231798
143.9837069539293 3.91640178610001 144.0473682693246 0 0 612.6138406450359
144.0473682693246 0 143.9837069539293 3.91640178610001 1 620.447678966892
143.9837069539293 3.91640178610001 143.6744948504154 23.3319913786989 1 659.2837823426528
143.6744948504154 23.3319913786989 143.5016998499977 34.10486994659961 1 680.83231090039
143.5016998499977 34.10486994659961 155.879278499883 33.9828290982408 1 705.5886714732015
155.879278499883 33.9828290982408 155.9338453418157 52.10034784278898 0 741.8238733078425
155.9338453418157 52.10034784278898 155.879278499883 33.9828290982408 1 778.0590751424835
155.879278499883 33.9828290982408 155.8247116579503 17.8179639344911 1 810.3889896677307
155.8247116579503 17.8179639344911 175.6506642322257 17.62935535040721 1 850.0426890500282
175.6506642322257 17.62935535040721 181.1801042166663 15.2772953538466 0 862.0604913065062
181.1801042166663 15.2772953538466 185.9001360455792 10.7728785686065 0 875.1093948682777
185.9001360455792 10.7728785686065 206.3445128280393 10.85054092742291 0 915.9984434492937
206.3445128280393 10.85054092742291 185.9001360455792 10.7728785686065 1 956.8874920303098
185.9001360455792 10.7728785686065 181.1801042166663 15.2772953538466 1 969.9363955920813
181.1801042166663 15.2772953538466 175.6506642322257 17.62935535040721 1 981.9541978485593
175.6506642322257 17.62935535040721 175.6961365995388 33.7720312679742 1 1014.23967777473
175.6961365995388 33.7720312679742 175.7507034414714 52.10034784278898 1 1050.89647337974
175.7507034414714 52.10034784278898 175.8689315999565 92.20740862844303 1 1131.110943464921
175.8689315999565 92.20740862844303 175.9416873888144 118.8899760395786 1 1184.476276671211
175.9416873888144 118.8899760395786 179.9068779029753 125.6576958401773 0 1200.16382168157
179.9068779029753 125.6576958401773 175.9416873888144 118.8899760395786 1 1215.851366691929
175.9416873888144 118.8899760395786 175.9780652838218 129.3965836645791 1 1236.864707895742
175.9780652838218 129.3965836645791 165.9377663658935 129.4298675331473 1 1256.94541606824
165.9377663658935 129.4298675331473 165.9468608393561 135.310017523843 1 1268.705730115496
165.9468608393561 135.310017523843 165.9377663658935 129.4298675331473 0 1280.466044162753
165.9377663658935 129.4298675331473 156.1703016564717 129.4520567772128 1 1300.001023989961
156.1703016564717 129.4520567772128 156.161207183009 125.4579926337078 1 1307.989172985036
156.161207183009 125.4579926337078 150.8864124613067 125.7020743311312 1 1318.55005083323
150.8864124613067 125.7020743311312 142.2375680120834 132.3477532826653 1 1340.364501001292
142.2375680120834 132.3477532826653 150.8864124613067 125.7020743311312 0 1362.178951169355
150.8864124613067 125.7020743311312 156.161207183009 125.4579926337078 0 1372.739829017549
156.161207183009 125.4579926337078 156.0611679726063 92.34054409989318 1 1438.97502827696
156.0611679726063 92.34054409989318 155.9338453418157 52.10034784278898 1 1519.455823647348
155.9338453418157 52.10034784278898 175.7507034414714 52.10034784278898 1 1559.08953984666
175.7507034414714 52.10034784278898 175.6961365995388 33.7720312679742 0 1595.746335451669
175.6961365995388 33.7720312679742 155.879278499883 33.9828290982408 1 1635.382293906948
155.879278499883 33.9828290982408 143.5016998499977 34.10486994659961 0 1660.138654479759
143.5016998499977 34.10486994659961 117.5369775565596 34.38223551259121 1 1712.071061912212
117.5369775565596 34.38223551259121 117.4642217677017 38.010177110314 1 1719.328404026595
117.4642217677017 38.010177110314 71.44618505763779 38.010177110314 1 1811.364477446723
71.44618505763779 38.010177110314 69.65457374732175 33.66108504200091 0 1820.771809248231
69.65457374732175 33.66108504200091 65.99859533667481 29.54498004801991 0 1831.782440194837
65.99859533667481 29.54498004801991 69.65457374732175 33.66108504200091 1 1842.793071141444
69.65457374732175 33.66108504200091 71.44618505763779 38.010177110314 1 1852.200402942952
