9728365302 9727816932 1 9.310318179525236
9727816932 9728365296 1 34.40165021095994
9728365296 9728365294 1 49.66990257202023
9728365294 9728408232 1 76.80149408587477
9728408232 9728408230 1 93.20069102970572
9728408230 9728408228 1 108.8514607082315
9728408228 9728408226 1 131.5451274421874
9728408226 9728408225 1 142.3770959972186
9728408225 9728408222 1 163.7845265761665
9728408222 9727816914 1 183.7326912257565
9727816914 9728408220 1 205.3450467115094
9728408220 9728365316 1 238.9435489369403
9728365316 9728365314 1 254.4635220844997
9728365314 9728365312 1 273.9436022325974
9728365312 9728408221 1 303.5114496300057
9728408221 9740157027 1 330.2634429694705
9740157027 9727816913 1 349.8176102316258
9727816913 9727816918 1 360.8282411782323
9727816918 9728365302 1 370.2355729797404
9728365302 9728365299 1 462.2716463998682
9728365299 9728365300 1 469.5289885142513
9728365300 9740157024 1 521.4613959467036
9740157024 9740157004 1 546.2177565195152
9740157004 9740157003 1 585.8537149747937
9740157003 9740157076 1 622.5105105798036
9740157076 9740157075 1 662.144226779115
9740157075 9740157004 1 698.379428613756
9740157004 9740157031 1 730.7093431390032
9740157031 9740157055 1 736.5007647113118
9740157055 9740157054 1 768.8193771982329
9740157054 9740157025 0 776.653215520089
9740157025 9740157054 1 784.4870538419451
9740157054 9740157029 1 823.3231572177059
9740157029 9740157024 1 844.8716857754431
9740157024 9740157004 0 869.6280463482547
9740157004 9740157075 0 905.8632481828956
9740157075 9740157077 1 986.3440435532839
9740157077 9740157078 1 1025.960465651739
9740157078 9740157134 1 1079.325798858029
9740157134 9740157135 0 1095.013343868388
9740157135 9740157134 1 1110.700888878747
9740157134 9740157002 1 1131.71423008256
9740157002 9740157079 1 1151.794938255058
9740157079 9727816624 1 1163.555252302315
9727816624 9740157079 0 1175.315566349571
9740157079 9740157001 1 1194.850546176779
9740157001 9740157087 1 1202.838695171854
9740157087 9740157085 1 1213.399573020048
9740157085 9740157082 1 1235.214023188111
9740157082 9740157085 0 1257.028473356173
9740157085 9740157087 0 1267.589351204367
9740157087 9740157077 1 1333.824550463778
9740157077 9740157078 0 1373.440972562233
9740157078 9740157076 1 1453.655442647414
9740157076 9740157003 0 1490.312238252424
9740157003 9740157032 1 1522.597718178594
9740157032 9740157034 0 1534.615520435072
9740157034 9740157036 0 1547.664423996844
9740157036 9740157037 0 1588.55347257786
9740157037 9740157036 1 1629.442521158875
9740157036 9740157034 1 1642.491424720647
9740157034 9740157032 1 1654.509226977125
9740157032 9740157031 1 1694.162926359422
9740157031 9740157029 1 1720.848672901393
9740157029 9740157028 1 1865.50547982492
9740157028 9740157027 1 1891.461117129591
9740157027 9727816913 0 1911.015284391746
9727816913 9727816918 0 1922.025915338353
9727816918 9728365302 0 1931.433247139861
