142778666 142778665
142778666 148385551
142778666 148391200
142778665 2322567459
2217942284 1210313623
1210313623 1210313614
1210313614 344023939
1210313614 1210313649
344023939 344023277
344023939 2217942281
344023277 1210313649
344023277 1210313612
1210313649 1210313661
1210313661 1210313647
1210313647 148389352
1210313647 2217944247
148389352 2322560059
148389352 2322567459
2322560059 148385551
148385551 148385550
148385551 148390866
148385550 148385549
148385549 2217944252
148385549 2217944248
2217944252 142776493
2217944252 148391892
142776493 344023473
142776493 344022144
344023473 2217944240
344023473 2217944248
2217944240 2217944248
2217944240 2217946352
2217944248 2217944249
2217944248 1210313629
2217944249 2217944247
2217944247 2217944244
2217944244 148389010
2217944244 2217944242
2217944244 344023476
148389010 1210313629
148389010 2217946352
2217946352 344023463
344023463 344023462
344023463 2217944242
344023462 344023461
344023461 344023432
2217944242 344023476
344023476 1210313612
344022144 340409017
344022144 2217948153
2217948153 3264348334
3264348334 344022142
148391892 148396679
148391892 4619569078
148396679 148390866
148396679 148396528
148390866 148391200
148396528 344370757
344370757 344370758
344370757 344370760
344370758 344370760
142776490 4619569078
2217942281 2217942282
