142778666 311.4620651744465 330.9488075344744 -22.955277 -43.1952468 50
142778665 212.1312525256722 291.9382030244889 -22.9556298 -43.1962158 50
148385551 275.7480763946785 430.9632400147146 -22.9543725 -43.1955952 50
148391200 378.1131429708832 356.6794415180885 -22.9550443 -43.1945966 50
2322567459 205.6937137906182 310.4704516520602 -22.9554622 -43.1962786 50
2217942284 20.12243397618818 256.1010802302641 -22.9559539 -43.1980889 50
1210313623 49.59365031994139 318.8188094765541 -22.9553867 -43.1978014 50
1210313614 62.29446320693842 341.7740291376033 -22.9551791 -43.1976775 50
344023939 54.49356037665552 351.6925416784331 -22.9550894 -43.1977536 50
1210313649 87.58332954365187 382.7086260463359 -22.9548089 -43.1974308 50
344023277 79.19812781559995 391.8531186572214 -22.9547262 -43.1975126 50
2217942281 30.85508215491063 310.2824753829827 -22.9554639 -43.1979842 50
1210313612 96.45032159178641 421.730287983666 -22.954456 -43.1973443 50
1210313661 140.3444949416248 475.1487206334333 -22.9539729 -43.1969161 50
1210313647 152.9325483919931 473.5896233440901 -22.953987 -43.1967933 50
148389352 176.3250060258558 395.1261172215449 -22.9546966 -43.1965651 50
2217944247 143.8195357559764 497.7501026113682 -22.9537685 -43.1968822 50
2322560059 268.5109707468882 428.3536871054832 -22.9543961 -43.1956658 50
148385550 237.912160039454 545.4407877735694 -22.9533372 -43.1959643 50
148390866 341.3535666891923 456.351093743614 -22.9541429 -43.1949552 50
148385549 219.7783924874689 601.8336684423236 -22.9528272 -43.1961412 50
2217944252 203.787054228173 636.7530247469049 -22.9525114 -43.1962972 50
2217944248 182.1474932895737 604.5206233450771 -22.9528029 -43.1965083 50
142776493 196.1706668399429 629.6209839563362 -22.9525759 -43.1963715 50
148391892 260.8023256379577 684.7533178814355 -22.9520773 -43.195741 50
344023473 188.3185097195126 616.1862094439759 -22.9526974 -43.1964481 50
344022144 106.2911451357677 709.1902328379542 -22.9518563 -43.1972483 50
2217944240 158.7345339397825 614.9809498377471 -22.9527083 -43.1967367 50
2217946352 118.1001333886759 526.5436440351875 -22.9535081 -43.1971331 50
2217944249 155.136482831816 502.0293270854984 -22.9537298 -43.1967718 50
1210313629 177.8626347035433 595.8516001205577 -22.9528813 -43.1965501 50
2217944244 133.7121899075321 503.0576678506976 -22.9537205 -43.1969808 50
148389010 139.9857149164616 515.8289967083176 -22.953605 -43.1969196 50
2217944242 112.8721958810172 515.5304461636845 -22.9536077 -43.1971841 50
344023476 119.8017757931398 472.7934885584017 -22.9539942 -43.1971165 50
344023463 115.4144086294227 520.6942648443696 -22.953561 -43.1971593 50
344023462 79.52615526719637 549.598380544096 -22.9532996 -43.1975094 50
344023461 41.97726293105916 616.0756351684203 -22.9526984 -43.1978757 50
344023432 69.0497785352984 630.2401999006432 -22.9525703 -43.1976116 50
340409017 44.68348940558894 760.5077542465382 -22.9513922 -43.1978493 50
2217948153 67.11236639993854 687.3075836525375 -22.9520542 -43.1976305 50
3264348334 19.05634475898864 692.2391963544151 -22.9520096 -43.1980993 50
344022142 0 703.4071982126104 -22.9519086 -43.1982852 50
148396679 298.5459842731339 575.3290145277102 -22.9530669 -43.1953728 50
4619569078 298.0744448106896 713.1156196296736 -22.9518208 -43.1953774 50
148396528 387.1749013174046 610.0714519912618 -22.9527527 -43.1945082 50
344370757 402.2231606544203 567.6109300752198 -22.9531367 -43.1943614 50
344370758 358.8927844857703 554.1429832804741 -22.9532585 -43.1947841 50
344370760 427.7682984379584 569.5791521851033 -22.9531189 -43.1941122 50
142776490 336.638172074531 738.3818416549694 -22.9515923 -43.1950012 50
2217942282 9.318029794650101 260.512993835694 -22.955914 -43.1981943 50
