9728365302 9727816932 1 9.310318179525236
9727816932 9728365296 1 34.40165021095994
9728365296 9728365294 1 49.66990257202023
9728365294 9728408232 1 76.80149408587477
9728408232 9728408230 1 93.20069102970572
9728408230 9728408228 1 108.8514607082315
9728408228 9728408226 1 131.5451274421874
9728408226 9728408225 1 142.3770959972186
9728408225 9728408222 1 163.7845265761665
9728408222 9727816914 1 183.7326912257565
9727816914 9728408220 1 205.3450467115094
9728408220 9728365316 1 238.9435489369403
9728365316 9728365314 1 254.4635220844997
9728365314 9728365312 1 273.9436022325974
9728365312 9728408221 1 303.5114496300057
9728408221 9740157027 1 330.2634429694705
9740157027 9727816913 1 349.8176102316258
9727816913 9740157027 0 369.3717774937812
9740157027 9740157028 1 395.3274147984529
9740157028 9740157029 1 539.984221721979
9740157029 9740157031 1 566.6699682639501
9740157031 9740157032 1 606.3236676462477
9740157032 9740157034 0 618.3414699027256
9740157034 9740157036 1 631.3903734644972
9740157036 9740157037 0 672.2794220455132
9740157037 9740157036 1 713.1684706265293
9740157036 9740157034 0 726.2173741883008
9740157034 9740157032 1 738.2351764447787
9740157032 9740157003 1 770.520656370949
9740157003 9740157076 1 807.177451975959
9740157076 9740157078 0 887.3919220611402
9740157078 9740157134 1 940.7572552674309
9740157134 9740157002 1 961.7705964712437
9740157002 9740157079 1 981.8513046437419
9740157079 9740157001 1 1001.386284470949
9740157001 9740157087 1 1009.374433466025
9740157087 9740157077 1 1075.609632725436
9740157077 9740157075 1 1156.090428095824
9740157075 9740157077 0 1236.571223466212
9740157077 9740157087 0 1302.806422725624
9740157087 9740157085 0 1313.367300573817
9740157085 9740157082 1 1335.18175074188
9740157082 9740157085 0 1356.996200909943
9740157085 9740157087 1 1367.557078758136
9740157087 9740157001 0 1375.545227753212
9740157001 9740157079 0 1395.080207580419
9740157079 9727816624 0 1406.840521627676
9727816624 9740157079 1 1418.600835674933
9740157079 9740157002 0 1438.681543847431
9740157002 9740157134 0 1459.694885051244
9740157134 9740157135 0 1475.382430061602
9740157135 9740157134 1 1491.069975071961
9740157134 9740157078 0 1544.435308278252
9740157078 9740157076 1 1624.649778363433
9740157076 9740157075 1 1664.283494562744
9740157075 9740157004 1 1700.518696397385
9740157004 9740157031 1 1732.848610922632
9740157031 9740157055 1 1738.640032494941
9740157055 9740157054 1 1770.958644981862
9740157054 9740157025 1 1778.792483303718
9740157025 9740157054 0 1786.626321625574
9740157054 9740157029 1 1825.462425001335
9740157029 9740157024 1 1847.010953559072
9740157024 9740157004 0 1871.767314131883
9740157004 9740157003 1 1911.403272587162
9740157003 9740157004 0 1951.03923104244
9740157004 9740157024 1 1975.795591615252
9740157024 9728365300 1 2027.727999047704
9728365300 9728365299 1 2034.985341162087
9728365299 9728365302 1 2127.021414582215
9728365302 9727816918 1 2136.428746383723
9727816918 9727816913 0 2147.43937733033
9727816913 9727816918 1 2158.450008276936
9727816918 9728365302 0 2167.857340078444
