71.44618505763779 38.010177110314 68.59961480251847 41.6935918213762 1 9.310318179525236
68.59961480251847 41.6935918213762 59.9143924594447 50.74680388281038 1 34.40165021095994
59.9143924594447 50.74680388281038 53.5573553725512 54.9738551027646 1 49.66990257202023
53.5573553725512 54.9738551027646 40.73414751489891 59.40060952989407 1 76.80149408587477
40.73414751489891 59.40060952989407 32.5673101696072 60.13285462286998 1 93.20069102970572
32.5673101696072 60.13285462286998 24.75515729745641 59.67797509518 1 108.8514607082315
24.75515729745641 59.67797509518 13.88726127591821 56.41615604394522 1 131.5451274421874
13.88726127591821 56.41615604394522 8.839828395409199 54.45240783934955 1 142.3770959972186
8.839828395409199 54.45240783934955 0 48.4169331324325 1 163.7845265761665
0 48.4169331324325 0.01818894808221216 38.44286739252701 1 183.7326912257565
0.01818894808221216 38.44286739252701 0.03637789500740496 27.6367049574695 1 205.3450467115094
0.03637789500740496 27.6367049574695 14.81489758993089 19.6485766676366 1 238.9435489369403
14.81489758993089 19.6485766676366 22.25417704085839 17.4407467656176 1 254.4635220844997
22.25417704085839 17.4407467656176 31.9216025398776 16.25362214495171 1 273.9436022325974
31.9216025398776 16.25362214495171 46.6910277613384 16.90820487981691 1 303.5114496300057
46.6910277613384 16.90820487981691 58.36833193724731 23.4318429822865 1 330.2634429694705
58.36833193724731 23.4318429822865 65.99859533667481 29.54498004801991 1 349.8176102316258
65.99859533667481 29.54498004801991 58.36833193724731 23.4318429822865 0 369.3717774937812
58.36833193724731 23.4318429822865 71.34614584723502 23.4207483599009 1 395.3274147984529
71.34614584723502 23.4207483599009 143.6744948504154 23.3319913786989 1 539.984221721979
143.6744948504154 23.3319913786989 143.9837069539293 3.91640178610001 1 578.8203250977398
143.9837069539293 3.91640178610001 144.0473682693246 0 0 586.6541634195959
144.0473682693246 0 143.9837069539293 3.91640178610001 1 594.488001741452
143.9837069539293 3.91640178610001 155.8156171844877 14.92226742974431 1 626.8066142283731
155.8156171844877 14.92226742974431 155.8247116579503 17.8179639344911 1 632.5980358006817
155.8247116579503 17.8179639344911 143.6744948504154 23.3319913786989 1 659.2837823426528
143.6744948504154 23.3319913786989 143.5016998499977 34.10486994659961 1 680.83231090039
143.5016998499977 34.10486994659961 155.879278499883 33.9828290982408 1 705.5886714732015
155.879278499883 33.9828290982408 155.9338453418157 52.10034784278898 1 741.8238733078425
155.9338453418157 52.10034784278898 175.7507034414714 52.10034784278898 1 781.4575895071539
175.7507034414714 52.10034784278898 175.8689315999565 92.20740862844303 1 861.6720595923351
175.8689315999565 92.20740862844303 156.0611679726063 92.34054409989318 1 901.28848169079
156.0611679726063 92.34054409989318 156.161207183009 125.4579926337078 1 967.5236809502013
156.161207183009 125.4579926337078 150.8864124613067 125.7020743311312 1 978.0845587983947
150.8864124613067 125.7020743311312 142.2375680120834 132.3477532826653 0 999.8990089664576
142.2375680120834 132.3477532826653 150.8864124613067 125.7020743311312 1 1021.71345913452
150.8864124613067 125.7020743311312 156.161207183009 125.4579926337078 0 1032.274336982714
156.161207183009 125.4579926337078 156.1703016564717 129.4520567772128 1 1040.262485977789
156.1703016564717 129.4520567772128 165.9377663658935 129.4298675331473 1 1059.797465804997
165.9377663658935 129.4298675331473 165.9468608393561 135.310017523843 1 1071.557779852254
165.9468608393561 135.310017523843 165.9377663658935 129.4298675331473 0 1083.31809389951
165.9377663658935 129.4298675331473 175.9780652838218 129.3965836645791 1 1103.398802072008
175.9780652838218 129.3965836645791 175.9416873888144 118.8899760395786 1 1124.412143275821
175.9416873888144 118.8899760395786 179.9068779029753 125.6576958401773 1 1140.09968828618
179.9068779029753 125.6576958401773 175.9416873888144 118.8899760395786 0 1155.787233296539
175.9416873888144 118.8899760395786 175.8689315999565 92.20740862844303 1 1209.152566502829
175.8689315999565 92.20740862844303 156.0611679726063 92.34054409989318 0 1248.768988601284
156.0611679726063 92.34054409989318 155.9338453418157 52.10034784278898 1 1329.249783971673
155.9338453418157 52.10034784278898 155.879278499883 33.9828290982408 0 1365.484985806313
155.879278499883 33.9828290982408 175.6961365995388 33.7720312679742 1 1405.120944261592
175.6961365995388 33.7720312679742 175.7507034414714 52.10034784278898 1 1441.777739866602
175.7507034414714 52.10034784278898 175.6961365995388 33.7720312679742 0 1478.434535471612
175.6961365995388 33.7720312679742 175.6506642322257 17.62935535040721 1 1510.720015397782
175.6506642322257 17.62935535040721 181.1801042166663 15.2772953538466 1 1522.73781765426
181.1801042166663 15.2772953538466 185.9001360455792 10.7728785686065 0 1535.786721216031
185.9001360455792 10.7728785686065 206.3445128280393 10.85054092742291 1 1576.675769797047
206.3445128280393 10.85054092742291 185.9001360455792 10.7728785686065 0 1617.564818378063
185.9001360455792 10.7728785686065 181.1801042166663 15.2772953538466 1 1630.613721939835
181.1801042166663 15.2772953538466 175.6506642322257 17.62935535040721 0 1642.631524196313
175.6506642322257 17.62935535040721 155.8247116579503 17.8179639344911 1 1682.28522357861
155.8247116579503 17.8179639344911 155.879278499883 33.9828290982408 1 1714.615138103857
155.879278499883 33.9828290982408 143.5016998499977 34.10486994659961 0 1739.371498676669
143.5016998499977 34.10486994659961 117.5369775565596 34.38223551259121 1 1791.303906109121
117.5369775565596 34.38223551259121 117.4642217677017 38.010177110314 1 1798.561248223504
117.4642217677017 38.010177110314 71.44618505763779 38.010177110314 1 1890.597321643632
71.44618505763779 38.010177110314 69.65457374732175 33.66108504200091 1 1900.00465344514
69.65457374732175 33.66108504200091 65.99859533667481 29.54498004801991 0 1911.015284391747
65.99859533667481 29.54498004801991 69.65457374732175 33.66108504200091 1 1922.025915338353
69.65457374732175 33.66108504200091 71.44618505763779 38.010177110314 0 1931.433247139861
