1701085372 35.3072818 -80.735396
1701085376 35.3070746 -80.7338404
1701085385 35.3070887 -80.7342666
1701085389 35.3071156 -80.7347547
1701085399 35.3072945 -80.7349728
1701085437 35.3071949 -80.735491
1701781924 35.3068867 -80.735194
1701781926 35.306913 -80.7349097
1701781927 35.3067834 -80.7355696
1701781934 35.3070487 -80.7347971
1701781947 35.3072917 -80.7336033
1701781952 35.3070724 -80.7336038
1701781956 35.3079941 -80.7337532
1701781957 35.3074037 -80.7347523
1701781965 35.3072921 -80.7338361
1701781973 35.3073777 -80.7354502
1701781979 35.3079941 -80.7338264
1701781980 35.3070049 -80.7354998
1701781983 35.3071406 -80.7355105
1809128958 35.3068527 -80.733305
1809128961 35.3068527 -80.7333694
1809128967 35.3068575 -80.7332114
1809128970 35.3068591 -80.7335059
1809128983 35.3069348 -80.7336043
1809128986 35.3070721 -80.7335775
1809128990 35.3072919 -80.7338831
1809128993 35.3076208 -80.7335245
1809128996 35.3076215 -80.7336025
1809129010 35.3078828 -80.7334749
1809129012 35.3078969 -80.7334746
1809129015 35.3078968 -80.7336019
1809169687 35.3072923 -80.7339225
1809169688 35.3072926 -80.7339509
1809169690 35.3073122 -80.7339222
1809169701 35.3076001 -80.7336026
1809169702 35.3076004 -80.7338319
1809169703 35.3076277 -80.7338315
1809169704 35.3076282 -80.7338815
1809169712 35.3078241 -80.7338957
1809169725 35.3078972 -80.7338247
1809169726 35.3078973 -80.7338955
1809169728 35.3079711 -80.7340023
1809185699 35.3067405 -80.733868
1809185703 35.3067407 -80.7338993
1809185705 35.3069363 -80.7338404
1809185707 35.3069367 -80.7338974
1813309817 35.3078472 -80.7338956
1813309818 35.3078473 -80.733943
1816672564 35.3071089 -80.7355508
1816672565 35.307109 -80.735508
1816672571 35.3073775 -80.7355652
1816672572 35.3073809 -80.7348597
1816672573 35.3073811 -80.734754
1825447274 35.3067032 -80.7355188
1825447275 35.3067137 -80.7352234
1825447928 35.3066138 -80.7355412
1825447930 35.3067041 -80.7355426
1825447932 35.3067236 -80.7355429
1825447934 35.306783 -80.7355439
1825447936 35.3067887 -80.7352206
1825447938 35.3068958 -80.735096
