1701085372 1701085376 0 0
1701085372 1701085385 0 0
1701085372 1701085389 0 0
1701085372 1701781924 0 0
1701085372 1701781926 0 0
1701085372 1701781927 0 0
1701085372 1701781934 0 0
1701085372 1701781947 0 0
1701085372 1701781952 0 0
1701085372 1701781956 0 0
1701085372 1701781957 0 0
1701085372 1701781965 0 0
1701085372 1701781979 0 0
1701085372 1701781980 0 0
1701085372 1701781983 0 0
1701085372 1809128958 0 0
1701085372 1809128961 0 0
1701085372 1809128967 0 0
1701085372 1809128970 0 0
1701085372 1809128983 0 0
1701085372 1809128986 0 0
1701085372 1809128990 0 0
1701085372 1809128993 0 0
1701085372 1809128996 0 0
1701085372 1809129010 0 0
1701085372 1809129012 0 0
1701085372 1809129015 0 0
1701085372 1809169687 0 0
1701085372 1809169688 0 0
1701085372 1809169690 0 0
1701085372 1809169701 0 0
1701085372 1809169702 0 0
1701085372 1809169703 0 0
1701085372 1809169704 0 0
1701085372 1809169712 0 0
1701085372 1809169725 0 0
1701085372 1809169726 0 0
1701085372 1809169728 0 0
1701085372 1809185699 0 0
1701085372 1809185703 0 0
1701085372 1809185705 0 0
1701085372 1809185707 0 0
1701085372 1813309817 0 0
1701085372 1813309818 0 0
1701085372 1816672564 0 0
1701085372 1816672565 0 0
1701085372 1816672571 0 0
1701085372 1816672572 0 0
1701085372 1816672573 0 0
1701085372 1825447274 0 0
1701085372 1825447275 0 0
1701085372 1825447928 0 0
1701085372 1825447930 0 0
1701085372 1825447932 0 0
1701085372 1825447934 0 0
1701085372 1825447936 0 0
1701085372 1825447938 0 0
1701085376 1701085389 0 0
1701085376 1701085399 0 0
1701085376 1701085437 0 0
1701085376 1701781924 0 0
1701085376 1701781926 0 0
1701085376 1701781927 0 0
1701085376 1701781934 0 0
1701085376 1701781947 0 0
1701085376 1701781956 0 0
1701085376 1701781957 0 0
1701085376 1701781973 0 0
1701085376 1701781979 0 0
1701085376 1701781980 0 0
1701085376 1701781983 0 0
1701085376 1809128958 0 0
1701085376 1809128961 0 0
1701085376 1809128967 0 0
1701085376 1809128970 0 0
1701085376 1809128983 0 0
1701085376 1809128986 0 0
1701085376 1809128990 0 0
1701085376 1809128993 0 0
1701085376 1809128996 0 0
1701085376 1809129010 0 0
1701085376 1809129012 0 0
1701085376 1809129015 0 0
1701085376 1809169687 0 0
1701085376 1809169688 0 0
1701085376 1809169690 0 0
1701085376 1809169701 0 0
1701085376 1809169702 0 0
1701085376 1809169703 0 0
1701085376 1809169704 0 0
1701085376 1809169712 0 0
1701085376 1809169725 0 0
1701085376 1809169726 0 0
1701085376 1809169728 0 0
1701085376 1809185699 0 0
1701085376 1809185703 0 0
1701085376 1809185707 0 0
1701085376 1813309817 0 0
1701085376 1813309818 0 0
1701085376 1816672564 0 0
1701085376 1816672565 0 0
1701085376 1816672571 0 0
1701085376 1816672572 0 0
1701085376 1816672573 0 0
1701085376 1825447274 0 0
1701085376 1825447275 0 0
1701085376 1825447928 0 0
1701085376 1825447930 0 0
1701085376 1825447932 0 0
1701085376 1825447934 0 0
1701085376 1825447936 0 0
1701085376 1825447938 0 0
1701085385 1701085399 0 0
1701085385 1701085437 0 0
1701085385 1701781924 0 0
1701085385 1701781926 0 0
1701085385 1701781927 0 0
1701085385 1701781934 0 0
1701085385 1701781947 0 0
1701085385 1701781952 0 0
1701085385 1701781956 0 0
1701085385 1701781957 0 0
1701085385 1701781965 0 0
1701085385 1701781973 0 0
1701085385 1701781979 0 0
1701085385 1701781980 0 0
1701085385 1701781983 0 0
1701085385 1809128958 0 0
1701085385 1809128961 0 0
1701085385 1809128967 0 0
1701085385 1809128970 0 0
1701085385 1809128983 0 0
1701085385 1809128986 0 0
1701085385 1809128993 0 0
1701085385 1809128996 0 0
1701085385 1809129010 0 0
1701085385 1809129012 0 0
1701085385 1809129015 0 0
1701085385 1809169687 0 0
1701085385 1809169688 0 0
1701085385 1809169690 0 0
1701085385 1809169701 0 0
1701085385 1809169702 0 0
1701085385 1809169703 0 0
1701085385 1809169704 0 0
1701085385 1809169712 0 0
1701085385 1809169725 0 0
1701085385 1809169726 0 0
1701085385 1809169728 0 0
1701085385 1809185699 0 0
1701085385 1809185703 0 0
1701085385 1809185705 0 0
1701085385 1809185707 0 0
1701085385 1813309817 0 0
1701085385 1813309818 0 0
1701085385 1816672564 0 0
1701085385 1816672565 0 0
1701085385 1816672571 0 0
1701085385 1816672572 0 0
1701085385 1816672573 0 0
1701085385 1825447274 0 0
1701085385 1825447275 0 0
1701085385 1825447928 0 0
1701085385 1825447930 0 0
1701085385 1825447932 0 0
1701085385 1825447934 0 0
1701085385 1825447936 0 0
1701085385 1825447938 0 0
1701085389 1701085437 0 0
1701085389 1701781924 0 0
1701085389 1701781926 0 0
1701085389 1701781927 0 0
1701085389 1701781947 0 0
1701085389 1701781952 0 0
1701085389 1701781956 0 0
1701085389 1701781957 0 0
1701085389 1701781965 0 0
1701085389 1701781973 0 0
1701085389 1701781979 0 0
1701085389 1701781980 0 0
1701085389 1701781983 0 0
1701085389 1809128958 0 0
1701085389 1809128961 0 0
1701085389 1809128967 0 0
1701085389 1809128970 0 0
1701085389 1809128983 0 0
1701085389 1809128986 0 0
1701085389 1809128990 0 0
1701085389 1809128993 0 0
1701085389 1809128996 0 0
1701085389 1809129010 0 0
1701085389 1809129012 0 0
1701085389 1809129015 0 0
1701085389 1809169687 0 0
1701085389 1809169688 0 0
1701085389 1809169690 0 0
1701085389 1809169701 0 0
1701085389 1809169702 0 0
1701085389 1809169703 0 0
1701085389 1809169704 0 0
1701085389 1809169712 0 0
1701085389 1809169725 0 0
1701085389 1809169726 0 0
1701085389 1809169728 0 0
1701085389 1809185699 0 0
1701085389 1809185703 0 0
1701085389 1809185705 0 0
1701085389 1809185707 0 0
1701085389 1813309817 0 0
1701085389 1813309818 0 0
1701085389 1816672564 0 0
1701085389 1816672565 0 0
1701085389 1816672571 0 0
1701085389 1816672572 0 0
1701085389 1825447274 0 0
1701085389 1825447275 0 0
1701085389 1825447928 0 0
1701085389 1825447930 0 0
1701085389 1825447932 0 0
1701085389 1825447934 0 0
1701085389 1825447936 0 0
1701085389 1825447938 0 0
1701085399 1701085437 0 0
1701085399 1701781924 0 0
1701085399 1701781926 0 0
1701085399 1701781927 0 0
1701085399 1701781934 0 0
1701085399 1701781947 0 0
1701085399 1701781952 0 0
1701085399 1701781956 0 0
1701085399 1701781957 0 0
1701085399 1701781965 0 0
1701085399 1701781973 0 0
1701085399 1701781979 0 0
1701085399 1701781980 0 0
1701085399 1701781983 0 0
1701085399 1809128958 0 0
1701085399 1809128961 0 0
1701085399 1809128967 0 0
1701085399 1809128970 0 0
1701085399 1809128983 0 0
1701085399 1809128986 0 0
1701085399 1809128990 0 0
1701085399 1809128993 0 0
1701085399 1809128996 0 0
1701085399 1809129010 0 0
1701085399 1809129012 0 0
1701085399 1809129015 0 0
1701085399 1809169687 0 0
1701085399 1809169688 0 0
1701085399 1809169690 0 0
1701085399 1809169701 0 0
1701085399 1809169702 0 0
1701085399 1809169703 0 0
1701085399 1809169704 0 0
1701085399 1809169712 0 0
1701085399 1809169725 0 0
1701085399 1809169726 0 0
1701085399 1809169728 0 0
1701085399 1809185699 0 0
1701085399 1809185703 0 0
1701085399 1809185705 0 0
1701085399 1809185707 0 0
1701085399 1813309817 0 0
1701085399 1813309818 0 0
1701085399 1816672564 0 0
1701085399 1816672565 0 0
1701085399 1816672571 0 0
1701085399 1816672573 0 0
1701085399 1825447274 0 0
1701085399 1825447275 0 0
1701085399 1825447928 0 0
1701085399 1825447930 0 0
1701085399 1825447932 0 0
1701085399 1825447934 0 0
1701085399 1825447936 0 0
1701085399 1825447938 0 0
1701085437 1701781924 0 0
1701085437 1701781926 0 0
1701085437 1701781927 0 0
1701085437 1701781934 0 0
1701085437 1701781947 0 0
1701085437 1701781952 0 0
1701085437 1701781956 0 0
1701085437 1701781957 0 0
1701085437 1701781965 0 0
1701085437 1701781973 0 0
1701085437 1701781979 0 0
1701085437 1701781980 0 0
1701085437 1809128958 0 0
1701085437 1809128961 0 0
1701085437 1809128967 0 0
1701085437 1809128970 0 0
1701085437 1809128983 0 0
1701085437 1809128986 0 0
1701085437 1809128990 0 0
1701085437 1809128993 0 0
1701085437 1809128996 0 0
1701085437 1809129010 0 0
1701085437 1809129012 0 0
1701085437 1809129015 0 0
1701085437 1809169687 0 0
1701085437 1809169688 0 0
1701085437 1809169690 0 0
1701085437 1809169701 0 0
1701085437 1809169702 0 0
1701085437 1809169703 0 0
1701085437 1809169704 0 0
1701085437 1809169712 0 0
1701085437 1809169725 0 0
1701085437 1809169726 0 0
1701085437 1809169728 0 0
1701085437 1809185699 0 0
1701085437 1809185703 0 0
1701085437 1809185705 0 0
1701085437 1809185707 0 0
1701085437 1813309817 0 0
1701085437 1813309818 0 0
1701085437 1816672564 0 0
1701085437 1816672565 0 0
1701085437 1816672571 0 0
1701085437 1816672572 0 0
1701085437 1816672573 0 0
1701085437 1825447274 0 0
1701085437 1825447275 0 0
1701085437 1825447928 0 0
1701085437 1825447930 0 0
1701085437 1825447932 0 0
1701085437 1825447934 0 0
1701085437 1825447936 0 0
1701085437 1825447938 0 0
1701781924 1701781926 0 0
1701781924 1701781927 0 0
1701781924 1701781934 0 0
1701781924 1701781947 0 0
1701781924 1701781952 0 0
1701781924 1701781956 0 0
1701781924 1701781957 0 0
1701781924 1701781965 0 0
1701781924 1701781973 0 0
1701781924 1701781979 0 0
1701781924 1701781983 0 0
1701781924 1809128958 0 0
1701781924 1809128961 0 0
1701781924 1809128967 0 0
1701781924 1809128970 0 0
1701781924 1809128983 0 0
1701781924 1809128986 0 0
1701781924 1809128990 0 0
1701781924 1809128993 0 0
1701781924 1809128996 0 0
1701781924 1809129010 0 0
1701781924 1809129012 0 0
1701781924 1809129015 0 0
1701781924 1809169687 0 0
1701781924 1809169688 0 0
1701781924 1809169690 0 0
1701781924 1809169701 0 0
1701781924 1809169702 0 0
1701781924 1809169703 0 0
1701781924 1809169704 0 0
1701781924 1809169712 0 0
1701781924 1809169725 0 0
1701781924 1809169726 0 0
1701781924 1809169728 0 0
1701781924 1809185699 0 0
1701781924 1809185703 0 0
1701781924 1809185705 0 0
1701781924 1809185707 0 0
1701781924 1813309817 0 0
1701781924 1813309818 0 0
1701781924 1816672564 0 0
1701781924 1816672565 0 0
1701781924 1816672571 0 0
1701781924 1816672572 0 0
1701781924 1816672573 0 0
1701781924 1825447274 0 0
1701781924 1825447275 0 0
1701781924 1825447928 0 0
1701781924 1825447930 0 0
1701781924 1825447932 0 0
1701781924 1825447934 0 0
1701781924 1825447936 0 0
1701781926 1701781927 0 0
1701781926 1701781947 0 0
1701781926 1701781952 0 0
1701781926 1701781956 0 0
1701781926 1701781957 0 0
1701781926 1701781965 0 0
1701781926 1701781973 0 0
1701781926 1701781979 0 0
1701781926 1701781980 0 0
1701781926 1701781983 0 0
1701781926 1809128958 0 0
1701781926 1809128961 0 0
1701781926 1809128967 0 0
1701781926 1809128970 0 0
1701781926 1809128983 0 0
1701781926 1809128986 0 0
1701781926 1809128990 0 0
1701781926 1809128993 0 0
1701781926 1809128996 0 0
1701781926 1809129010 0 0
1701781926 1809129012 0 0
1701781926 1809129015 0 0
1701781926 1809169687 0 0
1701781926 1809169688 0 0
1701781926 1809169690 0 0
1701781926 1809169701 0 0
1701781926 1809169702 0 0
1701781926 1809169703 0 0
1701781926 1809169704 0 0
1701781926 1809169712 0 0
1701781926 1809169725 0 0
1701781926 1809169726 0 0
1701781926 1809169728 0 0
1701781926 1809185699 0 0
1701781926 1809185703 0 0
1701781926 1809185705 0 0
1701781926 1809185707 0 0
1701781926 1813309817 0 0
1701781926 1813309818 0 0
1701781926 1816672564 0 0
1701781926 1816672565 0 0
1701781926 1816672571 0 0
1701781926 1816672572 0 0
1701781926 1816672573 0 0
1701781926 1825447274 0 0
1701781926 1825447275 0 0
1701781926 1825447928 0 0
1701781926 1825447930 0 0
1701781926 1825447932 0 0
1701781926 1825447934 0 0
1701781926 1825447936 0 0
1701781927 1701781934 0 0
1701781927 1701781947 0 0
1701781927 1701781952 0 0
1701781927 1701781956 0 0
1701781927 1701781957 0 0
1701781927 1701781965 0 0
1701781927 1701781973 0 0
1701781927 1701781979 0 0
1701781927 1701781983 0 0
1701781927 1809128958 0 0
1701781927 1809128961 0 0
1701781927 1809128967 0 0
1701781927 1809128970 0 0
1701781927 1809128983 0 0
1701781927 1809128986 0 0
1701781927 1809128990 0 0
1701781927 1809128993 0 0
1701781927 1809128996 0 0
1701781927 1809129010 0 0
1701781927 1809129012 0 0
1701781927 1809129015 0 0
1701781927 1809169687 0 0
1701781927 1809169688 0 0
1701781927 1809169690 0 0
1701781927 1809169701 0 0
1701781927 1809169702 0 0
1701781927 1809169703 0 0
1701781927 1809169704 0 0
1701781927 1809169712 0 0
1701781927 1809169725 0 0
1701781927 1809169726 0 0
1701781927 1809169728 0 0
1701781927 1809185699 0 0
1701781927 1809185703 0 0
1701781927 1809185705 0 0
1701781927 1809185707 0 0
1701781927 1813309817 0 0
1701781927 1813309818 0 0
1701781927 1816672564 0 0
1701781927 1816672565 0 0
1701781927 1816672571 0 0
1701781927 1816672572 0 0
1701781927 1816672573 0 0
1701781927 1825447274 0 0
1701781927 1825447275 0 0
1701781927 1825447928 0 0
1701781927 1825447930 0 0
1701781927 1825447932 0 0
1701781927 1825447936 0 0
1701781927 1825447938 0 0
1701781934 1701781947 0 0
1701781934 1701781952 0 0
1701781934 1701781956 0 0
1701781934 1701781957 0 0
1701781934 1701781965 0 0
1701781934 1701781973 0 0
1701781934 1701781979 0 0
1701781934 1701781980 0 0
1701781934 1701781983 0 0
1701781934 1809128958 0 0
1701781934 1809128961 0 0
1701781934 1809128967 0 0
1701781934 1809128970 0 0
1701781934 1809128983 0 0
1701781934 1809128986 0 0
1701781934 1809128990 0 0
1701781934 1809128993 0 0
1701781934 1809128996 0 0
1701781934 1809129010 0 0
1701781934 1809129012 0 0
1701781934 1809129015 0 0
1701781934 1809169687 0 0
1701781934 1809169688 0 0
1701781934 1809169690 0 0
1701781934 1809169701 0 0
1701781934 1809169702 0 0
1701781934 1809169703 0 0
1701781934 1809169704 0 0
1701781934 1809169712 0 0
1701781934 1809169725 0 0
1701781934 1809169726 0 0
1701781934 1809169728 0 0
1701781934 1809185699 0 0
1701781934 1809185703 0 0
1701781934 1809185705 0 0
1701781934 1809185707 0 0
1701781934 1813309817 0 0
1701781934 1813309818 0 0
1701781934 1816672564 0 0
1701781934 1816672565 0 0
1701781934 1816672571 0 0
1701781934 1816672572 0 0
1701781934 1816672573 0 0
1701781934 1825447274 0 0
1701781934 1825447275 0 0
1701781934 1825447928 0 0
1701781934 1825447930 0 0
1701781934 1825447932 0 0
1701781934 1825447934 0 0
1701781934 1825447936 0 0
1701781934 1825447938 0 0
1701781947 1701781956 0 0
1701781947 1701781957 0 0
1701781947 1701781973 0 0
1701781947 1701781979 0 0
1701781947 1701781980 0 0
1701781947 1701781983 0 0
1701781947 1809128958 0 0
1701781947 1809128961 0 0
1701781947 1809128967 0 0
1701781947 1809128970 0 0
1701781947 1809128983 0 0
1701781947 1809128986 0 0
1701781947 1809128990 0 0
1701781947 1809128993 0 0
1701781947 1809128996 0 0
1701781947 1809129010 0 0
1701781947 1809129012 0 0
1701781947 1809129015 0 0
1701781947 1809169687 0 0
1701781947 1809169688 0 0
1701781947 1809169690 0 0
1701781947 1809169702 0 0
1701781947 1809169703 0 0
1701781947 1809169704 0 0
1701781947 1809169712 0 0
1701781947 1809169725 0 0
1701781947 1809169726 0 0
1701781947 1809169728 0 0
1701781947 1809185699 0 0
1701781947 1809185703 0 0
1701781947 1809185705 0 0
1701781947 1809185707 0 0
1701781947 1813309817 0 0
1701781947 1813309818 0 0
1701781947 1816672564 0 0
1701781947 1816672565 0 0
1701781947 1816672571 0 0
1701781947 1816672572 0 0
1701781947 1816672573 0 0
1701781947 1825447274 0 0
1701781947 1825447275 0 0
1701781947 1825447928 0 0
1701781947 1825447930 0 0
1701781947 1825447932 0 0
1701781947 1825447934 0 0
1701781947 1825447936 0 0
1701781947 1825447938 0 0
1701781952 1701781956 0 0
1701781952 1701781957 0 0
1701781952 1701781965 0 0
1701781952 1701781973 0 0
1701781952 1701781979 0 0
1701781952 1701781980 0 0
1701781952 1701781983 0 0
1701781952 1809128958 0 0
1701781952 1809128961 0 0
1701781952 1809128967 0 0
1701781952 1809128970 0 0
1701781952 1809128990 0 0
1701781952 1809128993 0 0
1701781952 1809128996 0 0
1701781952 1809129010 0 0
1701781952 1809129012 0 0
1701781952 1809129015 0 0
1701781952 1809169687 0 0
1701781952 1809169688 0 0
1701781952 1809169690 0 0
1701781952 1809169701 0 0
1701781952 1809169702 0 0
1701781952 1809169703 0 0
1701781952 1809169704 0 0
1701781952 1809169712 0 0
1701781952 1809169725 0 0
1701781952 1809169726 0 0
1701781952 1809169728 0 0
1701781952 1809185699 0 0
1701781952 1809185703 0 0
1701781952 1809185705 0 0
1701781952 1809185707 0 0
1701781952 1813309817 0 0
1701781952 1813309818 0 0
1701781952 1816672564 0 0
1701781952 1816672565 0 0
1701781952 1816672571 0 0
1701781952 1816672572 0 0
1701781952 1816672573 0 0
1701781952 1825447274 0 0
1701781952 1825447275 0 0
1701781952 1825447928 0 0
1701781952 1825447930 0 0
1701781952 1825447932 0 0
1701781952 1825447934 0 0
1701781952 1825447936 0 0
1701781952 1825447938 0 0
1701781956 1701781957 0 0
1701781956 1701781965 0 0
1701781956 1701781973 0 0
1701781956 1701781980 0 0
1701781956 1701781983 0 0
1701781956 1809128958 0 0
1701781956 1809128961 0 0
1701781956 1809128967 0 0
1701781956 1809128970 0 0
1701781956 1809128983 0 0
1701781956 1809128986 0 0
1701781956 1809128990 0 0
1701781956 1809128993 0 0
1701781956 1809128996 0 0
1701781956 1809129010 0 0
1701781956 1809129012 0 0
1701781956 1809129015 0 0
1701781956 1809169687 0 0
1701781956 1809169688 0 0
1701781956 1809169690 0 0
1701781956 1809169701 0 0
1701781956 1809169702 0 0
1701781956 1809169703 0 0
1701781956 1809169704 0 0
1701781956 1809169712 0 0
1701781956 1809169725 0 0
1701781956 1809169726 0 0
1701781956 1809169728 0 0
1701781956 1809185699 0 0
1701781956 1809185703 0 0
1701781956 1809185705 0 0
1701781956 1809185707 0 0
1701781956 1813309817 0 0
1701781956 1813309818 0 0
1701781956 1816672564 0 0
1701781956 1816672565 0 0
1701781956 1816672571 0 0
1701781956 1816672572 0 0
1701781956 1816672573 0 0
1701781956 1825447274 0 0
1701781956 1825447275 0 0
1701781956 1825447928 0 0
1701781956 1825447930 0 0
1701781956 1825447932 0 0
1701781956 1825447934 0 0
1701781956 1825447936 0 0
1701781956 1825447938 0 0
1701781957 1701781965 0 0
1701781957 1701781973 0 0
1701781957 1701781979 0 0
1701781957 1701781980 0 0
1701781957 1701781983 0 0
1701781957 1809128958 0 0
1701781957 1809128961 0 0
1701781957 1809128967 0 0
1701781957 1809128970 0 0
1701781957 1809128983 0 0
1701781957 1809128986 0 0
1701781957 1809128990 0 0
1701781957 1809128993 0 0
1701781957 1809128996 0 0
1701781957 1809129010 0 0
1701781957 1809129012 0 0
1701781957 1809129015 0 0
1701781957 1809169687 0 0
1701781957 1809169688 0 0
1701781957 1809169690 0 0
1701781957 1809169701 0 0
1701781957 1809169702 0 0
1701781957 1809169703 0 0
1701781957 1809169704 0 0
1701781957 1809169712 0 0
1701781957 1809169725 0 0
1701781957 1809169726 0 0
1701781957 1809169728 0 0
1701781957 1809185699 0 0
1701781957 1809185703 0 0
1701781957 1809185705 0 0
1701781957 1809185707 0 0
1701781957 1813309817 0 0
1701781957 1813309818 0 0
1701781957 1816672564 0 0
1701781957 1816672565 0 0
1701781957 1816672571 0 0
1701781957 1816672572 0 0
1701781957 1825447274 0 0
1701781957 1825447275 0 0
1701781957 1825447928 0 0
1701781957 1825447930 0 0
1701781957 1825447932 0 0
1701781957 1825447934 0 0
1701781957 1825447936 0 0
1701781957 1825447938 0 0
1701781965 1701781973 0 0
1701781965 1701781979 0 0
1701781965 1701781980 0 0
1701781965 1701781983 0 0
1701781965 1809128958 0 0
1701781965 1809128961 0 0
1701781965 1809128967 0 0
1701781965 1809128970 0 0
1701781965 1809128983 0 0
1701781965 1809128986 0 0
1701781965 1809128993 0 0
1701781965 1809128996 0 0
1701781965 1809129010 0 0
1701781965 1809129012 0 0
1701781965 1809129015 0 0
1701781965 1809169687 0 0
1701781965 1809169688 0 0
1701781965 1809169690 0 0
1701781965 1809169701 0 0
1701781965 1809169703 0 0
1701781965 1809169704 0 0
1701781965 1809169712 0 0
1701781965 1809169725 0 0
1701781965 1809169726 0 0
1701781965 1809169728 0 0
1701781965 1809185699 0 0
1701781965 1809185703 0 0
1701781965 1809185705 0 0
1701781965 1809185707 0 0
1701781965 1813309817 0 0
1701781965 1813309818 0 0
1701781965 1816672564 0 0
1701781965 1816672565 0 0
1701781965 1816672571 0 0
1701781965 1816672572 0 0
1701781965 1816672573 0 0
1701781965 1825447274 0 0
1701781965 1825447275 0 0
1701781965 1825447928 0 0
1701781965 1825447930 0 0
1701781965 1825447932 0 0
1701781965 1825447934 0 0
1701781965 1825447936 0 0
1701781965 1825447938 0 0
1701781973 1701781979 0 0
1701781973 1701781980 0 0
1701781973 1701781983 0 0
1701781973 1809128958 0 0
1701781973 1809128961 0 0
1701781973 1809128967 0 0
1701781973 1809128970 0 0
1701781973 1809128983 0 0
1701781973 1809128986 0 0
1701781973 1809128990 0 0
1701781973 1809128993 0 0
1701781973 1809128996 0 0
1701781973 1809129010 0 0
1701781973 1809129012 0 0
1701781973 1809129015 0 0
1701781973 1809169687 0 0
1701781973 1809169688 0 0
1701781973 1809169690 0 0
1701781973 1809169701 0 0
1701781973 1809169702 0 0
1701781973 1809169703 0 0
1701781973 1809169704 0 0
1701781973 1809169712 0 0
1701781973 1809169725 0 0
1701781973 1809169726 0 0
1701781973 1809169728 0 0
1701781973 1809185699 0 0
1701781973 1809185703 0 0
1701781973 1809185705 0 0
1701781973 1809185707 0 0
1701781973 1813309817 0 0
1701781973 1813309818 0 0
1701781973 1816672564 0 0
1701781973 1816672565 0 0
1701781973 1816672572 0 0
1701781973 1816672573 0 0
1701781973 1825447274 0 0
1701781973 1825447275 0 0
1701781973 1825447928 0 0
1701781973 1825447930 0 0
1701781973 1825447932 0 0
1701781973 1825447934 0 0
1701781973 1825447936 0 0
1701781973 1825447938 0 0
1701781979 1701781980 0 0
1701781979 1701781983 0 0
1701781979 1809128958 0 0
1701781979 1809128961 0 0
1701781979 1809128967 0 0
1701781979 1809128970 0 0
1701781979 1809128983 0 0
1701781979 1809128986 0 0
1701781979 1809128990 0 0
1701781979 1809128993 0 0
1701781979 1809128996 0 0
1701781979 1809129010 0 0
1701781979 1809129012 0 0
1701781979 1809129015 0 0
1701781979 1809169687 0 0
1701781979 1809169688 0 0
1701781979 1809169690 0 0
1701781979 1809169701 0 0
1701781979 1809169702 0 0
1701781979 1809169703 0 0
1701781979 1809169704 0 0
1701781979 1809169712 0 0
1701781979 1809169726 0 0
1701781979 1809169728 0 0
1701781979 1809185699 0 0
1701781979 1809185703 0 0
1701781979 1809185705 0 0
1701781979 1809185707 0 0
1701781979 1813309817 0 0
1701781979 1813309818 0 0
1701781979 1816672564 0 0
1701781979 1816672565 0 0
1701781979 1816672571 0 0
1701781979 1816672572 0 0
1701781979 1816672573 0 0
1701781979 1825447274 0 0
1701781979 1825447275 0 0
1701781979 1825447928 0 0
1701781979 1825447930 0 0
1701781979 1825447932 0 0
1701781979 1825447934 0 0
1701781979 1825447936 0 0
1701781979 1825447938 0 0
1701781980 1701781983 0 0
1701781980 1809128958 0 0
1701781980 1809128961 0 0
1701781980 1809128967 0 0
1701781980 1809128970 0 0
1701781980 1809128983 0 0
1701781980 1809128986 0 0
1701781980 1809128990 0 0
1701781980 1809128993 0 0
1701781980 1809128996 0 0
1701781980 1809129010 0 0
1701781980 1809129012 0 0
1701781980 1809129015 0 0
1701781980 1809169687 0 0
1701781980 1809169688 0 0
1701781980 1809169690 0 0
1701781980 1809169701 0 0
1701781980 1809169702 0 0
1701781980 1809169703 0 0
1701781980 1809169704 0 0
1701781980 1809169712 0 0
1701781980 1809169725 0 0
1701781980 1809169726 0 0
1701781980 1809169728 0 0
1701781980 1809185699 0 0
1701781980 1809185703 0 0
1701781980 1809185705 0 0
1701781980 1809185707 0 0
1701781980 1813309817 0 0
1701781980 1813309818 0 0
1701781980 1816672564 0 0
1701781980 1816672571 0 0
1701781980 1816672572 0 0
1701781980 1816672573 0 0
1701781980 1825447274 0 0
1701781980 1825447275 0 0
1701781980 1825447928 0 0
1701781980 1825447930 0 0
1701781980 1825447932 0 0
1701781980 1825447934 0 0
1701781980 1825447936 0 0
1701781980 1825447938 0 0
1701781983 1809128958 0 0
1701781983 1809128961 0 0
1701781983 1809128967 0 0
1701781983 1809128970 0 0
1701781983 1809128983 0 0
1701781983 1809128986 0 0
1701781983 1809128990 0 0
1701781983 1809128993 0 0
1701781983 1809128996 0 0
1701781983 1809129010 0 0
1701781983 1809129012 0 0
1701781983 1809129015 0 0
1701781983 1809169687 0 0
1701781983 1809169688 0 0
1701781983 1809169690 0 0
1701781983 1809169701 0 0
1701781983 1809169702 0 0
1701781983 1809169703 0 0
1701781983 1809169704 0 0
1701781983 1809169712 0 0
1701781983 1809169725 0 0
1701781983 1809169726 0 0
1701781983 1809169728 0 0
1701781983 1809185699 0 0
1701781983 1809185703 0 0
1701781983 1809185705 0 0
1701781983 1809185707 0 0
1701781983 1813309817 0 0
1701781983 1813309818 0 0
1701781983 1816672564 0 0
1701781983 1816672571 0 0
1701781983 1816672572 0 0
1701781983 1816672573 0 0
1701781983 1825447274 0 0
1701781983 1825447275 0 0
1701781983 1825447928 0 0
1701781983 1825447930 0 0
1701781983 1825447932 0 0
1701781983 1825447934 0 0
1701781983 1825447936 0 0
1701781983 1825447938 0 0
1809128958 1809128970 0 0
1809128958 1809128983 0 0
1809128958 1809128986 0 0
1809128958 1809128990 0 0
1809128958 1809128993 0 0
1809128958 1809128996 0 0
1809128958 1809129010 0 0
1809128958 1809129012 0 0
1809128958 1809129015 0 0
1809128958 1809169687 0 0
1809128958 1809169688 0 0
1809128958 1809169690 0 0
1809128958 1809169701 0 0
1809128958 1809169702 0 0
1809128958 1809169703 0 0
1809128958 1809169704 0 0
1809128958 1809169712 0 0
1809128958 1809169725 0 0
1809128958 1809169726 0 0
1809128958 1809169728 0 0
1809128958 1809185699 0 0
1809128958 1809185703 0 0
1809128958 1809185705 0 0
1809128958 1809185707 0 0
1809128958 1813309817 0 0
1809128958 1813309818 0 0
1809128958 1816672564 0 0
1809128958 1816672565 0 0
1809128958 1816672571 0 0
1809128958 1816672572 0 0
1809128958 1816672573 0 0
1809128958 1825447274 0 0
1809128958 1825447275 0 0
1809128958 1825447928 0 0
1809128958 1825447930 0 0
1809128958 1825447932 0 0
1809128958 1825447934 0 0
1809128958 1825447936 0 0
1809128958 1825447938 0 0
1809128961 1809128967 0 0
1809128961 1809128983 0 0
1809128961 1809128986 0 0
1809128961 1809128990 0 0
1809128961 1809128993 0 0
1809128961 1809128996 0 0
1809128961 1809129010 0 0
1809128961 1809129012 0 0
1809128961 1809129015 0 0
1809128961 1809169687 0 0
1809128961 1809169688 0 0
1809128961 1809169690 0 0
1809128961 1809169701 0 0
1809128961 1809169702 0 0
1809128961 1809169703 0 0
1809128961 1809169704 0 0
1809128961 1809169712 0 0
1809128961 1809169725 0 0
1809128961 1809169726 0 0
1809128961 1809169728 0 0
1809128961 1809185699 0 0
1809128961 1809185703 0 0
1809128961 1809185705 0 0
1809128961 1809185707 0 0
1809128961 1813309817 0 0
1809128961 1813309818 0 0
1809128961 1816672564 0 0
1809128961 1816672565 0 0
1809128961 1816672571 0 0
1809128961 1816672572 0 0
1809128961 1816672573 0 0
1809128961 1825447274 0 0
1809128961 1825447275 0 0
1809128961 1825447928 0 0
1809128961 1825447930 0 0
1809128961 1825447932 0 0
1809128961 1825447934 0 0
1809128961 1825447936 0 0
1809128961 1825447938 0 0
1809128967 1809128970 0 0
1809128967 1809128983 0 0
1809128967 1809128986 0 0
1809128967 1809128990 0 0
1809128967 1809128993 0 0
1809128967 1809128996 0 0
1809128967 1809129010 0 0
1809128967 1809129012 0 0
1809128967 1809129015 0 0
1809128967 1809169687 0 0
1809128967 1809169688 0 0
1809128967 1809169690 0 0
1809128967 1809169701 0 0
1809128967 1809169702 0 0
1809128967 1809169703 0 0
1809128967 1809169704 0 0
1809128967 1809169712 0 0
1809128967 1809169725 0 0
1809128967 1809169726 0 0
1809128967 1809169728 0 0
1809128967 1809185699 0 0
1809128967 1809185703 0 0
1809128967 1809185705 0 0
1809128967 1809185707 0 0
1809128967 1813309817 0 0
1809128967 1813309818 0 0
1809128967 1816672564 0 0
1809128967 1816672565 0 0
1809128967 1816672571 0 0
1809128967 1816672572 0 0
1809128967 1816672573 0 0
1809128967 1825447274 0 0
1809128967 1825447275 0 0
1809128967 1825447928 0 0
1809128967 1825447930 0 0
1809128967 1825447932 0 0
1809128967 1825447934 0 0
1809128967 1825447936 0 0
1809128967 1825447938 0 0
1809128970 1809128986 0 0
1809128970 1809128990 0 0
1809128970 1809128993 0 0
1809128970 1809128996 0 0
1809128970 1809129010 0 0
1809128970 1809129012 0 0
1809128970 1809129015 0 0
1809128970 1809169687 0 0
1809128970 1809169688 0 0
1809128970 1809169690 0 0
1809128970 1809169701 0 0
1809128970 1809169702 0 0
1809128970 1809169703 0 0
1809128970 1809169704 0 0
1809128970 1809169712 0 0
1809128970 1809169725 0 0
1809128970 1809169726 0 0
1809128970 1809169728 0 0
1809128970 1809185699 0 0
1809128970 1809185703 0 0
1809128970 1809185705 0 0
1809128970 1809185707 0 0
1809128970 1813309817 0 0
1809128970 1813309818 0 0
1809128970 1816672564 0 0
1809128970 1816672565 0 0
1809128970 1816672571 0 0
1809128970 1816672572 0 0
1809128970 1816672573 0 0
1809128970 1825447274 0 0
1809128970 1825447275 0 0
1809128970 1825447928 0 0
1809128970 1825447930 0 0
1809128970 1825447932 0 0
1809128970 1825447934 0 0
1809128970 1825447936 0 0
1809128970 1825447938 0 0
1809128983 1809128986 0 0
1809128983 1809128990 0 0
1809128983 1809128993 0 0
1809128983 1809128996 0 0
1809128983 1809129010 0 0
1809128983 1809129012 0 0
1809128983 1809129015 0 0
1809128983 1809169687 0 0
1809128983 1809169688 0 0
1809128983 1809169690 0 0
1809128983 1809169701 0 0
1809128983 1809169702 0 0
1809128983 1809169703 0 0
1809128983 1809169704 0 0
1809128983 1809169712 0 0
1809128983 1809169725 0 0
1809128983 1809169726 0 0
1809128983 1809169728 0 0
1809128983 1809185699 0 0
1809128983 1809185703 0 0
1809128983 1809185707 0 0
1809128983 1813309817 0 0
1809128983 1813309818 0 0
1809128983 1816672564 0 0
1809128983 1816672565 0 0
1809128983 1816672571 0 0
1809128983 1816672572 0 0
1809128983 1816672573 0 0
1809128983 1825447274 0 0
1809128983 1825447275 0 0
1809128983 1825447928 0 0
1809128983 1825447930 0 0
1809128983 1825447932 0 0
1809128983 1825447934 0 0
1809128983 1825447936 0 0
1809128983 1825447938 0 0
1809128986 1809128990 0 0
1809128986 1809128993 0 0
1809128986 1809128996 0 0
1809128986 1809129010 0 0
1809128986 1809129012 0 0
1809128986 1809129015 0 0
1809128986 1809169687 0 0
1809128986 1809169688 0 0
1809128986 1809169690 0 0
1809128986 1809169701 0 0
1809128986 1809169702 0 0
1809128986 1809169703 0 0
1809128986 1809169704 0 0
1809128986 1809169712 0 0
1809128986 1809169725 0 0
1809128986 1809169726 0 0
1809128986 1809169728 0 0
1809128986 1809185699 0 0
1809128986 1809185703 0 0
1809128986 1809185705 0 0
1809128986 1809185707 0 0
1809128986 1813309817 0 0
1809128986 1813309818 0 0
1809128986 1816672564 0 0
1809128986 1816672565 0 0
1809128986 1816672571 0 0
1809128986 1816672572 0 0
1809128986 1816672573 0 0
1809128986 1825447274 0 0
1809128986 1825447275 0 0
1809128986 1825447928 0 0
1809128986 1825447930 0 0
1809128986 1825447932 0 0
1809128986 1825447934 0 0
1809128986 1825447936 0 0
1809128986 1825447938 0 0
1809128990 1809128993 0 0
1809128990 1809128996 0 0
1809128990 1809129010 0 0
1809128990 1809129012 0 0
1809128990 1809129015 0 0
1809128990 1809169688 0 0
1809128990 1809169690 0 0
1809128990 1809169701 0 0
1809128990 1809169702 0 0
1809128990 1809169703 0 0
1809128990 1809169704 0 0
1809128990 1809169712 0 0
1809128990 1809169725 0 0
1809128990 1809169726 0 0
1809128990 1809169728 0 0
1809128990 1809185699 0 0
1809128990 1809185703 0 0
1809128990 1809185705 0 0
1809128990 1809185707 0 0
1809128990 1813309817 0 0
1809128990 1813309818 0 0
1809128990 1816672564 0 0
1809128990 1816672565 0 0
1809128990 1816672571 0 0
1809128990 1816672572 0 0
1809128990 1816672573 0 0
1809128990 1825447274 0 0
1809128990 1825447275 0 0
1809128990 1825447928 0 0
1809128990 1825447930 0 0
1809128990 1825447932 0 0
1809128990 1825447934 0 0
1809128990 1825447936 0 0
1809128990 1825447938 0 0
1809128993 1809129010 0 0
1809128993 1809129012 0 0
1809128993 1809129015 0 0
1809128993 1809169687 0 0
1809128993 1809169688 0 0
1809128993 1809169690 0 0
1809128993 1809169701 0 0
1809128993 1809169702 0 0
1809128993 1809169703 0 0
1809128993 1809169704 0 0
1809128993 1809169712 0 0
1809128993 1809169725 0 0
1809128993 1809169726 0 0
1809128993 1809169728 0 0
1809128993 1809185699 0 0
1809128993 1809185703 0 0
1809128993 1809185705 0 0
1809128993 1809185707 0 0
1809128993 1813309817 0 0
1809128993 1813309818 0 0
1809128993 1816672564 0 0
1809128993 1816672565 0 0
1809128993 1816672571 0 0
1809128993 1816672572 0 0
1809128993 1816672573 0 0
1809128993 1825447274 0 0
1809128993 1825447275 0 0
1809128993 1825447928 0 0
1809128993 1825447930 0 0
1809128993 1825447932 0 0
1809128993 1825447934 0 0
1809128993 1825447936 0 0
1809128993 1825447938 0 0
1809128996 1809129010 0 0
1809128996 1809129012 0 0
1809128996 1809169687 0 0
1809128996 1809169688 0 0
1809128996 1809169690 0 0
1809128996 1809169702 0 0
1809128996 1809169703 0 0
1809128996 1809169704 0 0
1809128996 1809169712 0 0
1809128996 1809169725 0 0
1809128996 1809169726 0 0
1809128996 1809169728 0 0
1809128996 1809185699 0 0
1809128996 1809185703 0 0
1809128996 1809185705 0 0
1809128996 1809185707 0 0
1809128996 1813309817 0 0
1809128996 1813309818 0 0
1809128996 1816672564 0 0
1809128996 1816672565 0 0
1809128996 1816672571 0 0
1809128996 1816672572 0 0
1809128996 1816672573 0 0
1809128996 1825447274 0 0
1809128996 1825447275 0 0
1809128996 1825447928 0 0
1809128996 1825447930 0 0
1809128996 1825447932 0 0
1809128996 1825447934 0 0
1809128996 1825447936 0 0
1809128996 1825447938 0 0
1809129010 1809129015 0 0
1809129010 1809169687 0 0
1809129010 1809169688 0 0
1809129010 1809169690 0 0
1809129010 1809169701 0 0
1809129010 1809169702 0 0
1809129010 1809169703 0 0
1809129010 1809169704 0 0
1809129010 1809169712 0 0
1809129010 1809169725 0 0
1809129010 1809169726 0 0
1809129010 1809169728 0 0
1809129010 1809185699 0 0
1809129010 1809185703 0 0
1809129010 1809185705 0 0
1809129010 1809185707 0 0
1809129010 1813309817 0 0
1809129010 1813309818 0 0
1809129010 1816672564 0 0
1809129010 1816672565 0 0
1809129010 1816672571 0 0
1809129010 1816672572 0 0
1809129010 1816672573 0 0
1809129010 1825447274 0 0
1809129010 1825447275 0 0
1809129010 1825447928 0 0
1809129010 1825447930 0 0
1809129010 1825447932 0 0
1809129010 1825447934 0 0
1809129010 1825447936 0 0
1809129010 1825447938 0 0
1809129012 1809169687 0 0
1809129012 1809169688 0 0
1809129012 1809169690 0 0
1809129012 1809169701 0 0
1809129012 1809169702 0 0
1809129012 1809169703 0 0
1809129012 1809169704 0 0
1809129012 1809169712 0 0
1809129012 1809169725 0 0
1809129012 1809169726 0 0
1809129012 1809169728 0 0
1809129012 1809185699 0 0
1809129012 1809185703 0 0
1809129012 1809185705 0 0
1809129012 1809185707 0 0
1809129012 1813309817 0 0
1809129012 1813309818 0 0
1809129012 1816672564 0 0
1809129012 1816672565 0 0
1809129012 1816672571 0 0
1809129012 1816672572 0 0
1809129012 1816672573 0 0
1809129012 1825447274 0 0
1809129012 1825447275 0 0
1809129012 1825447928 0 0
1809129012 1825447930 0 0
1809129012 1825447932 0 0
1809129012 1825447934 0 0
1809129012 1825447936 0 0
1809129012 1825447938 0 0
1809129015 1809169687 0 0
1809129015 1809169688 0 0
1809129015 1809169690 0 0
1809129015 1809169701 0 0
1809129015 1809169702 0 0
1809129015 1809169703 0 0
1809129015 1809169704 0 0
1809129015 1809169712 0 0
1809129015 1809169726 0 0
1809129015 1809169728 0 0
1809129015 1809185699 0 0
1809129015 1809185703 0 0
1809129015 1809185705 0 0
1809129015 1809185707 0 0
1809129015 1813309817 0 0
1809129015 1813309818 0 0
1809129015 1816672564 0 0
1809129015 1816672565 0 0
1809129015 1816672571 0 0
1809129015 1816672572 0 0
1809129015 1816672573 0 0
1809129015 1825447274 0 0
1809129015 1825447275 0 0
1809129015 1825447928 0 0
1809129015 1825447930 0 0
1809129015 1825447932 0 0
1809129015 1825447934 0 0
1809129015 1825447936 0 0
1809129015 1825447938 0 0
1809169687 1809169701 0 0
1809169687 1809169702 0 0
1809169687 1809169703 0 0
1809169687 1809169704 0 0
1809169687 1809169712 0 0
1809169687 1809169725 0 0
1809169687 1809169726 0 0
1809169687 1809169728 0 0
1809169687 1809185699 0 0
1809169687 1809185703 0 0
1809169687 1809185705 0 0
1809169687 1809185707 0 0
1809169687 1813309817 0 0
1809169687 1813309818 0 0
1809169687 1816672564 0 0
1809169687 1816672565 0 0
1809169687 1816672571 0 0
1809169687 1816672572 0 0
1809169687 1816672573 0 0
1809169687 1825447274 0 0
1809169687 1825447275 0 0
1809169687 1825447928 0 0
1809169687 1825447930 0 0
1809169687 1825447932 0 0
1809169687 1825447934 0 0
1809169687 1825447936 0 0
1809169687 1825447938 0 0
1809169688 1809169690 0 0
1809169688 1809169701 0 0
1809169688 1809169702 0 0
1809169688 1809169703 0 0
1809169688 1809169704 0 0
1809169688 1809169712 0 0
1809169688 1809169725 0 0
1809169688 1809169726 0 0
1809169688 1809169728 0 0
1809169688 1809185699 0 0
1809169688 1809185703 0 0
1809169688 1809185705 0 0
1809169688 1809185707 0 0
1809169688 1813309817 0 0
1809169688 1813309818 0 0
1809169688 1816672564 0 0
1809169688 1816672565 0 0
1809169688 1816672571 0 0
1809169688 1816672572 0 0
1809169688 1816672573 0 0
1809169688 1825447274 0 0
1809169688 1825447275 0 0
1809169688 1825447928 0 0
1809169688 1825447930 0 0
1809169688 1825447932 0 0
1809169688 1825447934 0 0
1809169688 1825447936 0 0
1809169688 1825447938 0 0
1809169690 1809169701 0 0
1809169690 1809169702 0 0
1809169690 1809169703 0 0
1809169690 1809169704 0 0
1809169690 1809169712 0 0
1809169690 1809169725 0 0
1809169690 1809169726 0 0
1809169690 1809169728 0 0
1809169690 1809185699 0 0
1809169690 1809185703 0 0
1809169690 1809185705 0 0
1809169690 1809185707 0 0
1809169690 1813309817 0 0
1809169690 1813309818 0 0
1809169690 1816672564 0 0
1809169690 1816672565 0 0
1809169690 1816672571 0 0
1809169690 1816672572 0 0
1809169690 1816672573 0 0
1809169690 1825447274 0 0
1809169690 1825447275 0 0
1809169690 1825447928 0 0
1809169690 1825447930 0 0
1809169690 1825447932 0 0
1809169690 1825447934 0 0
1809169690 1825447936 0 0
1809169690 1825447938 0 0
1809169701 1809169703 0 0
1809169701 1809169704 0 0
1809169701 1809169712 0 0
1809169701 1809169725 0 0
1809169701 1809169726 0 0
1809169701 1809169728 0 0
1809169701 1809185699 0 0
1809169701 1809185703 0 0
1809169701 1809185705 0 0
1809169701 1809185707 0 0
1809169701 1813309817 0 0
1809169701 1813309818 0 0
1809169701 1816672564 0 0
1809169701 1816672565 0 0
1809169701 1816672571 0 0
1809169701 1816672572 0 0
1809169701 1816672573 0 0
1809169701 1825447274 0 0
1809169701 1825447275 0 0
1809169701 1825447928 0 0
1809169701 1825447930 0 0
1809169701 1825447932 0 0
1809169701 1825447934 0 0
1809169701 1825447936 0 0
1809169701 1825447938 0 0
1809169702 1809169704 0 0
1809169702 1809169712 0 0
1809169702 1809169725 0 0
1809169702 1809169726 0 0
1809169702 1809169728 0 0
1809169702 1809185699 0 0
1809169702 1809185703 0 0
1809169702 1809185705 0 0
1809169702 1809185707 0 0
1809169702 1813309817 0 0
1809169702 1813309818 0 0
1809169702 1816672564 0 0
1809169702 1816672565 0 0
1809169702 1816672571 0 0
1809169702 1816672572 0 0
1809169702 1816672573 0 0
1809169702 1825447274 0 0
1809169702 1825447275 0 0
1809169702 1825447928 0 0
1809169702 1825447930 0 0
1809169702 1825447932 0 0
1809169702 1825447934 0 0
1809169702 1825447936 0 0
1809169702 1825447938 0 0
1809169703 1809169712 0 0
1809169703 1809169726 0 0
1809169703 1809169728 0 0
1809169703 1809185699 0 0
1809169703 1809185703 0 0
1809169703 1809185705 0 0
1809169703 1809185707 0 0
1809169703 1813309817 0 0
1809169703 1813309818 0 0
1809169703 1816672564 0 0
1809169703 1816672565 0 0
1809169703 1816672571 0 0
1809169703 1816672572 0 0
1809169703 1816672573 0 0
1809169703 1825447274 0 0
1809169703 1825447275 0 0
1809169703 1825447928 0 0
1809169703 1825447930 0 0
1809169703 1825447932 0 0
1809169703 1825447934 0 0
1809169703 1825447936 0 0
1809169703 1825447938 0 0
1809169704 1809169712 0 0
1809169704 1809169725 0 0
1809169704 1809169726 0 0
1809169704 1809169728 0 0
1809169704 1809185699 0 0
1809169704 1809185703 0 0
1809169704 1809185705 0 0
1809169704 1809185707 0 0
1809169704 1813309817 0 0
1809169704 1813309818 0 0
1809169704 1816672564 0 0
1809169704 1816672565 0 0
1809169704 1816672571 0 0
1809169704 1816672572 0 0
1809169704 1816672573 0 0
1809169704 1825447274 0 0
1809169704 1825447275 0 0
1809169704 1825447928 0 0
1809169704 1825447930 0 0
1809169704 1825447932 0 0
1809169704 1825447934 0 0
1809169704 1825447936 0 0
1809169704 1825447938 0 0
1809169712 1809169725 0 0
1809169712 1809169726 0 0
1809169712 1809169728 0 0
1809169712 1809185699 0 0
1809169712 1809185703 0 0
1809169712 1809185705 0 0
1809169712 1809185707 0 0
1809169712 1813309818 0 0
1809169712 1816672564 0 0
1809169712 1816672565 0 0
1809169712 1816672571 0 0
1809169712 1816672572 0 0
1809169712 1816672573 0 0
1809169712 1825447274 0 0
1809169712 1825447275 0 0
1809169712 1825447928 0 0
1809169712 1825447930 0 0
1809169712 1825447932 0 0
1809169712 1825447934 0 0
1809169712 1825447936 0 0
1809169712 1825447938 0 0
1809169725 1809169728 0 0
1809169725 1809185699 0 0
1809169725 1809185703 0 0
1809169725 1809185705 0 0
1809169725 1809185707 0 0
1809169725 1813309817 0 0
1809169725 1813309818 0 0
1809169725 1816672564 0 0
1809169725 1816672565 0 0
1809169725 1816672571 0 0
1809169725 1816672572 0 0
1809169725 1816672573 0 0
1809169725 1825447274 0 0
1809169725 1825447275 0 0
1809169725 1825447928 0 0
1809169725 1825447930 0 0
1809169725 1825447932 0 0
1809169725 1825447934 0 0
1809169725 1825447936 0 0
1809169725 1825447938 0 0
1809169726 1809185699 0 0
1809169726 1809185703 0 0
1809169726 1809185705 0 0
1809169726 1809185707 0 0
1809169726 1813309818 0 0
1809169726 1816672564 0 0
1809169726 1816672565 0 0
1809169726 1816672571 0 0
1809169726 1816672572 0 0
1809169726 1816672573 0 0
1809169726 1825447274 0 0
1809169726 1825447275 0 0
1809169726 1825447928 0 0
1809169726 1825447930 0 0
1809169726 1825447932 0 0
1809169726 1825447934 0 0
1809169726 1825447936 0 0
1809169726 1825447938 0 0
1809169728 1809185699 0 0
1809169728 1809185703 0 0
1809169728 1809185705 0 0
1809169728 1809185707 0 0
1809169728 1813309817 0 0
1809169728 1813309818 0 0
1809169728 1816672564 0 0
1809169728 1816672565 0 0
1809169728 1816672571 0 0
1809169728 1816672572 0 0
1809169728 1816672573 0 0
1809169728 1825447274 0 0
1809169728 1825447275 0 0
1809169728 1825447928 0 0
1809169728 1825447930 0 0
1809169728 1825447932 0 0
1809169728 1825447934 0 0
1809169728 1825447936 0 0
1809169728 1825447938 0 0
1809185699 1809185705 0 0
1809185699 1809185707 0 0
1809185699 1813309817 0 0
1809185699 1813309818 0 0
1809185699 1816672564 0 0
1809185699 1816672565 0 0
1809185699 1816672571 0 0
1809185699 1816672572 0 0
1809185699 1816672573 0 0
1809185699 1825447274 0 0
1809185699 1825447275 0 0
1809185699 1825447928 0 0
1809185699 1825447930 0 0
1809185699 1825447932 0 0
1809185699 1825447934 0 0
1809185699 1825447936 0 0
1809185699 1825447938 0 0
1809185703 1809185705 0 0
1809185703 1813309817 0 0
1809185703 1813309818 0 0
1809185703 1816672564 0 0
1809185703 1816672565 0 0
1809185703 1816672571 0 0
1809185703 1816672572 0 0
1809185703 1816672573 0 0
1809185703 1825447274 0 0
1809185703 1825447275 0 0
1809185703 1825447928 0 0
1809185703 1825447930 0 0
1809185703 1825447932 0 0
1809185703 1825447934 0 0
1809185703 1825447936 0 0
1809185703 1825447938 0 0
1809185705 1813309817 0 0
1809185705 1813309818 0 0
1809185705 1816672564 0 0
1809185705 1816672565 0 0
1809185705 1816672571 0 0
1809185705 1816672572 0 0
1809185705 1816672573 0 0
1809185705 1825447274 0 0
1809185705 1825447275 0 0
1809185705 1825447928 0 0
1809185705 1825447930 0 0
1809185705 1825447932 0 0
1809185705 1825447934 0 0
1809185705 1825447936 0 0
1809185705 1825447938 0 0
1809185707 1813309817 0 0
1809185707 1813309818 0 0
1809185707 1816672564 0 0
1809185707 1816672565 0 0
1809185707 1816672571 0 0
1809185707 1816672572 0 0
1809185707 1816672573 0 0
1809185707 1825447274 0 0
1809185707 1825447275 0 0
1809185707 1825447928 0 0
1809185707 1825447930 0 0
1809185707 1825447932 0 0
1809185707 1825447934 0 0
1809185707 1825447936 0 0
1809185707 1825447938 0 0
1813309817 1816672564 0 0
1813309817 1816672565 0 0
1813309817 1816672571 0 0
1813309817 1816672572 0 0
1813309817 1816672573 0 0
1813309817 1825447274 0 0
1813309817 1825447275 0 0
1813309817 1825447928 0 0
1813309817 1825447930 0 0
1813309817 1825447932 0 0
1813309817 1825447934 0 0
1813309817 1825447936 0 0
1813309817 1825447938 0 0
1813309818 1816672564 0 0
1813309818 1816672565 0 0
1813309818 1816672571 0 0
1813309818 1816672572 0 0
1813309818 1816672573 0 0
1813309818 1825447274 0 0
1813309818 1825447275 0 0
1813309818 1825447928 0 0
1813309818 1825447930 0 0
1813309818 1825447932 0 0
1813309818 1825447934 0 0
1813309818 1825447936 0 0
1813309818 1825447938 0 0
1816672564 1816672571 0 0
1816672564 1816672572 0 0
1816672564 1816672573 0 0
1816672564 1825447274 0 0
1816672564 1825447275 0 0
1816672564 1825447928 0 0
1816672564 1825447930 0 0
1816672564 1825447932 0 0
1816672564 1825447934 0 0
1816672564 1825447936 0 0
1816672564 1825447938 0 0
1816672565 1816672571 0 0
1816672565 1816672572 0 0
1816672565 1816672573 0 0
1816672565 1825447274 0 0
1816672565 1825447275 0 0
1816672565 1825447928 0 0
1816672565 1825447930 0 0
1816672565 1825447932 0 0
1816672565 1825447934 0 0
1816672565 1825447936 0 0
1816672565 1825447938 0 0
1816672571 1816672572 0 0
1816672571 1816672573 0 0
1816672571 1825447274 0 0
1816672571 1825447275 0 0
1816672571 1825447928 0 0
1816672571 1825447930 0 0
1816672571 1825447932 0 0
1816672571 1825447934 0 0
1816672571 1825447936 0 0
1816672571 1825447938 0 0
1816672572 1825447274 0 0
1816672572 1825447275 0 0
1816672572 1825447928 0 0
1816672572 1825447930 0 0
1816672572 1825447932 0 0
1816672572 1825447934 0 0
1816672572 1825447936 0 0
1816672572 1825447938 0 0
1816672573 1825447274 0 0
1816672573 1825447275 0 0
1816672573 1825447928 0 0
1816672573 1825447930 0 0
1816672573 1825447932 0 0
1816672573 1825447934 0 0
1816672573 1825447936 0 0
1816672573 1825447938 0 0
1825447274 1825447928 0 0
1825447274 1825447932 0 0
1825447274 1825447934 0 0
1825447274 1825447936 0 0
1825447274 1825447938 0 0
1825447275 1825447928 0 0
1825447275 1825447930 0 0
1825447275 1825447932 0 0
1825447275 1825447934 0 0
1825447275 1825447938 0 0
1825447928 1825447932 0 0
1825447928 1825447934 0 0
1825447928 1825447936 0 0
1825447928 1825447938 0 0
1825447930 1825447934 0 0
1825447930 1825447936 0 0
1825447930 1825447938 0 0
1825447932 1825447936 0 0
1825447932 1825447938 0 0
1825447934 1825447936 0 0
1825447934 1825447938 0 0
