1701085385 1809128990
1701085399 1816672572
1816672572 1816672573
1816672573 1701781957
1701085372 1701781973
1701781973 1816672571
1701781965 1701085376
1701781952 1809128986
1809128996 1809128993
1701085376 1701781952
1809129015 1809129012
1809129012 1809129010
1809128967 1809128958
1809128958 1809128961
1809128961 1809128970
1809128970 1809128983
1809128983 1701781952
1701781952 1701781947
1701781947 1809169701
1809169701 1809128996
1809128996 1809129015
1816672573 1701085389
1701085389 1701781934
1701781934 1701781926
1701781926 1825447938
1825447938 1701781924
1701781924 1701781980
1809169701 1809169702
1809169703 1809169704
1809169726 1809169728
1809169690 1809169687
1701781965 1809128990
1809128990 1809169687
1809169687 1809169688
1809169712 1813309817
1813309817 1809169726
1809169726 1809169725
1809169725 1809129015
1809185705 1809128983
1809185699 1809185703
1809185703 1809185707
1809185707 1809185705
1813309818 1813309817
1816672565 1816672564
1701781927 1825447934
1825447934 1825447932
1825447932 1825447930
1825447930 1825447928
1825447930 1825447274
1825447274 1825447275
1825447275 1825447936
1825447936 1825447938
1701781956 1701781979
1701781979 1809169725
1809169725 1809169703
1809169703 1809169702
1809169702 1701781965
1701781965 1701781947
1701781927 1701781980
1701781980 1816672565
1816672565 1701781983
1701781983 1701085437
1701085437 1701085372
1701085372 1701085399
1701085399 1701085389
1701085389 1701085385
1701085385 1701085376
1701085376 1809185705
