1068915082 947.9887068750188 333.7905740832971 29.6164981 106.5102234 50
1068915088 972.0184583143413 834.249200897762 29.621013 106.5104715 50
1068915089 948.8410317952895 242.143097361192 29.6156713 106.5102322 50
1068915090 691.8360118528525 1281.413068631282 29.6250471 106.5075787 50
1068915093 688.988471778452 931.3059626507192 29.6218886 106.5075493 50
1068915096 677.9566753698681 330.5317015433744 29.6164687 106.5074354 50
1068915099 394.636123519158 515.7664600705026 29.6181398 106.5045102 50
1068915101 684.1069745089312 793.2140099416482 29.6206428 106.5074989 50
1068915106 947.7756256458753 585.1117206374061 29.6187654 106.5102212 50
1068915109 654.0334645445014 966.4330615533697 29.6222055 106.5071884 50
1068915111 1031.903969461587 970.7893095406395 29.6222448 106.5110898 50
1068915113 946.3518556074429 730.3532406517666 29.6200757 106.5102065 50
1068915121 947.7756256458753 400.1540771225261 29.6170968 106.5102212 50
1068915124 0 891.3681471419525 29.6215283 106.5004357 50
1068915127 715.3524312391953 971.8756003863402 29.6222546 106.5078215 50
1068915131 739.1109883854244 517.1076967272744 29.6181519 106.5080668 50
1068915135 958.7105669482867 797.8030345381067 29.6206842 106.5103341 50
1068915141 691.1483406104874 1030.136260479527 29.6227802 106.5075716 50
1068915151 1082.28799485387 1088.286074567533 29.6233048 106.51161 50
1068915154 681.7146534260248 217.1694924926828 29.615446 106.5074742 50
1068915156 687.3806770440831 840.3013927571149 29.6210676 106.5075327 50
1068915161 363.5843769975422 932.7580453126724 29.6219017 106.5041896 50
1068915164 688.7269629956061 969.658680291879 29.6222346 106.5075466 50
1068915174 945.8772655966857 686.5025611757505 29.6196801 106.5102016 50
1068915176 677.8113927112255 518.2050721746215 29.6181618 106.5074339 50
1068915179 828.4695078518926 971.3324549634899 29.6222497 106.5089894 50
1068915184 947.7756256458753 518.2050721746215 29.6181618 106.5102212 50
1068915187 952.5312112784808 767.8856978585329 29.6204143 106.5102703 50
1068928014 680.2618268568497 688.8746656770427 29.6197015 106.5074592 50
1068928022 2051.8657045353 735.5740874750795 29.6201228 106.5216206 50
1068928036 1801.446831701692 680.8604995342996 29.6196292 106.5190351 50
1068928046 61.44487833160917 898.3625300411164 29.6215914 106.5010701 50
1068928052 985.6750280579346 687.810544031109 29.6196919 106.5106125 50
1068928120 1855.327326367286 683.4653806454855 29.6196527 106.5195914 50
1068928135 1441.746344397222 685.2056629199233 29.6196684 106.5153213 50
1068928203 1890.233906049999 689.5508263062517 29.6197076 106.5199518 50
1996241662 1866.087928484008 685.3386781255767 29.6196696 106.5197025 50
1996241678 1648.367338948608 682.7116278132136 29.6196459 106.5174546 50
1996241707 1641.790877350026 972.0307847931712 29.622256 106.5173867 50
1996241725 1871.444015766751 1232.541065140433 29.6246062 106.5197578 50
1996241786 1865.206547032995 521.2755065055948 29.6181895 106.5196934 50
2156031533 1363.390564811059 281.0278758249662 29.6160221 106.5145123 50
2156031538 1370.238220702735 685.6157931378251 29.6196721 106.514583 50
2156031545 1372.136580751925 1106.110112130752 29.6234656 106.5146026 50
3115527486 1361.298494551989 0 29.6134868 106.5144907 50
3115527513 1361.017614748648 190.5664513549174 29.615206 106.5144878 50
3115527526 827.6752959931074 332.34957602158 29.6164851 106.5089812 50
3115527744 827.6171829303897 517.5732499470619 29.6181561 106.5089806 50
4140278886 677.4046012746659 421.8466402513455 29.6172925 106.5074297 50
4140278887 827.6462394623646 422.9218464968102 29.6173022 106.5089809 50
5185662815 426.0946614773334 686.8683529912979 29.6196834 106.504835 50
5185662817 2107.557389656622 757.4218350100247 29.6203199 106.5221956 50
5185662856 343.5934834164851 680.3173541114493 29.6196243 106.5039832 50
5185662867 383.139422606368 331.8064305987296 29.6164802 106.5043915 50
5185662880 680.5233356396955 704.8919133622927 29.619846 106.5074619 50
5185662883 946.0322337643437 701.1231492016379 29.619812 106.5102032 50
5185662915 1648.047717105509 696.8223242169588 29.6197732 106.5174513 50
5185662920 1866.494719923033 699.2831055229601 29.6197954 106.5197067 50
5185662921 1801.195008431559 694.6940809257967 29.619754 106.5190325 50
5185662931 1853.787330205882 697.2324544348608 29.6197769 106.5195755 50
5185662934 2050.926210020336 744.5304446583389 29.6202036 106.5216109 50
5185662935 1370.306019276933 699.9592661514641 29.6198015 106.5145837 50
5185662936 985.481317848054 701.6441254240162 29.6198167 106.5106105 50
5185662937 1887.115171682505 703.0407850833788 29.6198293 106.5199196 50
5185662942 342.5571337978138 697.5539078487586 29.6197798 106.5039725 50
5185662943 1441.872256032905 699.0281597111841 29.6197931 106.5153226 50
5185662948 425.1454814533547 705.8230198025726 29.6198544 106.5048252 50
5580070298 949.2090811933232 1380.997119293067 29.6259455 106.510236 50
5580070299 947.8240531983455 1277.367189458379 29.6250106 106.5102217 50
5580070300 959.475722276329 1203.022774077115 29.6243399 106.510342 50
5580070301 980.735417725696 1165.512486072231 29.6240015 106.5105615 50
5580070302 1023.923108847532 1120.497923546041 29.6235954 106.5110074 50
5580070303 1163.094208586889 1082.300390311712 29.6232508 106.5124443 50
5580070304 1278.274298926681 1080.249739224318 29.6232323 106.5136335 50
5580070305 1333.801330368866 1091.844231320176 29.6233369 106.5142068 50
5580070306 1414.704399206826 1135.495387987712 29.6237307 106.5150421 50
5580070307 1453.775748384719 1184.611252689396 29.6241738 106.5154455 50
5580070308 1473.660101349356 1252.127554178562 29.6247829 106.5156508 50
5580070309 1475.035443834086 1319.654940267965 29.6253921 106.515665 50
5580070310 1475.035443834086 1355.801822415605 29.6257182 106.515665 50
5580070311 1475.732800586699 1367.895121532664 29.6258273 106.5156722 50
5580070312 1399.527204321092 1125.020440539673 29.6236362 106.5148854 50
5580070430 1161.176477515972 700.6354267806732 29.6198076 106.5124245 50
5580070431 1169.012055473849 1082.189544307236 29.6232498 106.5125054 50
5580070432 1371.371425426347 936.7041630813351 29.6219373 106.5145947 50
5580070433 1018.499222991825 940.2290660332701 29.6219691 106.5109514 50
5580070434 1263.562008545154 700.0479429554682 29.6198023 106.5134816 50
5580070435 1263.562008545154 937.7793693275049 29.621947 106.5134816 50
5580070436 1162.852070825771 782.3621860771204 29.6205449 106.5124418 50
5580070437 1263.562008545154 781.564094843199 29.6205377 106.5134816 50
5580070438 1163.346031858255 806.6374611159486 29.6207639 106.5124469 50
5580070439 963.6308062624944 811.2929933152336 29.6208059 106.5103849 50
5580070440 1166.067660295741 938.9099985762654 29.6219572 106.512475 50
6286209037 2123.063891895703 766.9656760184889 29.620406 106.5223557 50
6286209038 2131.04475251099 782.0518172641639 29.6205421 106.5224381 50
6286209039 2141.999064836361 819.6507820730518 29.6208813 106.5225512 50
6898381815 955.4368644155991 333.8127432837693 29.6164983 106.5103003 50
6898381835 978.9339127814467 831.5002199799815 29.6209882 106.5105429 50
6898381839 955.2237831852234 585.1782282402328 29.618766 106.5102981 50
6898381907 694.8869476473812 970.1796565142572 29.6222393 106.5076102 50
6898381914 706.5289312151172 1370.10095702689 29.6258472 106.5077304 50
6898381927 685.8891084326854 517.9944647651998 29.6181599 106.5075173 50
6898381946 697.2695832188077 1030.01432987411 29.6227791 106.5076348 50
6898381947 693.5019196511712 840.0353623451026 29.6210652 106.5075959 50
6898381980 1035.574777925516 979.3577057071741 29.6223221 106.5111277 50
6898381987 700.5820277937178 1354.804208371793 29.6257092 106.507669 50
6898381988 953.7903276390077 729.7103338246761 29.6200699 106.5102833 50
6898382013 1025.327507863005 937.2694777060678 29.6219424 106.5110219 50
6898382092 685.0948965751325 330.6425475485557 29.6164697 106.5075091 50
6898382101 688.1748888991717 688.7970734739797 29.6197008 106.5075409 50
6898382137 676.2326545075996 1382.294017548189 29.6259572 106.5074176 50
6898382139 955.2237831852234 400.1651617234673 29.6170969 106.5102981 50
6898382152 970.6334303205958 808.7657044071107 29.6207831 106.5104572 50
6898382156 953.3254231360338 686.6023225799909 29.619681 106.5102785 50
6898382160 687.6712423564396 704.7921519580525 29.6198451 106.5075357 50
6898382161 1038.74193984548 967.8518904146147 29.6222183 106.5111604 50
6898382196 715.100607966597 978.260330259827 29.6223122 106.5078189 50
6898382199 28.84345013711015 899.8811203058964 29.6216051 106.5007335 50
6898382202 959.8534571846103 766.544461201056 29.6204022 106.5103459 50
6898382350 689.7439415937823 1368.427182355279 29.6258321 106.5075571 50
6898382352 1089.852378519886 1087.72075994421 29.6232997 106.5116881 50
6898382356 955.2237831852234 518.2050721746215 29.6181618 106.5102981 50
6898382388 695.1871984699851 977.6839310355633 29.622307 106.5076133 50
6898382497 706.8388675479687 978.1938226570003 29.6223116 106.5077336 50
6898382515 1026.751277901438 940.5172656450494 29.6219717 106.5110366 50
6898382520 689.0078427989471 976.6198093903347 29.6222974 106.5075495 50
6898382613 362.8482782039392 939.0984367845097 29.6219589 106.504182 50
6898382659 688.8238181005464 217.8123993204785 29.6154518 106.5075476 50
6898382686 953.4803913036917 701.0455569978701 29.6198113 106.5102801 50
6898382690 956.7928358810663 243.7614490302121 29.6156859 106.5103143 50
6898382691 688.0780337954636 717.6946269099744 29.6199615 106.5075399 50
6898382693 686.9932566243219 671.194727920418 29.619542 106.5075287 50
6898382695 695.1193998957876 931.2727088493058 29.6218883 106.5076126 50
6898382704 724.5536661715548 1382.294017548189 29.6259572 106.5079165 50
6898382707 690.2282171160193 792.8814719275142 29.6206398 106.5075621 50
6898382777 697.0661874974473 970.3570101222654 29.6222409 106.5076327 50
6898382983 828.4888788723877 977.7171848369767 29.6223073 106.5089896 50
6898383034 685.8794229224378 421.9242324544084 29.6172932 106.5075172 50
6898383035 1042.422433817192 976.4535403825627 29.6222959 106.5111984 50
6898383036 694.4220431444072 1353.950694135986 29.6257015 106.5076054 50
6898383039 697.9669399714203 1281.302222626805 29.6250461 106.507642 50
6898383047 653.3651643226315 972.773453025207 29.6222627 106.5071815 50
6898383162 965.8972157072533 795.7856372521258 29.620666 106.5104083 50
6898383166 675.7193224533876 975.5778569455783 29.622288 106.5074123 50
6898453762 534.3689828627324 952.5551417602233 29.6220803 106.5059529 50
6898453802 687.0416841767922 835.435253148408 29.6210237 106.5075292 50
6898453826 535.4343890121465 931.6385006655581 29.6218916 106.5059639 50
6898453827 539.5894729995441 737.2811159481038 29.6201382 106.5060068 50
6898453891 538.0301058164132 705.4128895846708 29.6198507 106.5059907 50
6898454059 541.6137446844168 840.1240391491066 29.621066 106.5060277 50
6898454060 460.6138207427494 842.7289202602925 29.6210895 106.5051914 50
7678805721 681.5596852583669 330.5982091462012 29.6164693 106.5074726 50
7678805724 392.6602793855233 686.702083984231 29.6196819 106.5044898 50
7678805725 393.7353710464172 704.6369675519268 29.6198437 106.5045009 50
7678805726 394.9751163839845 936.3937942683784 29.6219345 106.5045137 50
7678805727 395.0138584262071 942.8228625442199 29.6219925 106.5045141 50
7678805731 368.6595844769435 939.7745974130136 29.621965 106.504242 50
7678805732 368.28184956743 933.3011907362278 29.6219066 106.5042381 50
7678805733 365.6958182758754 701.1231492016379 29.619812 106.5042114 50
7678805734 365.3180833688263 683.4653806454855 29.6196527 106.5042075 50
7678805738 61.72575813495018 904.8137675174299 29.6216496 106.501073 50
7678805739 29.3664677015696 893.0640910140355 29.6215436 106.5007389 50
7678805747 971.4857552408664 811.1045551069894 29.6208042 106.510466 50
7681007475 1351.399902867017 16.02833228619107 29.6136314 106.5143885 50
7691603134 1364.20414769034 1103.161608404492 29.623439 106.5145207 50
7691603135 1353.433860062137 189.3360607019167 29.6151949 106.5144095 50
7691603136 1359.283908376132 685.682300740652 29.6196727 106.5144699 50
7691603137 1359.448562054037 699.9703507517003 29.6198016 106.5144716 50
7691603138 1362.237989066953 936.7928398853392 29.6219381 106.5145004 50
7691603139 1361.279123530262 16.0837552880767 29.6136319 106.5144905 50
7691603158 1361.288809041742 8.091758346510971 29.6135598 106.5144906 50
7797207196 2126.085771158257 751.8906193737553 29.62027 106.5223869 50
7797207200 2141.853782180183 745.4393818974415 29.6202118 106.5225497 50
7797207201 2154.33840515671 737.6690769655335 29.6201417 106.5226786 50
7797207202 2164.643788281938 725.4649318425877 29.6200316 106.522785 50
7823451614 1644.444707215779 1341.225572791367 29.6255867 106.5174141 50
7823451643 1869.613454290527 1383.369223795064 29.6259669 106.5197389 50
