1068915151 6898381980
6898381980 1068915111
1068915111 5580070433
5580070433 1068915088
1068915088 5580070439
5580070439 1068915135
1068915135 1068915187
1068915187 1068915113
1068915113 5185662883
5185662883 1068915174
1068915174 1068915106
1068915106 1068915184
1068915184 1068915121
1068915121 1068915082
1068915082 1068915089
1068915082 3115527526
3115527526 6898382092
6898382092 7678805721
7678805721 1068915096
1068915096 5185662867
1068915099 1068915176
1068915176 6898381927
6898381927 1068915131
1068915131 3115527744
3115527744 1068915184
1068915184 6898382356
1068915124 7678805739
7678805739 1068928046
1068928046 1068915161
1068915161 7678805732
7678805732 7678805726
7678805726 6898453762
6898453762 1068915109
1068915109 1068915164
1068915164 6898381907
6898381907 6898382777
6898382777 1068915127
1068915127 1068915179
1068915179 1068915111
5185662856 7678805734
7678805734 7678805724
7678805724 5185662815
5185662815 1068928014
1068928014 6898382101
6898382101 1068915174
1068915174 6898382156
6898382156 1068928052
1068928052 7691603136
1996241786 1996241662
1996241662 5185662920
5185662920 1996241725
1996241725 7823451643
1996241678 5185662915
5185662915 1996241707
1996241707 7823451614
3115527744 4140278887
4140278887 3115527526
4140278886 6898383034
6898383034 4140278887
6286209039 6286209038
6286209038 6286209037
6286209037 5185662817
5185662817 5185662934
5185662934 5185662937
5185662937 5185662920
5185662920 5185662931
5185662931 5185662921
5185662921 5185662915
5185662915 5185662943
5185662943 5185662935
5580070298 5580070299
5580070299 5580070300
5580070300 5580070301
5580070301 5580070302
5580070302 1068915151
1068915151 6898382352
6898382352 5580070303
5580070303 5580070431
5580070431 5580070304
5580070304 5580070305
5580070305 7691603134
7691603134 2156031545
2156031545 5580070312
5580070312 5580070306
5580070306 5580070307
5580070307 5580070308
5580070308 5580070309
5580070309 5580070310
5580070310 5580070311
5580070430 5580070436
5580070436 5580070438
5580070438 5580070440
5580070440 5580070431
5580070432 7691603138
7691603138 5580070435
5580070435 5580070440
5580070440 6898382515
6898382515 5580070433
5580070434 5580070437
5580070437 5580070435
5580070436 5580070437
5580070438 7678805747
7678805747 5580070439
6898382137 6898382350
6898382350 6898383036
6898383036 1068915090
1068915090 1068915141
1068915141 6898382520
6898382520 1068915164
1068915164 1068915093
1068915093 1068915156
1068915156 6898453802
6898453802 1068915101
1068915101 5185662880
5185662880 1068928014
1068928014 1068915176
1068915176 4140278886
4140278886 1068915096
1068915096 1068915154
6898381980 6898382983
6898382983 6898382196
6898382196 6898382497
6898382497 6898382388
6898382388 6898382520
6898382520 6898383166
6898383166 6898383047
6898383047 7678805727
7678805727 7678805731
7678805731 6898382613
6898382613 7678805738
7678805738 6898382199
6898382199 1068915124
6898382690 6898381815
6898381815 6898382139
6898382139 6898382356
6898382356 6898381839
6898381839 6898382156
6898382156 6898382686
6898382686 6898381988
6898381988 6898382202
6898382202 6898383162
6898383162 6898382152
6898382152 7678805747
7678805747 6898381835
6898381835 6898382013
6898382013 6898382515
6898382515 6898382161
6898382161 6898383035
6898383035 6898382352
6898382659 6898382092
6898382092 6898383034
6898383034 6898381927
6898381927 6898382693
6898382693 6898382101
6898382101 6898382160
6898382160 6898382691
6898382691 6898382707
6898382707 6898381947
6898381947 6898382695
6898382695 6898381907
6898381907 6898382388
6898382388 6898381946
6898381946 6898383039
6898383039 6898381987
6898381987 6898381914
6898381914 6898382704
6898454060 6898454059
6898454059 6898453802
6898453762 6898453826
6898453826 6898454059
6898454059 6898453827
6898453827 6898453891
7691603134 7691603138
7691603138 7691603137
7691603137 7691603136
7691603136 7691603135
7691603135 7681007475
7691603136 2156031538
2156031538 1068928135
1068928135 1996241678
1996241678 1068928036
1068928036 1068928120
1068928120 1996241662
1996241662 1068928203
1068928203 1068928022
1068928022 7797207196
7797207196 7797207200
7797207200 7797207201
7797207201 7797207202
5185662935 7691603137
7691603137 5580070434
5580070434 5580070430
5580070430 5185662936
5185662936 6898382686
6898382686 5185662883
5185662883 6898382160
6898382160 5185662880
5185662880 6898453891
6898453891 5185662948
5185662948 7678805725
7678805725 7678805733
7678805733 5185662942
3115527486 7691603158
7691603158 7691603139
7691603139 3115527513
3115527513 2156031533
2156031533 2156031538
2156031538 5185662935
5185662935 5580070432
5580070432 2156031545
