30595586 1251.649760375661 1478.825567439663 19.4222792 -99.1202931 50
30627922 1113.743326272988 448.3013790509781 19.4129698 -99.1216062 50
30627925 1124.886325785339 532.3205273300156 19.4137288 -99.12150010000001 50
30627926 1170.781620660709 875.9909459682431 19.4168334 -99.1210631 50
30628130 427.529900195493 499.2884932765121 19.4134304 -99.1281401 50
270484715 1108.796716687267 346.958124440556 19.4120543 -99.12165330000001 50
270486922 1095.343198898911 527.2395274539132 19.4136829 -99.1217814 50
270486923 1087.161863724645 452.6960565036841 19.4130095 -99.1218593 50
270486924 1086.164139923036 392.166846649973 19.4124627 -99.1218688 50
270486925 1086.269163480185 320.069783048109 19.4118114 -99.1218678 50
270491433 1719.330166820584 562.5297836742993 19.4140017 -99.11584000000001 50
270499543 461.7255707020105 501.2699725310646 19.4134483 -99.1278145 50
270979377 1225.267842588708 1467.113807376155 19.4221734 -99.12054430000001 50
270979378 1249.790843397672 1462.021737783785 19.4221274 -99.1203108 50
274184150 1140.650361849699 877.2196845000318 19.4168445 -99.12135000000001 50
274184151 713.7506030051222 918.011589824206 19.417213 -99.1254148 50
274184152 484.8307534767566 939.8521404897065 19.4174103 -99.1275945 50
274184153 360.5563772126674 950.5454866343881 19.4175069 -99.12877779999999 50
274184154 234.9587041159289 964.1501682201929 19.4176298 -99.12997369999999 50
274184155 0 985.1162112822226 19.4178192 -99.1322109 50
274187404 122.3839522206929 975.2309544427003 19.4177299 -99.13104559999999 50
274192897 618.7147853062473 1061.818276950811 19.4185121 -99.1263197 50
274192898 592.4063840083646 930.0997202485675 19.4173222 -99.1265702 50
274192899 507.0852454333773 503.5503341315393 19.4134689 -99.1273826 50
274192923 505.7409438895654 1079.098104416066 19.4186682 -99.1273954 50
274192975 1156.099327242609 983.3671960742248 19.4178034 -99.1212029 50
274192977 1185.274871675671 983.2011503263337 19.4178019 -99.12092509999999 50
274193030 1760.11081442093 980.5001394988774 19.4177775 -99.11545169999999 50
274193186 631.2966075626422 1137.313743519795 19.4191941 -99.1261999 50
274193287 659.0543339601506 1135.0776607858 19.4191739 -99.12593560000001 50
274193288 682.4325779880295 1143.30246014958 19.4192482 -99.125713 50
274193289 829.8121370295373 1240.505640786737 19.4201263 -99.1243097 50
274193290 868.4503040431809 1248.398348655439 19.4201976 -99.1239418 50
274193292 1098.210342035427 1215.266687153764 19.4198983 -99.1217541 50
274193293 1145.838525619137 1218.919693600327 19.4199313 -99.1213006 50
274193294 1194.674480121429 1250.911174302116 19.4202203 -99.12083560000001 50
274193295 1195.493663875482 1256.678496601967 19.4202724 -99.1208278 50
274193327 1184.676237394171 1251.564287576005 19.4202262 -99.1209308 50
274193328 1114.888083056745 1227.199841546503 19.4200061 -99.1215953 50
274193329 994.9196726732162 1242.476050325022 19.4201441 -99.12273759999999 50
274193330 885.3590968926345 1255.87040729716 19.4202651 -99.12378080000001 50
274193342 976.3094981808308 1498.684638850963 19.4224586 -99.1229148 50
274193438 865.0370384070807 518.505521130544 19.413604 -99.1239743 50
274193439 900.8290669953714 899.4476752440622 19.4170453 -99.1236335 50
274193440 911.4049392929659 1019.310565568499 19.4181281 -99.12353280000001 50
274193441 939.2046751154721 1234.682969904843 19.4200737 -99.1232681 50
274193442 941.2841415646782 1248.553324686358 19.420199 -99.1232483 50
274193651 965.2295128046408 1420.632067768822 19.4217535 -99.12302029999999 50
274193657 860.2689688702508 1248.985043630312 19.4202029 -99.12401970000001 50
274193927 670.5649159245301 1336.136921680055 19.4209902 -99.125826 50
274193981 700.769691227282 1328.642723605799 19.4209225 -99.1255384 50
274193982 766.9975469464598 1294.559066484666 19.4206146 -99.1249078 50
274193983 779.3798244441359 1279.935970980035 19.4204825 -99.1247899 50
274193984 783.5492596981296 1262.634004081892 19.4203262 -99.12475019999999 50
274193985 779.1907820383266 1209.554713436662 19.4198467 -99.1247917 50
274194057 740.8571833418875 1043.730360180045 19.4183487 -99.12515670000001 50
274194058 636.043672386973 508.6202642910217 19.4135147 -99.1261547 50
274194078 459.4360571358322 779.8615278319558 19.415965 -99.1278363 50
274194117 561.1093637051068 772.5333755052385 19.4158988 -99.1268682 50
274194119 684.4595326579926 760.8437548749706 19.4157932 -99.1256937 50
274194120 886.6298819460405 741.6931453199543 19.4156202 -99.1237687 50
274194121 1121.031961202795 718.5242286734375 19.4154109 -99.1215368 50
274194327 752.7983618944567 636.2651653190172 19.4146678 -99.12504300000001 50
274194328 874.499660987662 633.2209932798629 19.4146403 -99.12388420000001 50
274194329 1108.691693130117 626.6455816755573 19.4145809 -99.1216543 50
274194473 759.8454426418832 753.7037877286803 19.4157287 -99.1249759 50
274194474 790.3442839062585 910.4399037343142 19.4171446 -99.1246855 50
274194475 806.5809259838061 1034.321101150252 19.4182637 -99.1245309 50
274194479 813.7960444232071 1033.291617515157 19.4182544 -99.1244622 50
274194528 844.1058432804367 1189.695642025361 19.4196673 -99.12417360000001 50
274194595 837.9304580689791 1154.482873820259 19.4193492 -99.1242324 50
274194697 927.9671544015532 1140.523961306488 19.4192231 -99.1233751 50
274194698 1173.291683700777 1102.521624542378 19.4188798 -99.1210392 50
274194796 1030.680194194763 1492.596294772655 19.4224036 -99.1223971 50
274195080 992.8612109351727 1226.94523806706 19.4200038 -99.1227572 50
274195081 981.6762019991606 1132.199534494185 19.4191479 -99.1228637 50
274195082 967.0149132935599 1011.318230250922 19.4180559 -99.12300329999999 50
274195084 955.7353831559792 893.9792352901342 19.4169959 -99.1231107 50
274195085 938.1754442457825 736.6785637428676 19.4155749 -99.12327790000001 50
274195086 926.6543599258216 631.5494660875007 19.4146252 -99.1233876 50
274195144 946.7033571609149 894.8869520434648 19.4170041 -99.12319669999999 50
274195145 929.5425077735 737.5198621975347 19.4155825 -99.1233601 50
274195146 918.0109210966215 632.3796948255479 19.4146327 -99.1234699 50
274195147 905.9332119188222 520.1327694571306 19.4136187 -99.1235849 50
274195174 864.5014182590687 1026.029883487456 19.4181888 -99.1239794 50
274195233 820.3495144462835 516.3247869789448 19.4135843 -99.12439980000001 50
274195234 835.9455128200054 246.4450985681831 19.4111463 -99.1242513 50
274195235 839.6108349980759 0 19.40892 -99.12421639999999 50
274195236 856.0890312580036 903.8977012791643 19.4170855 -99.1240595 50
274195237 842.005372121404 745.9217770254737 19.4156584 -99.1241936 50
274195238 830.2847430400524 634.0401523012902 19.4146477 -99.12430519999999 50
274195344 1087.686981517075 256.9945383982131 19.4112416 -99.1218543 50
274195425 828.8144132279278 383.2889340126569 19.4123825 -99.1243192 50
274195644 838.9701912915779 133.168689564319 19.410123 -99.1242225 50
274195949 1041.749677215371 524.0735885329956 19.4136543 -99.12229170000001 50
274196151 1164.175638859725 1476.700181870812 19.42226 -99.121126 50
274196152 1129.496859984439 1228.306813197584 19.4200161 -99.1214562 50
274196153 1127.984520747317 1214.879247075938 19.4198948 -99.12147059999999 50
274196154 1114.499495892218 1111.609861793361 19.4189619 -99.121599 50
274196155 1097.905773716886 991.9683657988585 19.4178811 -99.121757 50
274196156 1085.302946747993 881.6807802517537 19.4168848 -99.121877 50
274196157 1067.53296072216 723.8598320289823 19.4154591 -99.1220462 50
274196158 1055.413242119363 626.7230696911929 19.4145816 -99.1221616 50
274196207 1207.833931948161 1340.985457509603 19.421034 -99.1207103 50
274196325 1146.804742352666 1348.557143599495 19.4211024 -99.1212914 50
274196326 1099.880216608942 1354.379814481389 19.421155 -99.1217382 50
274196403 1117.545179074953 1481.947227494453 19.4223074 -99.12157000000001 50
274196681 997.6397828275839 522.3024338917578 19.4136383 -99.1227117 50
274196682 1008.919312962492 628.2285511360161 19.4145952 -99.12260430000001 50
274196683 1020.261857234897 728.5755312604988 19.4155017 -99.12249629999999 50
274196684 1039.271121246056 885.8651330911454 19.4169226 -99.1223153 50
274196685 1051.338328068274 998.8537294657065 19.4179433 -99.1222004 50
274196686 1067.385927740012 1118.91587468719 19.4190279 -99.1220476 50
274196687 1081.238535051149 1216.71682001584 19.4199114 -99.1219157 50
274196688 1083.191973230706 1230.520756498691 19.4200361 -99.1218971 50
274196942 1038.483444558746 1236.409845679601 19.4200893 -99.12232280000001 50
274196943 1038.378421001597 1221.100427752278 19.419951 -99.1223238 50
274196945 1009.160867146209 1005.085979858666 19.4179996 -99.122602 50
274196946 997.0201438335848 889.8723704663781 19.4169588 -99.1227176 50
274196947 978.882575354387 732.7045355171427 19.415539 -99.12289029999999 50
274196948 967.4980216596563 630.154681808173 19.4146126 -99.1229987 50
274196949 958.5395121563342 521.5054143035705 19.4136311 -99.12308400000001 50
274197147 644.1829981375777 508.9412860694798 19.4135176 -99.1260772 50
274197222 803.0626367878833 749.6190623381641 19.4156918 -99.1245644 50
274197236 786.6159475960359 634.8482416064495 19.414655 -99.12472099999999 50
274197237 771.2930104727745 513.9337282136787 19.4135627 -99.1248669 50
274202452 1686.489300212123 305.557384708974 19.4116803 -99.1161527 50
274202455 1110.634628954092 286.7831455151641 19.4115107 -99.12163580000001 50
274202581 1204.861765257167 305.590593858482 19.4116806 -99.1207386 50
274203914 1625.775181292087 1351.789500819428 19.4211316 -99.1167308 50
274203916 1575.731455869878 981.7288780313703 19.4177886 -99.1172073 50
274203917 1560.713087066493 873.422771738818 19.4168102 -99.1173503 50
274203918 1517.936991864264 556.6406944930377 19.4139485 -99.1177576 50
274203919 1482.90113289253 306.487240895545 19.4116887 -99.11809119999999 50
274205625 1729.097357721042 561.7881126681556 19.413995 -99.115747 50
274205626 1695.689363899162 305.435617827211 19.4116792 -99.1160651 50
274205628 1823.849611813875 1281.574289023242 19.4204973 -99.1148448 50
274205983 1111.075727897864 405.45050645732 19.4125827 -99.1216316 50
274206103 1499.053756124091 428.1544950103751 19.4127878 -99.1179374 50
274206104 1703.041012963793 438.7260742736451 19.4128833 -99.11599510000001 50
274206105 1713.049758049304 439.2463509491499 19.412888 -99.11589979999999 50
274206299 1151.362764775196 736.8446094904066 19.4155764 -99.12124799999999 50
274206342 1545.001562778704 756.3162408242331 19.4157523 -99.1174999 50
274206344 1757.443216044469 765.2716414775368 19.4158332 -99.11547710000001 50
274206651 1420.958238341414 750.6928248393858 19.4157015 -99.118681 50
274206680 1398.168126240789 551.5596946169353 19.4139026 -99.118898 50
274206896 1201.311968990492 1101.558559206299 19.4188711 -99.12077240000001 50
274207346 1802.655857795025 1287.452308487883 19.4205504 -99.1150466 50
274207347 1775.937864622787 1097.949831625513 19.4188385 -99.115301 50
274207348 1743.968693543615 872.6257521506308 19.416803 -99.11560540000001 50
274207349 1729.769508492948 765.227362611409 19.4158328 -99.1157406 50
274207389 1802.298777698577 1087.455740377878 19.4187437 -99.11505 50
274207497 1774.036938221137 1083.38208470363 19.4187069 -99.11531909999999 50
274207514 1753.672870309249 940.7930663928971 19.4174188 -99.11551300000001 50
274207554 1780.516891753808 938.4684259266467 19.4173978 -99.1152574 50
274207555 2066.254486196004 915.3105789963977 19.4171886 -99.11253670000001 50
274307126 1228.996178901603 1299.728624092672 19.4206613 -99.1205088 50
274307681 1790.483627414321 1205.669242943192 19.4198116 -99.1151625 50
274307722 1672.10107275832 1325.332878370582 19.4208926 -99.1162897 50
274307807 1623.884757247355 981.263949937909 19.4177844 -99.1167488 50
274307808 1608.603829547755 874.1865821778496 19.4168171 -99.1168943 50
274307809 1593.879526705993 757.7885131195485 19.4157656 -99.1170345 50
274307829 1715.45479752955 1313.067632482414 19.4207818 -99.1158769 50
274307874 1699.648752038856 1208.204208023109 19.4198345 -99.11602739999999 50
274307887 1669.076394284075 980.0130719728803 19.4177731 -99.11631850000001 50
274307889 1652.598198024147 873.0906802437399 19.4168072 -99.1164754 50
274307891 1637.527317440183 759.8917592555122 19.4157846 -99.11661890000001 50
274307910 1758.230892731779 1300.182482469513 19.4206654 -99.1154696 50
274307957 1712.535142613791 980.3673029011984 19.4177763 -99.1159047 50
274307958 1698.51449761068 872.6921704496464 19.4168036 -99.11603820000001 50
274307959 1683.653664143688 762.2828180207782 19.4158062 -99.1161797 50
274308013 1213.589222931018 983.2011503263337 19.4178019 -99.1206555 50
274308063 1220.762331946758 874.9836017656849 19.4168243 -99.1205872 50
274308064 1206.279583288713 739.6673871992741 19.4156019 -99.1207251 50
274308145 1232.167890353987 983.1900806100658 19.4178018 -99.1204786 50
274308283 1282.295634622184 983.1900806100658 19.4178018 -99.1200013 50
274308284 1277.012949649841 874.0980244459462 19.4168163 -99.1200516 50
274308285 1264.609667442338 742.6672803723006 19.415629 -99.12016970000001 50
274308324 1247.049728533478 874.7179285699744 19.4168219 -99.1203369 50
274308416 1235.329099453462 741.1617989278294 19.4156154 -99.12044849999999 50
274308446 1332.234336481899 1100.894376216143 19.4188651 -99.11952580000001 50
274308482 1321.668966541222 983.1790108934458 19.4178017 -99.1196264 50
274308484 1308.320472311352 873.4559808883258 19.4168105 -99.1197535 50
274308486 1294.205306106673 744.1838315337437 19.4156427 -99.11988789999999 50
274308834 1348.155907889333 983.1790108934458 19.4178017 -99.1193742 50
274308835 1338.67228059358 873.3452837231824 19.4168095 -99.11946450000001 50
274308836 1327.770835264946 745.9107073088537 19.4156583 -99.1195683 50
274309287 1398.609225185897 983.1679411771779 19.4178016 -99.1188938 50
274309288 1375.630070678127 934.8375589129719 19.417365 -99.11911259999999 50
274309289 1364.812644198152 873.9983969970707 19.4168154 -99.1192156 50
274309290 1353.134024540462 747.216933856278 19.4156701 -99.1193268 50
274309342 1404.080952558704 1026.849042508883 19.4181962 -99.1188417 50
274309532 1581.255695025937 1023.306733227112 19.4181642 -99.1171547 50
274309658 1422.712131762252 1026.516951013805 19.4181932 -99.11866430000001 50
274309764 1452.654348166117 1025.97453490506 19.4181883 -99.11837920000001 50
274309768 1495.472452793344 1100.019868611968 19.4188572 -99.1179715 50
274309833 1485.243158236615 1025.387839929836 19.418183 -99.1180689 50
274309946 1515.174872287571 1024.856493537711 19.4181782 -99.11778390000001 50
274309966 1557.11077902592 1100.506936138318 19.4188616 -99.11738459999999 50
274310103 1546.713446775881 1024.967190703206 19.4181792 -99.1174836 50
274310234 1344.795154028467 937.0293627808391 19.4173848 -99.1194062 50
274310247 1424.276982777281 983.1679411771779 19.4178016 -99.1186494 50
274310420 1392.37082583427 873.931978698055 19.4168148 -99.11895320000001 50
274310609 1378.896303334752 748.5342301206745 19.415682 -99.11908149999999 50
274310691 1452.559826965884 983.156871460558 19.4178015 -99.1183801 50
274310813 1439.5474081213 929.490885840455 19.4173167 -99.118504 50
274310816 1402.358566208618 749.7408292199274 19.4156929 -99.1188581 50
274311152 1481.084225336867 983.156871460558 19.4178015 -99.11810850000001 50
274311317 1447.172118435055 874.0758850123541 19.4168161 -99.11843140000001 50
274311318 1431.954204871616 751.2684500976385 19.4157067 -99.1185763 50
274311772 1303.741445178996 831.6124524961698 19.4164325 -99.1197971 50
274312111 1334.922939569522 829.6420429585894 19.4164147 -99.1195002 50
274312112 1361.042298461596 826.9299624145132 19.4163902 -99.1192515 50
274312113 1386.373980669032 824.0296966900102 19.416364 -99.1190103 50
274312114 1411.98922648251 821.3840344449495 19.4163401 -99.1187664 50
274312120 1504.693521192881 982.1827364082117 19.4177927 -99.11788369999999 50
274312243 1475.213408442614 873.5113294707214 19.416811 -99.1181644 50
274312678 1532.640289993526 667.703160195794 19.4149518 -99.1176176 50
274312804 1440.618648413315 668.1459488560154 19.4149558 -99.1184938 50
274312805 1452.150235088857 752.2979337323804 19.415716 -99.11838400000001 50
274312855 1533.963586826176 981.1532527731177 19.4177834 -99.117605 50
274312992 1503.22319137942 873.765932950516 19.4168133 -99.1178977 50
274312993 1481.693361975285 753.8144848938236 19.4157297 -99.11810269999999 50
274312994 1467.725228751417 668.0131122576321 19.4149546 -99.1182357 50
274313005 1557.751422728409 981.607111149607 19.4177875 -99.1173785 50
274313139 1512.223710305068 755.3863846376624 19.4157439 -99.117812 50
274313140 1498.791197229212 667.869205943333 19.4149533 -99.1179399 50
274313328 1111.012713763039 259.2527605654479 19.411262 -99.12163219999999 50
274313614 1459.764443049704 94.52430924294094 19.4097739 -99.1183115 50
274313762 1117.786733258669 488.2187767706247 19.4133304 -99.1215677 50
274313793 1149.367317170641 534.9440501418362 19.4137525 -99.121267 50
274313796 1160.405293123169 298.649881609238 19.4116179 -99.1211619 50
274313844 1171.915875087549 409.3470466670569 19.4126179 -99.1210523 50
274313846 1188.593616111539 538.054640479654 19.4137806 -99.12089349999999 50
274313874 1233.165614156933 540.8884879051415 19.4138062 -99.12046909999999 50
274313951 1216.330337797885 412.191963809164 19.4126436 -99.1206294 50
274315093 1302.974773204185 170.761446818068 19.4104626 -99.11980440000001 50
274315094 1321.542938272909 239.725780648874 19.4110856 -99.1196276 50
274315095 1340.142610405705 304.7382256871949 19.4116729 -99.1194505 50
274315096 1352.850460933084 420.9370398484491 19.4127226 -99.11932950000001 50
274315097 1368.47796637355 549.8660279913331 19.4138873 -99.1191807 50
274315329 1474.415229399723 228.4014606638959 19.4109833 -99.118172 50
274315444 1277.695602777329 543.722335330629 19.4138318 -99.1200451 50
274315507 1261.080875890834 415.0590203841591 19.4126695 -99.1202033 50
274315508 1249.559791570873 306.5425894779401 19.4116892 -99.120313 50
274315607 1322.771713901317 546.9989714163379 19.4138614 -99.1196159 50
274315648 1307.039184902365 418.0035649747899 19.4126961 -99.1197657 50
274315649 1295.2135322652 306.044452234971 19.4116847 -99.1198783 50
274315709 1414.016181153809 552.6223874015371 19.4139122 -99.11874709999999 50
274315828 1397.107388305692 423.770887274289 19.4127482 -99.1189081 50
274315829 1384.326021285234 305.4688269770711 19.4116795 -99.11902980000001 50
274315830 1377.457480588035 235.7296129906131 19.4110495 -99.1190952 50
274315831 1365.463790257559 138.692478100995 19.4101729 -99.1192094 50
274315866 1457.790000157648 554.8806095684199 19.4139326 -99.1183303 50
274315958 1442.729621930601 426.693292431328 19.4127746 -99.1184737 50
274315959 1433.5085535324 305.9780339363081 19.4116841 -99.1185615 50
274315960 1427.931802598434 232.962183864141 19.4110245 -99.1186146 50
274315962 1413.18649504551 116.420208491189 19.4099717 -99.11875499999999 50
274316342 1586.107783407418 559.2752870214783 19.4139723 -99.1171085 50
274316488 1568.106745556122 432.3831267155419 19.412826 -99.1172799 50
274316489 1550.998407943942 305.8784064874321 19.4116832 -99.11744280000001 50
274316490 1542.523006809389 222.501301766014 19.41093 -99.1175235 50
274316565 1631.110378042337 561.2789057089186 19.4139904 -99.11668 50
274316733 1613.14084725645 435.3387410224411 19.4128527 -99.11685110000001 50
274316734 1595.937988444037 305.7234304565129 19.4116818 -99.1170149 50
274316758 1675.598357241743 563.0057814840286 19.414006 -99.1162564 50
274316877 1658.300977226426 436.6117584210619 19.4128642 -99.1164211 50
274316878 1640.121399323566 306.0776613844789 19.411685 -99.11659419999999 50
274317395 1793.140723433864 305.2695720796721 19.4116777 -99.11513720000001 50
274318177 2027.059694323186 516.6458087574028 19.4135872 -99.11290990000001 50
274318646 1749.650468036067 707.9083705443913 19.415315 -99.11555130000001 50
274319409 1904.423685565868 811.5541261878228 19.4162513 -99.1140776 50
274319410 1855.073115626727 816.6904746466729 19.4162977 -99.1145475 50
274319411 1809.87097623309 821.295476713046 19.4163393 -99.1149779 50
274319412 1793.749860069609 706.8788869092973 19.4153057 -99.1151314 50
274319413 1781.735165026635 612.310298800581 19.4144514 -99.1152458 50
274319414 1835.171151372445 607.1407411922231 19.4144047 -99.11473700000001 50
274319415 1844.717792801686 701.7646778836872 19.4152595 -99.1146461 50
274319761 1892.797577686085 696.9382814870273 19.4152159 -99.1141883 50
274319763 1873.105660548775 531.1582070965383 19.4137183 -99.1143758 50
274320539 1816.203896784948 536.5602287518028 19.4137671 -99.1149176 50
274320542 1826.706252593473 535.5086056834689 19.4137576 -99.11481759999999 50
274321743 1970.241949406683 521.9039240976642 19.4136347 -99.1134509 50
274322054 1780.264835213174 548.0948733507995 19.4138713 -99.1152598 50
274322084 1765.351489968275 556.8067402405767 19.41395 -99.1154018 50
274323296 1924.294142753406 526.3539501331182 19.4136749 -99.11388839999999 50
912837890 1853.82333528582 870.5999940299505 19.4167847 -99.1145594 50
2312152810 2029.370212601863 533.4053595471531 19.4137386 -99.1128879 50
2312152811 1896.567923422641 536.8812505302609 19.41377 -99.11415239999999 50
2312152812 1971.145152006723 538.563847438891 19.4137852 -99.1134423 50
2312152814 1924.157612126839 543.3902438355509 19.4138288 -99.1138897 50
2312152815 1874.723023343048 547.8402698706529 19.413869 -99.1143604 50
2312152817 1781.640643825066 556.1646966833084 19.4139442 -99.1152467 50
2312202268 1727.690042043742 553.9728928150892 19.4139244 -99.1157604 50
2468527274 1086.542224733318 301.9154479783269 19.4116474 -99.1218652 50
2468527275 1109.909966405616 302.3139577727729 19.411651 -99.1216427 50
2468527542 1086.12213050071 397.3253345417111 19.4125093 -99.12186920000001 50
2468527543 1110.592619530431 397.258916242695 19.4125087 -99.1216362 50
2468527713 1135.231146254798 613.0298303734847 19.4144579 -99.1214016 50
2468527714 1107.36839630014 615.7751200667167 19.4144827 -99.12166689999999 50
2468528924 1147.970503848922 712.5023028944967 19.4153565 -99.1212803 50
2468528925 1124.109151454947 744.0731343686004 19.4156417 -99.12150750000001 50
2468532040 1155.038589307512 975.9947648813798 19.4177368 -99.121213 50
2468532043 1184.172124315576 975.0316995456534 19.4177281 -99.1209356 50
2468532606 1191.051167368356 1225.57259322062 19.4199914 -99.1208701 50
2468532607 1217.884686457333 1220.236989864723 19.4199432 -99.1206146 50
2973472917 1793.67634358054 1106.960580861212 19.4189199 -99.1151321 50
2973472918 1811.404320182711 1240.992708313438 19.4201307 -99.1149633 50
2973472919 1820.77242156306 1247.844862830074 19.4201926 -99.11487409999999 50
2973472920 1790.525636836646 1080.171866916936 19.4186779 -99.11516210000001 50
2973472922 1770.959747968986 939.2875849480738 19.4174052 -99.1153484 50
2973472923 1761.822698416771 872.9910527952165 19.4168063 -99.1154354 50
2973472924 1747.665522789766 766.3232645451666 19.4158427 -99.11557019999999 50
2973472926 1784.297739844609 1096.787511392739 19.418828 -99.1152214 50
2973472928 1761.266073558933 940.0513953871055 19.4174121 -99.11544069999999 50
2973472929 1754.313514015747 872.5371944183752 19.4168022 -99.1155069 50
2973472930 1739.410671125094 765.913685034453 19.415839 -99.1156488 50
2988931987 1739.337154633352 709.6463160357692 19.4153307 -99.1156495 50
2988933618 1830.92819962671 551.2829517042529 19.4139001 -99.11477739999999 50
3179076858 1592.335680402127 1101.160049412206 19.4188675 -99.1170492 50
3179081362 1618.507551074779 1300.868804892557 19.4206716 -99.1168 50
3179081365 1623.506672438408 1336.336176577102 19.420992 -99.1167524 50
3179081366 1623.947771382179 1339.745649260842 19.4210228 -99.1167482 50
3395874095 1727.847577380135 624.7747995857962 19.414564 -99.1157589 50
3395874117 1411.569132249902 668.2898551699624 19.4149571 -99.1187704 50
3395874203 1530.161734024211 873.5002597544536 19.4168109 -99.11764119999999 50
3395874206 1419.960514539804 873.8212815329117 19.4168138 -99.1186905 50
3395874214 1771.631898740891 873.0685408105001 19.416807 -99.115342 50
3395874217 1210.007919600271 875.7695516379563 19.4168314 -99.12068960000001 50
3395874245 1370.252864505552 906.7868972870474 19.4171116 -99.1191638 50
3395874250 1372.552880425975 920.059487377422 19.4172315 -99.1191419 50
3395874252 1429.73820779718 914.746023454765 19.4171835 -99.1185974 50
3395874259 1211.845831868433 930.9631581357704 19.41733 -99.12067209999999 50
3395874263 1374.065219661762 928.9595394483301 19.4173119 -99.1191275 50
3395874269 1545.757732397933 931.2952496308485 19.417333 -99.1174927 50
3395874272 1417.0303572698 932.1365480855156 19.4173406 -99.11871840000001 50
3395874276 1521.308248078039 935.9666699962372 19.4173752 -99.11772550000001 50
3395874286 1212.150400186974 940.2285108512644 19.4174137 -99.12066919999999 50
3395874290 1381.028281563201 952.4494778736571 19.4175241 -99.1190612 50
3395874305 1383.496335176935 961.1170658976586 19.4176024 -99.11903770000001 50
3395874355 1356.746834936617 983.1790108934458 19.4178017 -99.11929240000001 50
3395874357 1293.417629420699 983.1790108934458 19.4178017 -99.1198954 50
3395874373 1572.507232638251 1101.005073380935 19.4188661 -99.117238 50
3395874374 1269.913357124508 1101.226467711221 19.4188681 -99.1201192 50
3395874380 1640.257929948796 1099.743125699286 19.4188547 -99.1165929 50
3395874381 1685.229017515635 1098.935036394479 19.4188474 -99.1161647 50
3395874382 1730.105583879569 1098.702572347924 19.4188453 -99.1157374 50
3395874388 1025.471025715498 1125.413798276212 19.4190866 -99.1224467 50
3395874407 1735.755851303941 1146.41305048775 19.4192763 -99.1156836 50
3395874409 1648.575795748293 1148.671272654984 19.4192967 -99.1165137 50
3395874449 1212.57049441691 1182.190374234485 19.4195995 -99.1206652 50
3395874483 1743.685129937573 1208.115650291206 19.4198337 -99.1156081 50
3395874485 1656.620600297329 1208.170998873602 19.4198342 -99.1164371 50
3395874509 1219.817119925727 1234.029856630955 19.4200678 -99.12059619999999 50
3395874596 1236.52636801379 1356.959058427434 19.4211783 -99.1204371 50
3802460421 1388.747513081197 983.1679411771779 19.4178016 -99.11898770000001 50
3802740705 1462.757614453196 807.757213426609 19.416217 -99.11828300000001 50
3802740707 1436.627753206878 816.5797774815295 19.4162967 -99.1185318 50
3803090000 1601.672274714396 1173.10213698315 19.4195174 -99.1169603 50
3803090001 1605.93623117263 1208.979088178409 19.4198415 -99.1169197 50
3803090002 1611.029873739163 1248.21016347466 19.4201959 -99.11687120000001 50
3803090003 1527.021529637235 1100.407308689794 19.4188607 -99.1176711 50
3803090004 1463.870864168873 1100.185914359507 19.4188587 -99.1182724 50
3803090005 1433.245994636185 1100.351960107046 19.4188602 -99.11856400000001 50
3803090006 1410.613417871954 1100.47372698881 19.4188613 -99.1187795 50
3803090007 1366.755580022128 1100.706191035365 19.4188634 -99.11919709999999 50
3803090008 1293.711695383659 1101.09363111319 19.4188669 -99.1198926 50
3803090009 1240.653793845458 1101.38144374214 19.4188695 -99.12039780000001 50
3803135742 2060.184124539024 915.8972739716223 19.4171939 -99.1125945 50
3803152067 1765.708570064723 828.3911649932087 19.4164034 -99.1153984 50
4213178097 1783.688603206192 1092.713855718491 19.4187912 -99.11522720000001 50
4544058222 1461.213768152002 913.0966356956427 19.4171686 -99.1182977 50
4544058225 1437.394425179016 923.9560275875112 19.4172667 -99.11852450000001 50
4544058228 1403.009712268025 926.8784327449022 19.4172931 -99.1188519 50
4544058229 1178.574368670447 933.6309598137188 19.4173541 -99.1209889 50
4544058234 1212.696522687895 956.6006215631888 19.4175616 -99.120664 50
4544058235 1182.050648442708 959.3791204062807 19.4175867 -99.1209558 50
4544058241 1790.389106211416 1084.721520400914 19.418719 -99.1151634 50
4544058243 1788.87676697563 1088.108853652118 19.4187496 -99.1151778 50
4985432318 1867.665440241376 699.4621768503246 19.4152387 -99.1144276 50
4985432681 1944.868257778257 927.1108967918088 19.4172952 -99.1136925 50
4985432684 1902.43874031823 931.2288313318328 19.4173324 -99.1140965 50
4985432687 1853.655297595182 935.9666699962372 19.4173752 -99.11456099999999 50
5006140463 1091.257782490905 490.0452799942581 19.4133469 -99.1218203 50
5006140468 1067.522458367914 525.6012094107067 19.4136681 -99.12204629999999 50
5006140485 738.6201815549524 649.2167336305816 19.4147848 -99.12517800000001 50
5006140486 661.1968145455172 646.5821411024931 19.414761 -99.12591519999999 50
5006140550 670.6174277051093 1137.247325220779 19.4191935 -99.1258255 50
5006140551 647.8168132462316 1134.690220707974 19.4191704 -99.12604260000001 50
5006140552 774.1391488941189 1288.548210421993 19.4205603 -99.1248398 50
5006140553 782.4150052699538 1272.231448292112 19.4204129 -99.12476100000001 50
5006140557 867.3055472594237 1255.737570698424 19.4202639 -99.1239527 50
5006140558 885.086035642174 1245.487013214316 19.4201713 -99.12378339999999 50
5006140559 1114.152918148679 1214.713201328047 19.4198933 -99.12160230000001 50
5006140560 1172.14692691702 1231.406333818782 19.4200441 -99.12105010000001 50
5006140561 1155.20662699815 1222.417724016323 19.4199629 -99.12121140000001 50
5006140562 1176.127319769212 1247.247098138934 19.4201872 -99.1210122 50
5006140563 1156.83449214934 1237.782490526393 19.4201017 -99.1211959 50
5006140564 1146.510676391043 1233.609207403621 19.420064 -99.12129419999999 50
5006140565 1107.735978752169 1227.554072475173 19.4200093 -99.1216634 50
5006140566 847.3930806495606 1249.438902007153 19.420207 -99.1241423 50
5006140567 877.3878088340042 1247.081052391395 19.4201857 -99.1238567 50
5433262537 1172.188936339345 1094.839241287343 19.4188104 -99.1210497 50
5433262538 1200.167212209407 1093.366968992027 19.4187971 -99.1207833 50
5433268562 1157.380614651597 992.2118995623853 19.4178833 -99.1211907 50
5483019881 1728.183652768092 627.0773006191588 19.4145848 -99.11575569999999 50
5581589708 696.9993454920617 824.561043082487 19.4163688 -99.1255743 50
5581589709 771.6500905692221 812.6500281222845 19.4162612 -99.1248635 50
6135945999 1111.02321611862 244.1536672514401 19.4111256 -99.1216321 50
6135946000 1087.844516852132 242.891719569792 19.4111142 -99.1218528 50
6135990612 1248.562067769264 1448.350637899317 19.4220039 -99.1203225 50
6135990613 1223.146366715841 1453.420568058799 19.4220497 -99.1205645 50
6136068078 105.7482206216989 976.5814598562523 19.4177421 -99.131204 50
7364991485 905.9332119188222 534.8333529766928 19.4137515 -99.1235849 50
7364991486 916.7716431112958 533.9920545220257 19.4137439 -99.1234817 50
8078942672 1114.205429929258 879.3561397858554 19.4168638 -99.12160179999999 50
8078942674 1136.585950154192 844.4754630761829 19.4165487 -99.1213887 50
8078942679 784.2214104686993 1250.014527265406 19.4202122 -99.1247438 50
8078942680 875.2978400292168 1256.180359358998 19.4202679 -99.1238766 50
8079385909 30.79290722599785 983.7878453012063 19.4178072 -99.1319177 50
8079385913 1531.337997874713 971.301205082751 19.4176944 -99.11763000000001 50
8079385914 1504.8930659516 882.4445906911375 19.4168917 -99.11788180000001 50
8081778039 515.0250264225911 937.1179205127424 19.4173856 -99.127307 50
8082367378 866.0452645629352 528.7450088983843 19.4136965 -99.1239647 50
8088614561 1804.735324244231 1197.798674507378 19.4197405 -99.1150268 50
8088614563 1789.80097428817 1198.89457644184 19.4197504 -99.11516899999999 50
8088770836 1803.338510922512 402.384194985277 19.412555 -99.1150401 50
8088939419 1128.688178585967 532.7965251397447 19.4137331 -99.12146389999999 50
8098095337 843.5702231350972 1193.581112518831 19.4197024 -99.1241787 50
8098095338 840.4510234619562 1195.606870639159 19.4197207 -99.1242084 50
8186186073 1520.426050190497 573.5773607469469 19.4141015 -99.1177339 50
8186186077 1528.260807623897 631.5826752370085 19.4146255 -99.1176593 50
8186504371 1671.964542130417 761.286543535192 19.4157972 -99.116291 50
8186783493 1595.937988444037 559.5188207843008 19.4139745 -99.1170149 50
8201578785 1734.674108656344 676.3707482194433 19.4150301 -99.1156939 50
8336863460 828.5308496205498 1235.291804312604 19.4200792 -99.1243219 50
8336863461 825.3696405224109 1237.904257407804 19.4201028 -99.124352 50
8336863464 862.2644164721335 1228.694253275058 19.4200196 -99.1240007 50
8336863465 872.9033029045524 1226.779192319521 19.4200023 -99.1238994 50
8336863466 831.5450257365409 1234.284460110397 19.4200701 -99.1242932 50
8336863473 496.2783213076478 776.7509374937858 19.4159369 -99.12748550000001 50
8337047463 1081.669131639339 849.3682777718583 19.4165929 -99.1219116 50
8337047468 1028.327666492424 1473.822055578844 19.422234 -99.12241950000001 50
8337222517 1331.152593834302 1089.913217442159 19.4187659 -99.1195361 50
8337222534 1132.553045524092 592.406948523153 19.4142716 -99.12142710000001 50
8337222538 1142.971382485294 673.4594127786723 19.4150038 -99.1213279 50
8337537055 678.5782134081581 1052.951434029411 19.418432 -99.1257497 50
8337537063 748.733950197613 513.0481508932359 19.4135547 -99.1250817 50
8337537066 880.2549519691837 519.0700766725288 19.4136091 -99.12382940000001 50
8337549797 916.1099946949713 520.4427215193208 19.4136215 -99.12348799999999 50
8337549798 959.2536723519017 1012.458411051159 19.4180662 -99.1230772 50
8338092928 806.7174566090363 1203.577066523496 19.4197927 -99.1245296 50
8338092929 853.7680106250812 878.0277738051911 19.4168518 -99.1240816 50
8338092933 839.9364080264434 905.5028101725109 19.4171 -99.12421329999999 50
8338092935 524.3196113125343 936.2766220584274 19.417378 -99.1272185 50
8338092944 560.4897247124439 932.9889162564506 19.4173483 -99.12687409999999 50
8338129450 860.6995654557682 1254.586320182271 19.4202535 -99.12401560000001 50
8529639587 1750.889746021393 541.6633680604409 19.4138132 -99.1155395 50
8529639588 1741.836715315166 542.9031763092017 19.4138244 -99.1156257 50
8529639589 1735.272742936508 546.4233461584373 19.4138562 -99.11568819999999 50
8530018608 1781.063014256065 547.7406424221296 19.4138681 -99.1152522 50
8530018609 1781.913705075526 547.5635269583225 19.4138665 -99.1152441 50
8530070119 1488.488386182078 792.0382159882207 19.416075 -99.118038 50
8530070120 1493.182939228501 816.9340084094954 19.4162999 -99.11799329999999 50
8530110496 1817.831761936138 1246.892867210616 19.420184 -99.11490209999999 50
8530110497 1814.365984520795 1244.225065533019 19.4201599 -99.1149351 50
8530110498 1794.464020265177 1101.204328277981 19.4188679 -99.1151246 50
8530110499 1796.585496138045 1096.732162809639 19.4188275 -99.11510440000001 50
8530110500 1798.034821239007 1093.533014739566 19.4187986 -99.1150906 50
8551133616 783.3917243604004 1237.937466557312 19.4201031 -99.1247517 50
8551215217 709.3921253453193 1325.786736747071 19.4208967 -99.1254563 50
8551215218 820.853627524879 527.6933858304025 19.413687 -99.12439500000001 50
8551315420 1182.103160221951 1238.834113594375 19.4201112 -99.12095530000001 50
8551832216 1432.983435741306 919.8713021973472 19.4172298 -99.1185665 50
