274184150 8078942672
8078942672 274196156
274196156 274196684
274196684 274196946
274196946 274195084
274195084 274195144
274195144 274193439
274193439 274195236
274195236 8338092933
8338092933 274194474
274194474 274184151
274184151 274192898
274192898 8338092944
8338092944 8338092935
8338092935 8081778039
8081778039 274184152
274184152 274184153
274184153 274184154
274184154 274187404
274187404 6136068078
6136068078 8079385909
8079385909 274184155
270491433 2312202268
2312202268 8529639589
8529639589 8529639588
8529639588 8529639587
8529639587 274320539
274320539 274320542
274320542 274319763
274319763 274323296
274323296 274321743
274321743 274318177
274192923 274192897
274192897 8337537055
8337537055 274194057
274194057 274194475
274194475 274194479
274194479 274195174
274195174 274193440
274193440 8337549798
8337549798 274195082
274195082 274196945
274196945 274196685
274196685 274196155
274196155 274192975
274192977 274308013
274308013 274308145
274308145 274308283
274308283 3395874357
3395874357 274308482
274308482 274308834
274308834 3395874355
3395874355 3802460421
3802460421 274309287
274309287 274310247
274310247 274310691
274310691 274311152
274311152 274312120
274312120 274312855
274312855 274313005
274313005 274203916
274203916 274307807
274307807 274307887
274307887 274307957
274307957 274193030
274193186 5006140551
5006140551 274193287
274193287 5006140550
5006140550 274193288
274193288 274193985
274193295 274193327
274193327 5006140562
5006140562 5006140563
5006140563 5006140564
5006140564 274196152
274196152 274193328
274193328 5006140565
5006140565 274196688
274196688 274196942
274196942 274193329
274193329 274193442
274193442 274193330
274193330 8078942680
8078942680 5006140557
5006140557 8338129450
274194328 274194120
274194120 274193439
274193439 274193440
274193440 274194697
274194697 274193441
274193441 274193442
274193442 274193651
274193651 274193342
274193927 274193981
274193981 8551215217
8551215217 274193982
274193982 5006140552
5006140552 274193983
274193983 5006140553
5006140553 274193984
274193984 8078942679
8078942679 8551133616
8551133616 274193985
274193985 274194057
274194057 274184151
274184151 5581589708
5581589708 274194119
274194119 5006140486
5006140486 274194058
274194078 8336863473
8336863473 274194117
274194117 274194119
274194119 274194473
274194473 274197222
274197222 274195237
274195237 274194120
274194120 274195145
274195145 274195085
274195085 274196947
274196947 274196683
274196683 274196157
274196157 274194121
274197236 274195238
274195238 274194328
274194328 274195146
274195146 274195086
274195086 274196948
274196948 274196682
274196682 274196158
274196158 274194329
5006140485 274194473
274194473 5581589709
5581589709 274194474
274194474 274194475
274194479 274194595
274194595 274194528
274194528 8098095337
8098095337 8098095338
8098095338 8338092928
8338092928 274193985
274194595 274194697
274194697 274195081
274195081 3395874388
3395874388 274196686
274196686 274196154
274196154 274194698
274195082 274195081
274195081 274195080
274195080 274193329
274193329 8337047468
8337047468 274194796
8337549798 274195144
274195144 274195145
274195145 274195146
274195146 7364991485
7364991485 274195147
274195233 274195425
274195425 274195234
274195234 274195644
274195644 274195235
274195174 274195236
274195236 8338092929
8338092929 274195237
274195237 274195238
274195238 8551215218
8551215218 274195233
274196151 274196325
274196325 274196152
274196152 274196153
274196153 274196154
274196154 274196155
274196155 274196156
274196156 8337047463
8337047463 274196157
274196157 274196158
274196158 274195949
274196681 274196682
274196682 274196683
274196683 274196684
274196684 274196685
274196685 274196686
274196686 274196687
274196687 274196688
274196688 274196326
274196326 274196403
274197222 274197236
274197236 274197237
274203914 3179081366
3179081366 3179081365
3179081365 3179081362
3179081362 3803090002
3803090002 3803090001
3803090001 3803090000
3803090000 3179076858
3179076858 274309532
274309532 274203916
274203916 274203917
274203917 274206342
274206342 274312678
274312678 8186186077
8186186077 8186186073
8186186073 274203918
274203918 274206103
274206103 274203919
274203919 274315329
274315329 274313614
274206896 3803090009
3803090009 3395874374
3395874374 3803090008
3803090008 274308446
274308446 3803090007
3803090007 3803090006
3803090006 3803090005
3803090005 3803090004
3803090004 274309768
274309768 3803090003
3803090003 274309966
274309966 3395874373
3395874373 3179076858
3179076858 3395874380
3395874380 3395874381
3395874381 3395874382
3395874382 274207347
274207347 2973472926
2973472926 274207389
274205626 274206105
274206105 2312202268
2312202268 274205625
274205625 274318646
274318646 274206344
274206344 3803152067
3803152067 3395874214
3395874214 274207554
274207554 274207389
274207389 8530110500
8530110500 8530110499
8530110499 8530110498
8530110498 2973472917
2973472917 8088614561
8088614561 2973472918
2973472918 8530110497
8530110497 8530110496
8530110496 2973472919
2973472919 274205628
270491433 274206104
274206104 274202452
274206342 274307809
274307809 274307891
274307891 8186504371
8186504371 274307959
274307959 274207349
274207349 2973472930
2973472930 2973472924
274206299 274308064
274308064 274308416
274308416 274308285
274308285 274308486
274308486 274308836
274308836 274309290
274309290 274310609
274310609 274310816
274310816 274206651
274206651 274311318
274311318 274312805
274312805 274312993
274312993 274313139
274313139 274206342
274206651 3395874117
3395874117 274206680
274207346 274307681
274307681 8088614563
8088614563 274207347
274207514 2973472928
2973472928 2973472922
2973472922 274207554
274207554 4985432687
4985432687 4985432684
4985432684 4985432681
4985432681 3803135742
3803135742 274207555
3803090001 3395874485
3395874485 274307874
274307874 3395874483
3395874483 274307681
274307722 3395874485
3395874485 3395874409
3395874409 3395874380
3395874380 274307807
274307807 274307808
274307808 274307809
274307829 274307874
3395874381 274307887
274307887 274307889
274307889 274307891
274307910 3395874483
3395874483 3395874407
3395874407 3395874382
3395874382 274307957
274307957 274307958
274307958 274307959
274308013 4544058234
4544058234 3395874286
3395874286 3395874259
3395874259 3395874217
3803090009 274308145
274308284 274308285
3803090008 274308283
274308324 274308416
274308482 274308484
274308484 274311772
274311772 274308486
274308446 8337222517
8337222517 274308482
274308834 274310234
274310234 274308835
274308835 274312111
274312111 274308836
3803090007 3395874355
3802460421 3395874305
3395874305 3395874290
3395874290 274309288
274309288 3395874263
3395874263 3395874250
3395874250 3395874245
3395874245 274309289
274309289 274312112
274312112 274309290
3803090006 274309342
274309342 274309287
274309342 274309658
274309658 274309764
274309764 274309833
274309833 274309946
274309946 274310103
274310103 274309532
3803090005 274309658
3803090004 274309764
274309768 274309833
3803090003 274309946
274309966 274310103
274309288 274310234
274310247 3395874272
274310691 274310813
274310813 4544058225
4544058225 8551832216
8551832216 3395874252
3395874252 3395874206
3395874206 274312114
274312114 274310816
3395874272 274310813
274311152 4544058222
4544058222 274311317
274311772 274312111
274312111 274312112
274312112 274312113
274312113 274312114
274312114 3802740707
3802740707 3802740705
274312804 274312805
274312805 3802740705
3802740705 274312243
274312243 274312120
3395874117 274312804
274312804 274312994
274312994 274313140
274313140 274312678
274312993 8530070119
8530070119 8530070120
8530070120 274312992
274313796 274313844
274313844 274313846
274313874 274313951
274313951 274202581
274315093 274315094
274315094 274315095
274315095 274315096
274315096 274315097
274315444 274315507
274315507 274315508
274315607 274315648
274315648 274315649
274315709 274315828
274315828 274315829
274315829 274315830
274315830 274315831
274315866 274315958
274315958 274315959
274315959 274315960
274315960 274315962
274316342 274316488
274316488 274316489
274316489 274316490
274316565 274316733
274316733 274316734
274316758 274316877
274316877 274316878
2988931987 274318646
274318646 274319412
274319412 274319415
274319415 4985432318
4985432318 274319761
274320539 8088770836
8088770836 274317395
274207348 274307958
274307958 274307889
274307889 274307808
274307808 274203917
274203917 3395874203
3395874203 274312992
274312992 274312243
274312243 274311317
274311317 3395874206
3395874206 274310420
274310420 274309289
274309289 274308835
274308835 274308484
274308484 274308284
274308284 274308324
274308324 274308063
274308063 3395874217
3395874217 30627926
30627926 274184150
274322084 274322054
274322054 8530018608
8530018608 8530018609
8530018609 2312152811
274322084 2312152817
2312152817 2988933618
2988933618 2312152815
2312152815 2312152814
2312152814 2312152812
2312152812 2312152810
6135945999 274313328
274313328 274202455
274202455 2468527275
2468527275 270484715
270484715 2468527543
2468527543 274205983
274205983 30627922
30627922 274313762
274313793 274313846
274313846 274313874
274313874 274315444
274315444 274315607
274315607 274315097
274315097 274206680
274206680 274315709
274315709 274315866
274315866 274203918
274203918 274316342
274316342 8186783493
8186783493 274316565
274316565 274316758
274316758 270491433
270491433 274205625
274205625 274322084
30628130 270499543
270499543 274192899
274192899 274194058
274194058 274197147
274197147 8337537063
8337537063 274197237
274197237 274195233
274195233 274193438
274193438 8337537066
8337537066 274195147
274195147 8337549797
8337549797 274196949
274196949 274196681
274196681 274195949
274195949 5006140468
5006140468 270486922
270486922 30627925
30627925 8088939419
8088939419 274313793
274207347 4213178097
4213178097 4544058243
4544058243 4544058241
4544058241 2973472920
2973472920 2973472922
2973472922 2973472923
2973472923 2973472924
2973472924 2988931987
2988931987 8201578785
8201578785 5483019881
5483019881 3395874095
3395874095 270491433
8337549797 7364991486
7364991486 274195086
274195086 274195085
274195085 274195084
274195084 274195082
6135946000 274195344
274195344 2468527274
2468527274 270486925
270486925 270486924
270486924 2468527542
2468527542 270486923
270486923 5006140463
5006140463 270486922
270486922 2468527714
2468527714 274194329
274194329 274194121
4544058228 274310420
274310420 274312113
274312113 274310609
274308063 274308064
3395874203 274313139
274313139 274313140
3395874409 3395874407
274207347 274207497
274207497 274193030
274193030 274207514
274207514 274207348
274207348 274207349
3395874276 3395874269
274193657 274193290
274193290 5006140567
5006140567 5006140558
5006140558 274193441
274193441 274195080
274195080 274196943
274196943 274196687
274196687 274193292
274193292 5006140559
5006140559 274196153
274196153 274193293
274193293 5006140561
5006140561 5006140560
5006140560 8551315420
8551315420 274193294
5581589708 5581589709
274194121 2468528925
2468528925 8078942674
8078942674 274184150
274184150 2468532040
2468532040 274192975
274192975 5433268562
5433268562 5433262537
5433262537 274194698
274194698 2468532606
2468532606 274193294
274193294 274193295
274193295 274196207
274196207 6135990613
6135990613 270979377
30627925 8337222534
8337222534 2468527713
2468527713 8337222538
8337222538 2468528924
2468528924 274206299
274206299 30627926
30627926 4544058229
4544058229 4544058235
4544058235 2468532043
2468532043 274192977
274192977 5433262538
5433262538 274206896
274206896 3395874449
3395874449 2468532607
2468532607 3395874509
3395874509 274307126
274307126 3395874596
3395874596 6135990612
6135990612 270979378
270979378 30595586
274196946 274196947
274196947 274196948
274196948 274196949
274319409 274319410
274319410 274319411
274319413 274319414
274319411 274319412
274319412 274319413
274196943 3395874388
3395874388 274196945
274196945 274196946
274193985 8336863461
8336863461 274193289
274193289 5006140566
274194327 274197236
274312855 8079385913
8079385913 3395874276
3395874276 8079385914
912837890 3395874214
3395874214 2973472923
2973472923 2973472929
2973472929 274207348
8082367378 274194328
274313762 30627925
8336863461 8336863460
8336863460 8336863466
8336863466 8336863464
8336863464 8336863465
274312993 274312994
8079385914 274312992
