269660200 1773.128632590088 0 39.1452948 117.1655342 50
1138696505 1425.206158239045 752.7814825067072 39.1520755 117.1615096 50
1138696517 1397.404173504086 843.783146230126 39.1528952 117.161188 50
1138696518 1396.245757476487 952.5921380759149 39.1538753 117.1611746 50
1138696523 1408.478284959383 791.748890053998 39.1524265 117.1613161 50
1138696531 1413.621997932262 777.3942296665841 39.1522972 117.1613756 50
1138698169 1382.47443854577 840.1972565897674 39.1528629 117.1610153 50
1138698170 1393.799251979028 788.6736843875257 39.1523988 117.1611463 50
1138698172 1399.980352439407 771.7545023075257 39.1522464 117.1612178 50
1138698173 1382.707850730403 882.5840263954875 39.1532447 117.161018 50
1138698174 1416.457523738909 742.5344975581055 39.1519832 117.1614084 50
1141059324 32.83331405890408 603.2731983342186 39.1507288 117.1454033 50
1147210897 1458.125921253591 673.1480881071253 39.1513582 117.1618904 50
1147210899 1496.077013596481 602.3517468160275 39.1507205 117.1623294 50
1147210900 1549.424665269153 494.3642900581422 39.1497478 117.1629465 50
1147210902 1531.953330957772 530.6672594839717 39.1500748 117.1627444 50
1147210904 1563.878930962639 458.0280151564917 39.1494205 117.1631137 50
1147212727 1570.103255903039 441.1088330764916 39.1492681 117.1631857 50
1147212729 1576.569637923635 423.7122724991325 39.1491114 117.1632605 50
1147215994 1650.690974083599 232.2057824132692 39.1473864 117.1641179 50
1147215998 1731.373786119764 45.31765174010416 39.145703 117.1650512 50
1147219296 1560.853217449181 500.1816466272282 39.1498002 117.1630787 50
1147219298 1703.72740950936 141.2263223411039 39.1465669 117.1647314 50
1147219300 1661.66999168549 234.1263982265669 39.1474037 117.1642449 50
1147219303 1747.392777943364 50.74644441613878 39.1457519 117.1652365 50
1147219305 1543.062021997526 536.9619945490047 39.1501315 117.1628729 50
1147219306 1590.021095711878 425.532971882849 39.1491278 117.1634161 50
1147219308 1576.768470526011 463.3124841011443 39.1494681 117.1632628 50
1147219309 1505.586398921665 609.4458133184168 39.1507844 117.1624394 50
1147230026 1581.670126416494 449.412998559836 39.1493429 117.1633195 50
1147230039 1605.080504105857 444.6836208915765 39.1493003 117.1635903 50
1147230041 1602.504325174935 453.4873685228273 39.1493796 117.1635605 50
1147230043 1686.740189362772 460.8922861399402 39.1494463 117.1645349 50
1147230049 1683.066108668802 470.4065506035335 39.149532 117.1644924 50
1147230051 1584.92060721902 440.1651779077532 39.1492596 117.1633571 50
1147236034 1364.06945549366 370.4457136915022 39.1486316 117.1608024 50
1147236037 1553.427252001162 437.045564938774 39.1492315 117.1629928 50
1147243074 1765.011075481536 16.40849810681999 39.1454426 117.1654403 50
1147243118 1744.496737867769 17.41876422861258 39.1454517 117.165203 50
1147248037 1155.91765562486 548.940864276309 39.1502394 117.1583946 50
1147248039 1140.538386086208 540.0927093432574 39.1501597 117.1582167 50
1147248051 1347.592284194159 379.6824325176051 39.1487148 117.1606118 50
1147248053 1188.474333021311 555.9572180010765 39.1503026 117.1587712 50
1147248058 1103.062763010347 460.4371112938345 39.1494422 117.1577832 50
1147248061 1111.560695532522 421.7694530338752 39.1490939 117.1578815 50
1147248062 1116.834081941064 513.7147719260323 39.1499221 117.1579425 50
1147248063 1246.740930375593 539.4710071152225 39.1501541 117.1594452 50
1147248064 1126.896740593353 528.4801998577511 39.1500551 117.1580589 50
1147248065 1268.240786105675 518.0222802254194 39.1499609 117.1596939 50
1147248074 1234.378729452635 546.9425356839772 39.1502214 117.1593022 50
1147248078 1204.588418698317 555.5131449795383 39.1502986 117.1589576 50
1147248079 1103.59010165296 480.1317497522692 39.1496196 117.1577893 50
1147248082 1108.621430976906 499.3157042375238 39.1497924 117.1578475 50
1147248084 1171.435243496939 553.4926127366593 39.1502804 117.1585741 50
1147248085 1258.43747432471 529.3572440734354 39.150063 117.1595805 50
1147248086 1220.918626771027 551.993866292234 39.1502669 117.1591465 50
1147248098 1222.275875403202 228.6531982487315 39.1473544 117.1591622 50
1147248101 1105.180762469767 440.2206870355338 39.1492601 117.1578077 50
1147255526 1350.06472438051 212.3446165714928 39.1472075 117.1606404 50
1147255529 1379.11157409871 249.136066319249 39.1475389 117.1609764 50
1147255532 1384.644307378576 301.3590535285596 39.1480093 117.1610404 50
1147255534 1247.060791518067 206.2053070638218 39.1471522 117.1594489 50
1147255536 1384.194772800439 265.910924667867 39.14769 117.1610352 50
1147255538 1336.734295132366 204.395709505379 39.1471359 117.1604862 50
1147255540 1233.643913314281 215.8749970854832 39.1472393 117.1592937 50
1147255546 1386.00155601075 283.3518925484393 39.1478471 117.1610561 50
1147255548 1379.768586174786 319.5771491938224 39.1481734 117.160984 50
1147255550 1371.875796357502 234.4039438640572 39.1474062 117.1608927 50
1147255552 1364.536279865125 349.9073364932041 39.1484466 117.1608078 50
1147255554 1291.391816923713 191.4398791328092 39.1470192 117.1599617 50
1147255555 1308.837216546201 193.171763912218 39.1470348 117.1601635 50
1147255556 1361.821782598577 222.1364266732827 39.1472957 117.1607764 50
1147255557 1323.637278073253 197.4681703849191 39.1470735 117.1603347 50
1147255570 1354.888576208715 366.8598240511437 39.1485993 117.1606962 50
1147255573 1272.623748251307 194.3596592419197 39.1470455 117.1597446 50
1147255574 1276.366988109791 193.0163383548561 39.1470334 117.1597879 50
1147255576 1261.186551173515 198.4673346821442 39.1470825 117.1596123 50
1147266238 868.6045453743884 345.2001624761982 39.1484042 117.1550711 50
1147266242 1109.442696075301 427.8865588917051 39.149149 117.157857 50
1147266248 878.2781837196906 348.0755352842141 39.1484301 117.155183 50
1147267386 2054.303866860201 533.9645016601539 39.1501045 117.1687867 50
1147267388 2190.106534197092 560.708799319177 39.1503454 117.1703576 50
1147267389 2425.97386983641 607.6806230617747 39.1507685 117.173086 50
1147267390 2097.156615091375 542.102139761569 39.1501778 117.1692824 50
1147268359 2053.793818008716 544.1337738304278 39.1501961 117.1687808 50
1147268362 2185.524739449084 570.578322200001 39.1504343 117.1703046 50
1147270009 2094.174126057937 551.6830151782166 39.1502641 117.1692479 50
1147270010 2151.602168524895 553.2150670984628 39.1502779 117.1699122 50
1147270011 2472.587147721595 617.0616656199658 39.150853 117.1736252 50
1147270014 2151.723197064993 563.8839214159369 39.150374 117.1699136 50
1147270017 2457.017690476132 613.0428047840488 39.1508168 117.1734451 50
1147750029 2213.603360844297 148.8199709913995 39.1466353 117.1706294 50
1147750032 2185.490159864627 151.9950930874531 39.1466639 117.1703042 50
1147750035 2238.526595292588 151.040336093441 39.1466553 117.1709177 50
1147755119 2097.20848446476 480.3537862626852 39.1496216 117.169283 50
1147755121 2110.106668925896 201.2871983616734 39.1471079 117.1694322 50
1147755122 2144.625737655012 167.7374816644374 39.1468057 117.1698315 50
1147755124 2103.856409298804 360.287543347208 39.1485401 117.1693599 50
1147755126 2074.896008534046 548.0749218866046 39.1502316 117.1690249 50
1147755129 2095.280672714351 300.0934454205301 39.1479979 117.1692607 50
1147755131 2077.437607884911 538.3608245631425 39.1501441 117.1690543 50
1147755134 2090.638363697393 247.9703746408008 39.1475284 117.169207 50
1147755137 2108.956897791662 419.8155317440504 39.1490763 117.1694189 50
1976979877 2228.775152885009 259.0944038036743 39.1476286 117.1708049 50
1976979879 2218.695204439391 262.6691916187592 39.1476608 117.1706883 50
1976979880 2250.032951534894 257.3958245007926 39.1476133 117.1710508 50
1976979881 2209.860120983613 268.0313733410335 39.1477091 117.1705861 50
1976979882 2200.661951907539 274.93670881024 39.1477713 117.1704797 50
1976979883 2259.490467484492 258.8279599907514 39.1476262 117.1711602 50
1976979884 2194.160990302486 283.2519761181518 39.1478462 117.1704045 50
1976979886 2187.642738906305 303.7237423626894 39.1480306 117.1703291 50
1976979888 2412.729889548307 313.5821634175335 39.1481194 117.1729328 50
1976979889 2186.752314645596 323.9512684462637 39.1482128 117.1703188 50
1976979891 2494.389574803023 341.7363929166743 39.148373 117.1738774 50
1976979893 2519.598090811532 354.5590013831358 39.1484885 117.174169 50
1976979896 2197.039740586954 424.8224550498002 39.1491214 117.1704378 50
1976979898 2191.705839909463 477.3118860720338 39.1495942 117.1703761 50
1976979900 2187.020306414684 500.004017418613 39.1497986 117.1703219 50
1976979910 2173.750391435489 540.4257641092346 39.1501627 117.1701684 50
1976979911 2166.920923792398 556.7232439604935 39.1503095 117.1700894 50
1976979913 2162.38235352661 565.6713153238325 39.1503901 117.1700369 50
1976979915 30.20526575239796 592.6043440167446 39.1506327 117.1453729 50
1976979916 42.89597271119396 592.8707878289613 39.1506351 117.1455197 50
1976979917 154.4583523669621 596.5010847711205 39.1506678 117.1468102 50
1976979919 305.7786075715321 598.7214498731621 39.1506878 117.1485606 50
1976979921 2151.429270611412 580.7475943688626 39.1505259 117.1699102 50
1976979923 0 599.975956155918 39.1506991 117.1450235 50
1976979928 46.11187393146406 607.0589208330335 39.1507629 117.1455569 50
1976979929 360.9157526655849 607.9137613974643 39.1507706 117.1491984 50
1976979931 78.53887789005194 610.1896356272864 39.1507911 117.145932 50
1976979933 2443.064828736367 610.3006538828474 39.1507921 117.1732837 50
1976979934 197.5704474694601 613.5312851073878 39.1508212 117.1473089 50
1976979935 297.9376871276331 616.5065743442789 39.150848 117.1484699 50
1976979936 415.0068653743751 616.8507309348234 39.1508511 117.1498241 50
1976979937 430.3083308507501 618.9489759560302 39.15087 117.1500011 50
1976979939 520.016414047305 621.8465524152996 39.1508961 117.1510388 50
1976979940 555.6333845394699 622.3683382151656 39.1509008 117.1514508 50
1976979941 478.3307267414941 622.6347820266762 39.1509032 117.1505566 50
1976979942 350.040473812664 623.0344477457076 39.1509068 117.1490726 50
1976979943 592.305032310265 625.7877004721826 39.1509316 117.151875 50
1976979944 2439.382103146831 627.5084834270239 39.1509471 117.1732411 50
1976979946 625.0259627246342 632.8817669745717 39.1509955 117.1522535 50
1976979947 443.664694785587 638.688021717678 39.1510478 117.1501556 50
1976979948 2108.118342904338 640.1312590343229 39.1510608 117.1694092 50
1976979949 457.6867156920641 638.5992071126642 39.151047 117.1503178 50
1976979951 542.3894042513671 639.720491490724 39.1510571 117.1512976 50
1976979952 502.0955451577881 640.0868517318158 39.1510604 117.1508315 50
1976979953 571.116392827093 640.0868517318158 39.1510604 117.1516299 50
1976979954 661.429618726339 641.5522926990079 39.1510736 117.1526746 50
1976979956 602.834515334019 644.172323520787 39.1510972 117.1519968 50
1976979958 692.0671292657451 652.0213141573195 39.1511679 117.153029 50
1976979963 706.391721523569 656.1956005505982 39.1512055 117.1531947 50
1976979965 654.703889832218 657.5500232622292 39.1512177 117.1525968 50
1976979967 682.7911561251951 667.2752224109649 39.1513053 117.1529217 50
1976979968 2083.151883976025 668.1411648013755 39.1513131 117.1691204 50
1976979969 698.8447275332521 673.0370698522704 39.1513572 117.1531074 50
1976979971 827.6536742069319 698.038380905905 39.1515824 117.1545974 50
1976979974 2040.791894803009 705.2989747909297 39.1516478 117.1686304 50
1976979977 853.9514470785263 723.6946996648078 39.1518135 117.1549016 50
1976979981 1012.075235241695 758.4767189935462 39.1521268 117.1567307 50
1976979982 1978.496776027826 757.2333145367702 39.1521156 117.1679098 50
1976979985 1946.156221027079 782.7675132148382 39.1523456 117.1675357 50
1976979988 1907.522181921419 808.1795918120715 39.1525745 117.1670888 50
1976979991 1144.238401469071 818.8928534313463 39.152671 117.1582595 50
1976979993 1225.785703077053 827.0526951826025 39.1527445 117.1592028 50
1976979994 1857.243468237828 832.9699681812699 39.1527978 117.1665072 50
1976979995 1816.093764467995 848.0795527035333 39.1529339 117.1660312 50
1976979998 1319.185156760908 855.1625173799426 39.1529977 117.1602832 50
1976980000 1790.695060754874 855.4622666693926 39.1530004 117.1657374 50
1976980001 1351.906087175277 863.5777011181419 39.1530735 117.1606617 50
1976980002 1289.386201108826 865.342891374784 39.1530894 117.1599385 50
1976980003 1761.22461114523 861.5460670492831 39.1530552 117.1653965 50
1976980004 1378.307598793642 867.7852929879477 39.1531114 117.1609671 50
1976980005 1394.447619159541 869.0509010952711 39.1531228 117.1611538 50
1976980006 1725.512546799659 868.5402171227972 39.1531182 117.1649834 50
1976980007 1413.656577516718 869.7725197550059 39.1531293 117.161376 50
1976980008 1488.262027839275 871.3267753257994 39.1531433 117.162239 50
1976980009 1333.042924647266 876.1116621218393 39.1531864 117.1604435 50
1976980010 1679.14132599687 874.3575736911771 39.1531706 117.164447 50
1976980012 1613.517922361282 874.5241010731064 39.1531721 117.1636879 50
1976980013 1642.538837392789 874.7794430600495 39.1531744 117.1640236 50
1976980014 1356.591620670056 881.2185018571705 39.1532324 117.1607159 50
1976980026 1396.280337058744 968.9784325314815 39.1540229 117.161175 50
1976980033 1397.144826632761 982.2451140180688 39.1541424 117.161185 50
1976980036 1400.395307435287 994.4571220817689 39.1542524 117.1612226 50
1976980042 1405.703273423886 1004.182321230505 39.15434 117.161284 50
1976980051 1411.555867848426 1009.411281046671 39.1543871 117.1613517 50
1976980058 1451.659539232994 1025.586640817801 39.1545328 117.1618156 50
1976980073 1480.455686977632 1041.884120670472 39.1546796 117.1621487 50
1976980093 1527.15541381846 1059.225172120051 39.1548358 117.1626889 50
1976980112 1990.807107577399 1070.138266598488 39.1549341 117.1680522 50
1976980116 1573.068455145348 1072.891519325669 39.1549589 117.16322 50
1978429640 1830.366487352434 843.3390732092939 39.1528912 117.1661963 50
1978429694 1836.10669813024 867.0525725036456 39.1531048 117.1662627 50
1978429698 1884.967648908309 870.8493968291465 39.153139 117.1668279 50
1978429702 1888.780047933507 876.4225132358569 39.1531892 117.166872 50
1978429706 1656.776980692772 875.3345343357364 39.1531794 117.1641883 50
1978429721 1836.487073543864 885.5593156330847 39.1532715 117.1662671 50
1978429734 1772.48891030514 909.6280733425483 39.1534883 117.1655268 50
1978429736 1392.320974804556 913.0252319497241 39.1535189 117.1611292 50
1978429745 1891.840341031421 925.3371564430056 39.1536298 117.1669074 50
1978429791 1837.45530186685 944.9540821231125 39.1538065 117.1662783 50
1978429800 1798.587850576558 945.9421445936516 39.1538154 117.1658287 50
1978429804 1773.275595819079 945.9865518947461 39.1538158 117.1655359 50
1978429833 1372.325330935639 967.5018897383096 39.1540096 117.1608979 50
1978429875 1890.82024333065 962.5837810361612 39.1539653 117.1668956 50
1978429886 1387.670020892034 956.3112496223819 39.1539088 117.1610754 50
1978429905 1368.279519723609 983.0111399788981 39.1541493 117.1608511 50
1978429980 1357.447465348509 1006.513704588814 39.154361 117.1607258 50
1978429991 1891.330292179936 1008.201182066422 39.1543762 117.1669015 50
1978429997 1905.577080375482 1008.456524052659 39.1543785 117.1670663 50
1978430000 1837.887546656058 1008.700764213622 39.1543807 117.1662833 50
1978430013 1342.353477370074 1036.177782356241 39.1546282 117.1605512 50
1978430017 1906.597178076253 1042.405906469632 39.1546843 117.1670781 50
1978430025 1332.28217382002 1058.192702347711 39.1548265 117.1604347 50
1978430136 1632.68365623624 1080.252029639569 39.1550252 117.1639096 50
1978430138 1351.473842388269 1081.295601237889 39.1550346 117.1606567 50
3040517611 326.777059350092 620.1146676351847 39.1508805 117.1488035 50
3040517614 1946.795943314227 679.0542592798129 39.1514114 117.1675431 50
3040517615 1918.97666879034 700.869346411414 39.1516079 117.1672213 50
3040517616 1881.682588523526 725.0380205518712 39.1518256 117.1667899 50
3040517617 1839.07189737255 746.8420058574926 39.152022 117.166297 50
3040517618 1792.311656260573 764.5272138990281 39.1521813 117.1657561 50
3040517619 1746.13926806016 776.3173525924435 39.1522875 117.165222 50
3040517620 1692.272922640439 784.5660089480074 39.1523618 117.1645989 50
3040517621 1649.065733684535 786.9306977821371 39.1523831 117.1640991 50
3040517622 1581.592322354216 785.7428024517292 39.1523724 117.1633186 50
3040517623 1527.725976936695 784.5660089480074 39.1523618 117.1626955 50
3040517624 1466.762172106993 778.0825428490856 39.1523034 117.1619903 50
3040517625 1315.822292313847 761.5852301372518 39.1521548 117.1602443 50
3040517626 1250.717582420909 746.8420058574926 39.152022 117.1594912 50
3040517627 1183.832024002154 729.1567978166632 39.1518627 117.1587175 50
3040517628 1103.927252586563 700.2809496592 39.1516026 117.1577932 50
3040517629 823.9536588262687 605.9598401076395 39.150753 117.1545546 50
3040517630 751.915742543469 569.1572885346096 39.1504215 117.1537213 50
3040517631 742.190234824782 567.8139676475462 39.1504094 117.1536088 50
3040517632 522.6703970449041 475.6910195474799 39.1495796 117.1510695 50
3040540733 327.3476224705271 388.441772846349 39.1487937 117.1488101 50
3040540798 326.9845368480321 602.2518303864463 39.1507196 117.1488059 50
5895446360 1847.111650421024 342.4802152262502 39.1483797 117.16639 50
5895446364 2101.522287445879 343.9123507169152 39.1483926 117.1693329 50
5895446365 1818.090735387317 487.0037797442424 39.1496815 117.1660543 50
6274257517 1343.330350590824 1119.374862745634 39.1553776 117.1605625 50
6274257518 1342.612824243598 1132.752562487783 39.1554981 117.1605542 50
8017809149 1321.320446009257 1092.153186589252 39.1551324 117.1603079 50
8017809168 1815.618295203166 496.762284368799 39.1497694 117.1660257 50
8017809169 1786.139200695758 656.5508589664164 39.1512087 117.1656847 50
8017809170 1786.407192462648 670.3393262528698 39.1513329 117.1656878 50
8017809171 1784.271903214298 684.6606811637566 39.1514619 117.1656631 50
8017809172 1780.277961375654 706.1538153546543 39.1516555 117.1656169 50
8017809173 1781.341283554246 717.5553901564306 39.1517582 117.1656292 50
8017809174 1785.343870286255 742.223646444088 39.1519804 117.1656755 50
8019631248 1374.348236539454 894.7516271559746 39.1533543 117.1609213 50
8074411500 1373.501036756566 956.2779441451486 39.1539085 117.1609115 50
8074411501 1392.104852411052 895.073580096678 39.1533572 117.1611267 50
8074411502 1385.776788721682 969.4447092028607 39.1540271 117.1610535 50
8074411503 1423.39073012877 1017.138151603075 39.1544567 117.1614886 50
8074411504 1412.325263569037 877.5660012637578 39.1531995 117.1613606 50
8074411505 1656.085389032238 881.9179168649457 39.1532387 117.1641803 50
8074411506 1673.297376470094 881.4627420181338 39.1532346 117.1643794 50
8074411507 1719.43518509045 876.1560694236401 39.1531868 117.1649131 50
8074411508 1756.072253276787 869.2285303045926 39.1531244 117.1653369 50
8074411509 1792.709321465325 861.146401330958 39.1530516 117.1657607 50
8074411510 1815.203340207286 854.4520005468938 39.1529913 117.1660209 50
8074411511 1831.922568586984 849.7559283558677 39.152949 117.1662143 50
8074411512 1855.773835961119 840.8189588178024 39.1528685 117.1664902 50
8074411513 1889.860659903228 824.8878392076354 39.152725 117.1668845 50
8074411514 1921.397239598907 808.9567195981745 39.1525815 117.1672493 50
8074411515 1947.297347265749 790.1058198788969 39.1524117 117.1675489 50
8074411516 1970.785529019589 773.3975724826269 39.1522612 117.1678206 50
8074430317 2064.461619365897 693.7308726065179 39.1515436 117.1689042 50
8074430320 2090.249343386006 669.7398276753821 39.1513275 117.1692025 50
8074430321 2112.527239736663 644.683007493967 39.1511018 117.1694602 50
8074430322 2143.303068605095 604.1391407232169 39.1507366 117.1698162 50
8074430323 2156.054289837241 584.5111132185425 39.1505598 117.1699637 50
8074430324 2168.433780549127 567.6918475667114 39.1504083 117.1701069 50
8074430325 2174.37282392931 558.1886849276855 39.1503227 117.1701756 50
8074430326 2180.406961165098 542.9347766747463 39.1501853 117.1702454 50
8074430327 2192.457945838946 503.2235468178797 39.1498276 117.1703848 50
8074430328 2197.325022147171 482.4409294593246 39.1496404 117.1704411 50
8074430329 2202.434155535594 390.5289160429883 39.1488125 117.1705002 50
8074430330 2192.92477021041 325.1835710777661 39.1482239 117.1703902 50
8074430331 2192.224533654313 314.781160573215 39.1481302 117.1703821 50
8074430332 2193.849774055576 302.5469488589675 39.14802 117.1704009 50
8074430333 2196.400018302005 292.6219168510693 39.1479306 117.1704304 50
8074430334 2201.509151690428 284.0735112060555 39.1478536 117.1704895 50
8074430335 2207.992823502153 276.4576589045064 39.147785 117.1705645 50
8074430336 2186.588061625477 313.1713958739347 39.1481157 117.1703169 50
8074430337 2189.97686075923 292.3332693875991 39.147928 117.1703561 50
8074430339 2215.876968426072 270.4404694769639 39.1477308 117.1706557 50
8074430340 2223.994525536825 265.8332118902454 39.1476893 117.1707496 50
8074430341 2235.587330736972 263.0577555118107 39.1476643 117.1708837 50
8074430342 2247.880372493217 262.602580665705 39.1476602 117.1710259 50
8074430343 2258.306116768001 263.52403218319 39.1476685 117.1711465 50
8074430344 2409.488053641344 318.0228936223227 39.1481594 117.1728953 50
8074430345 2516.883593544984 365.3055684789377 39.1485853 117.1741376 50
8074430346 2532.68646297728 376.1964593068279 39.1486834 117.1743204 50
8076054679 1327.562060740785 1070.504626840992 39.1549374 117.1603801 50
8076054680 2136.326637735213 602.4627650715886 39.1507215 117.1697355 50
8076054681 2195.034124772067 455.1415405239082 39.1493945 117.1704146 50
8076054682 2200.705176385361 456.3072322030627 39.149405 117.1704802 50
8076054683 2196.235765281886 391.8944405805991 39.1488248 117.1704285 50
8076054684 2203.307290007374 424.2229564723125 39.149116 117.1705103 50
8076054685 2241.535019012718 257.2181952921774 39.1476117 117.1709525 50
8076054686 2493.144709815383 347.8423969492306 39.148428 117.173863 50
8076054687 2356.94437727374 293.8320158320244 39.1479415 117.1722875 50
8137480474 444.494604777346 620.0369548568568 39.1508798 117.1501652 50
8146232875 1345.223582758977 1107.429298494151 39.15527 117.1605844 50
8445972805 1161.683801091559 551.3832658894727 39.1502614 117.1584613 50
