1138696523 1138696517
1138696517 1976980005
1976980005 1138698173
1138698170 1138698172
1138698172 1138698174
1138698174 1147210897
1147210897 1147210899
1147210899 1147210902
1147210902 1147210900
1147210900 1147210904
1147210904 1147212727
1138698169 1138698170
1147212727 1147212729
1147212729 1147215994
1147215994 1147215998
1147215998 1147243118
1147230026 1147219308
1147219308 1147219296
1147219296 1147219305
1147219305 1147219309
1147219309 1138696505
1138696505 1138696531
1138696531 1138696523
1147212727 1147230051
1147230051 1147230039
1147230039 1147230043
1147230043 5895446365
5895446365 1147267386
1147267386 1147755131
1147755131 1147267390
1147212727 1147236037
1147236037 1147236034
1147236034 1147255570
269660200 1147243074
1147243074 1147219303
1147219303 1147219298
1147219298 1147219300
1147219300 1147219306
1147219306 1147230051
1147230051 1147230026
1147255573 1147255574
1147255574 1147255554
1147255554 1147255555
1147255555 1147255557
1147255557 1147255538
1147255538 1147255526
1147255526 1147255556
1147255556 1147255550
1147255550 1147255529
1147255529 1147255536
1147255536 1147255546
1147255546 1147255532
1147255532 1147255548
1147255548 1147255552
1147255552 1147255570
8445972805 1147248037
1147248037 1147248039
1147248039 1147248064
1147248064 1147248062
1147248062 1147248082
1147248082 1147248079
1147248079 1147248058
1147248058 1147248101
1147248101 1147266242
1147266242 1147248061
1147248061 1147248098
1147248098 1147255540
1147255540 1147255534
1147255534 1147255576
1147266238 1147266248
1147266248 1147266242
1147267390 1147270010
1147270014 1147270009
1147270009 1147755126
1147755126 1147268359
1147268359 8017809168
8017809168 1147230049
1147230049 1147230041
1147230041 1147230026
1147270010 1976979911
1976979911 8074430325
8074430325 1147267388
1147267388 1147267389
1147267389 1976979933
1976979933 1147270017
1147270017 1147270011
1147755126 1147755131
1147755131 1147755119
1147755119 1147755137
1147755137 1147755124
1147755124 5895446364
5895446364 1147755129
1147755129 1147755134
1147755134 1147755121
1147755121 1147755122
1147755122 1147750032
1147750032 1147750029
1147750029 1147750035
1976980112 8074411515
8074411515 1976979985
1976979923 1976979915
1976979915 1976979916
1976979916 1976979917
1976979917 1976979919
1976979919 3040540798
3040540798 1976979929
1976979929 1976979936
1976979936 1976979937
1976979937 8137480474
8137480474 1976979941
1976979941 1976979939
1976979939 1976979940
1976979940 1976979943
1976979943 1976979946
1976979946 1976979954
1976979954 1976979958
1976979958 1976979963
1976979963 1976979971
1976979971 1976979981
1976979981 1976979993
1976979993 1976979998
1976979998 1976980001
1976980001 1976980004
1976980004 1976980005
1976980005 1976980007
1976980007 1976980008
1976980008 1976980012
1976980012 1976980013
1976980013 1978429706
1978429706 1976980010
1976980010 1976980006
1976980006 1976980003
1976980003 1976980000
1976980000 1976979995
1976979995 1978429640
1978429640 1976979994
1976979994 1976979988
1976979988 1976979985
1976979985 1976979982
1976979982 1976979974
1976979974 1976979968
1976979968 1976979948
1976979948 8076054680
8076054680 1976979921
1976979921 1976979913
1976979913 1976979911
1976979911 1976979910
1976979910 1976979900
1976979900 1976979898
1976979898 8076054681
8076054681 1976979896
1976979896 8076054683
8076054683 1976979889
1976979889 8074430336
8074430336 1976979886
1976979886 8074430337
8074430337 1976979884
1976979884 1976979882
1976979882 1976979881
1976979881 1976979879
1976979879 1976979877
1976979877 8076054685
8076054685 1976979880
1976979880 1976979883
1976979883 8076054687
8076054687 1976979888
1976979888 1976979891
1976979891 1976979893
1976980004 1138698169
1978429706 8074411505
8074411505 1978430136
1978429800 1978429804
1978429804 1978429734
1978429736 1978429886
1978429886 8074411502
8074411502 1978430138
1978430138 8146232875
8146232875 6274257517
6274257517 6274257518
1978429721 1978429698
1978429698 1978429702
1978429702 1978429745
1978429745 1978429875
1978429875 1978429991
8017809149 8076054679
8076054679 1978430025
1978430025 1978430013
1978430013 1978429980
1978429980 1978429905
1978429905 1978429833
1978429833 8074411500
8074411500 8019631248
8019631248 1138698173
1978429640 8074411511
8074411511 1978429694
1978429694 1978429721
1978429721 1978429791
1978429791 1978430000
1978430000 1978429991
1978429991 1978429997
1978429997 1978430017
3040517614 3040517615
3040517615 3040517616
3040517616 3040517617
3040517617 3040517618
3040517618 3040517619
3040517619 3040517620
3040517620 3040517621
3040517621 3040517622
3040517622 3040517623
3040517623 3040517624
3040517624 1138696531
1138696531 1138698172
1138698172 3040517625
3040517625 3040517626
3040517626 3040517627
3040517627 3040517628
3040517628 3040517629
3040517629 3040517630
3040517630 3040517631
3040517631 3040517632
3040517632 3040540733
1138698173 1976980014
1976980014 1976980009
1976980009 1976980002
1976980002 1976979991
1976979991 1976979977
1976979977 1976979969
1976979969 1976979967
1976979967 1976979965
1976979965 1976979956
1976979956 1976979953
1976979953 1976979951
1976979951 1976979952
1976979952 1976979949
1976979949 1976979947
1976979947 1976979942
1976979942 3040517611
3040517611 1976979935
1976979935 1976979934
1976979934 1976979931
1976979931 1976979928
1976979928 1141059324
1141059324 1976979923
1138698173 8074411501
8074411501 1978429736
1978429736 1138696518
1138696518 1976980026
1976980026 1976980033
1976980033 1976980036
1976980036 1976980042
1976980042 1976980051
1976980051 8074411503
8074411503 1976980058
1976980058 1976980073
1976980073 1976980093
1976980093 1976980116
5895446360 5895446365
5895446365 8017809168
8017809168 8017809169
8017809169 8017809170
8017809170 8017809171
8017809171 8017809172
8017809172 8017809173
8017809173 8017809174
1976979944 1147268362
1147268362 8074430324
8074430324 1976979913
1976979913 1147270014
1147230026 1147212727
1138698173 1976980004
8074430346 8074430345
8074430345 8076054686
8076054686 8074430344
8074430344 8074430343
8074430343 8074430342
8074430342 8074430341
8074430341 8074430340
8074430340 8074430339
8074430339 8074430335
8074430335 8074430334
8074430334 8074430333
8074430333 8074430332
8074430332 8074430331
8074430331 8074430330
8074430330 8074430329
8074430329 8076054684
8076054684 8076054682
8076054682 8074430328
8074430328 8074430327
8074430327 8074430326
8074430326 8074430325
8074430325 8074430324
8074430324 8074430323
8074430323 8074430322
8074430322 8074430321
8074430321 8074430320
8074430320 8074430317
8074430317 8074411516
8074411516 8074411515
8074411515 8074411514
8074411514 8074411513
8074411513 8074411512
8074411512 8074411511
8074411511 8074411510
8074411510 8074411509
8074411509 8074411508
8074411508 8074411507
8074411507 8074411506
8074411506 8074411505
8074411505 8074411504
8074411504 1138698173
3040517628 8445972805
1147255570 1147248051
1147248051 1147248065
1147248065 1147248085
1147248085 1147248063
1147248063 1147248074
1147248074 1147248086
1147248086 1147248078
1147248078 1147248053
1147248053 1147248084
1147248084 8445972805
