299851783 239.6987252925547 495.1661858236878 23.1209348 113.3182332 50
299851784 191.6790840742468 637.7955763055837 23.1222227 113.3177644 50
299851787 168.4989543621586 791.3777167828237 23.1236095 113.3175381 50
299851788 170.8446236981885 867.5264619454365 23.1242971 113.317561 50
299851789 185.5229824582416 978.2943137665457 23.1252973 113.3177043 50
299851790 252.9840227885266 1192.697994155498 23.1272333 113.3183629 50
299851791 287.1345099524857 1290.231734506468 23.128114 113.3186963 50
299851793 293.7515509578491 1336.324095961583 23.1285302 113.3187609 50
299851794 292.3380034991486 1430.0481841398 23.1293765 113.3187471 50
299851883 491.2384713304519 655.4152176020127 23.1223818 113.3206889 50
299851884 502.0039668348271 716.4803980600218 23.1229332 113.320794 50
299851888 429.3087036672536 1181.556976465769 23.1271327 113.3200843 50
299851889 399.1120521482108 1276.942250184771 23.127994 113.3197895 50
320583918 406.8865631730184 1241.736191302003 23.1276761 113.3198654 50
320769057 504.4213378520244 917.7274889708071 23.1247504 113.3208176 50
320769058 492.5188585228241 990.276998796521 23.1254055 113.3207014 50
320769059 467.0545180637764 1082.129484599861 23.1262349 113.3204528 50
320769060 447.889682585675 1130.314939835737 23.12667 113.3202657 50
320769078 505.8348853107249 775.7514981347724 23.1234684 113.3208314 50
320769293 263.9543802443069 407.1897996146901 23.1201404 113.31847 50
320769294 223.7911948305868 543.4623867623297 23.1213709 113.3180779 50
320769323 462.742174002598 549.3429835750799 23.121424 113.3204107 50
320769324 475.2489960874007 586.1216314348701 23.1217561 113.3205328 50
1338135259 489.2410673133744 1051.364328394942 23.1259571 113.3206694 50
1988676126 504.6979014858999 855.9978342969071 23.124193 113.3208203 50
2048660591 404.0901975488494 1480.116316321641 23.1298286 113.3198381 50
2048660630 488.554779779295 1041.829123394086 23.125871 113.3206627 50
2048660642 633.8736044332749 1039.979670159621 23.1258543 113.3220814 50
2048660647 630.5753270279029 1029.658170669373 23.1257611 113.3220492 50
2048660652 458.8702831361586 1475.708637354938 23.1297888 113.3203729 50
2166359720 506.2650954068511 805.7746581311241 23.1237395 113.3208356 50
2367566330 208.3138744608358 1062.350302100729 23.1260563 113.3179268 50
2367566331 289.4801792872124 1470.215650502044 23.1297392 113.3187192 50
2367566333 229.476113958621 1128.199696914563 23.1266509 113.3181334 50
2367596633 188.9749063258644 1001.052555667158 23.1255028 113.317738 50
2367596639 425.0475750939264 1099.328292225991 23.1263902 113.3200427 50
2367596642 290.2484116023751 1089.859534646372 23.1263047 113.3187267 50
2367596644 386.8408213080452 1081.764023781121 23.1262316 113.3196697 50
2367596645 60.95667339793371 1081.12169870529 23.1262258 113.3164882 50
2367596651 249.8906073358627 1112.374136001744 23.126508 113.3183327 50
2367596655 428.56095754671 1104.688384235706 23.1264386 113.320077 50
2367596661 392.9866798254376 1318.117502440882 23.1283658 113.3197297 50
2367598211 239.1558411234163 1154.368906457689 23.1268872 113.3182279 50
2367598212 202.680170821956 1077.024107705768 23.1261888 113.3178718 50
2367598213 78.60553044163211 1088.663481057768 23.1262939 113.3166605 50
2367598221 201.0003028253864 1067.987258367182 23.1261072 113.3178554 50
2507455976 530.6948830167764 815.420608834746 23.1238266 113.3210741 50
2507455978 511.294456295341 784.6000797786205 23.1235483 113.3208847 50
2507455981 526.3005941758179 794.113135639064 23.1236342 113.3210312 50
2507455983 515.698988232306 827.7687546834616 23.1239381 113.3209277 50
2507455997 646.6365039560308 784.8215711845046 23.1235503 113.322206 50
2507456046 692.0748845988843 799.6504207727819 23.1236842 113.3226496 50
2507456053 519.1611551972384 790.8350628397285 23.1236046 113.3209615 50
2507456054 658.5594694811533 780.2366990930946 23.1235089 113.3223224 50
2507456059 542.2081246377857 811.9542683410252 23.1237953 113.3211865 50
2507456062 670.1853851751748 772.3073067807595 23.1234373 113.3224359 50
2507456083 639.763385512714 803.6704897803324 23.1237205 113.3221389 50
2507456085 631.0874819051123 786.7928446917658 23.1235681 113.3220542 50
2507456089 522.4491895039977 819.7839895202719 23.123866 113.3209936 50
2507456092 659.3891603814769 1016.390835488793 23.1256413 113.3223305 50
2507456096 510.9154616857629 838.3671184300956 23.1240338 113.320881 50
2507456101 538.2235597009405 794.4342981769796 23.1236371 113.3211476 50
2551958913 393.3964037269448 1351.141870980535 23.128664 113.3197337 50
2551958919 291.6107435745275 1462.0536922145 23.1296655 113.31874 50
2551958930 294.7758607109651 1361.230804494516 23.1287551 113.3187709 50
2551958933 431.8489918534694 1475.177057982225 23.129784 113.3201091 50
2551958936 293.198423690098 1403.081605537252 23.129133 113.3187555 50
2551958940 420.8581482056761 1473.294381036613 23.129767 113.3200018 50
2551958946 401.3348043126157 1458.509829728808 23.1296335 113.3198112 50
2551958949 398.5486817857563 1452.363443230053 23.129578 113.319784 50
2551958956 404.3974904746539 1463.327267795428 23.129677 113.3198411 50
2551958960 397.299023886616 1444.566945761249 23.1295076 113.3197718 50
2551958963 280.8452480714554 1481.998993267252 23.1298456 113.3186349 50
2551958966 285.6902332018563 1476.494931844329 23.1297959 113.3186822 50
2551958969 414.2206210043902 1471.400629520619 23.1297499 113.319937 50
2551958972 393.8368569216837 1373.534652062055 23.1288662 113.319738 50
2551958975 292.2560587180653 1453.758839083777 23.1295906 113.3187463 50
2551958977 274.5969585770573 1486.783207622726 23.1298888 113.3185739 50
2551958981 291.5697711839859 1317.010045414631 23.1283558 113.3187396 50
2551958983 408.9351826805535 1468.31082441602 23.129722 113.3198854 50
2551958985 392.9149781416641 1337.176837872211 23.1285379 113.319729 50
2551958988 395.8854764266124 1295.436782532241 23.128161 113.319758 50
2551976610 253.004508984449 1107.800338480717 23.1264667 113.3183631 50
2551976616 174.2146027860311 724.9856680258941 23.12301 113.3175939 50
2551976622 504.5647412182685 886.8294379230624 23.1244714 113.320819 50
2551976624 11.49275542769323 621.6267037147895 23.1220767 113.3160053 50
2551976629 504.4110947547147 560.8716112239615 23.1215281 113.3208175 50
2551976631 262.0081917124745 1099.826647887909 23.1263947 113.318451 50
2551976636 220.9948292051147 1104.023910019815 23.1264326 113.3180506 50
2551976642 403.373180721538 1083.225867056081 23.1262448 113.3198311 50
2551976643 271.9337532179134 364.5084058017374 23.119755 113.3185479 50
2551976644 230.4594513224984 338.1620031339039 23.1195171 113.318143 50
2551976652 396.0596090860886 1081.48715952403 23.1262291 113.3197597 50
2551976664 185.5946841420153 658.4939481369333 23.1224096 113.317705 50
2551976673 612.2709117433569 1032.349291244789 23.1257854 113.3218705 50
2551976674 420.8171758125281 1094.533003299783 23.1263469 113.3200014 50
2551976682 256.8968860468108 1103.713822051929 23.1264298 113.3184011 50
2551976692 169.6871536774411 603.9073912852721 23.1219167 113.3175497 50
2551976694 199.6277277572275 1037.731532395269 23.125834 113.317842 50
2551976696 271.1143054175056 359.0375680892564 23.1197056 113.3185399 50
2551976702 250.8637016011274 340.1222020714872 23.1195348 113.3183422 50
2551976705 268.9939842275002 353.7771472119251 23.1196581 113.3185192 50
2551976711 224.7438028986259 1114.699795758068 23.126529 113.3180872 50
2551976713 617.5665931658065 551.591121339432 23.1214443 113.3219222 50
2551976715 267.8774865972945 1096.061293996685 23.1263607 113.3185083 50
2551976721 169.3184021651726 590.806174658664 23.1217984 113.3175461 50
2551976730 269.5266252993289 384.5866016976683 23.1199363 113.3185244 50
2551976763 283.1192157211053 1090.612605424969 23.1263115 113.3186571 50
2551976767 271.3806259540717 376.8011787988939 23.119866 113.3185425 50
2551976769 265.6957068234312 348.8600380129216 23.1196137 113.318487 50
2551976774 261.3014179824726 344.2197930703046 23.1195718 113.3184441 50
2551976778 172.1250108892576 336.8330547017692 23.1195051 113.3175735 50
2551976783 409.6214702133297 1086.503939855417 23.1262744 113.3198921 50
2551976787 415.6239253670843 1090.036727771079 23.1263063 113.3199507 50
2551976793 300.4915091322313 1089.006792735743 23.126297 113.3188267 50
2551976795 274.9144946014745 1092.639251783789 23.1263298 113.318577 50
2551976804 272.2922616328723 370.4443754649899 23.1198086 113.3185514 50
2551976806 612.9367130828172 1041.286469451343 23.1258661 113.321877 50
2551976808 614.9341170998946 566.3202997960302 23.1215773 113.3218965 50
2551976810 256.9071291441204 341.4843742140641 23.1195471 113.3184012 50
2551976813 242.1673117976032 338.6492842257921 23.1195215 113.3182573 50
2551976815 505.7119681404031 573.795634726919 23.1216448 113.3208302 50
2551976835 192.6214490462795 1015.272303891455 23.1256312 113.3177736 50
2551976861 168.8062472892663 839.1534129187827 23.1240409 113.3175411 50
3038762891 248.9687285571462 461.5327159200549 23.1206311 113.3183237 50
3038774580 506.3675263838568 788.1217931239003 23.1235801 113.3208366 50
3038774583 168.1506890471157 809.3185206168162 23.1237715 113.3175347 50
3038774588 505.773426725564 836.6173363276619 23.124018 113.3208308 50
3038774590 169.4003469462559 847.4482660495056 23.1241158 113.3175469 50
3412148396 671.4760154648567 544.802409765551 23.121383 113.3224485 50
3412148495 675.1328012825815 764.2117959155084 23.1233642 113.3224842 50
4385454317 639.1692858557244 549.4869529886404 23.1214253 113.3221331 50
4385454318 641.7095740419402 566.2870760852356 23.121577 113.3221579 50
4385454319 585.2188911661325 567.9150379141689 23.1215917 113.3216064 50
4396930499 328.8956185816921 1486.938251606668 23.1298902 113.319104 50
4396930532 308.3889373273607 1488.865226833457 23.1299076 113.3189038 50
4396930534 363.3124262822172 1483.638029666568 23.1298604 113.31944 50
4397029810 256.0876813424096 1497.304049377741 23.1299838 113.3183932 50
4397029811 282.8016796979912 1492.486611311121 23.1299403 113.318654 50
4416227859 80.34685702336262 599.41111575692 23.1218761 113.3166775 50
4416428852 296.6605906563335 339.103341606886 23.1195256 113.3187893 50
4416428860 379.8652718903292 344.1533456490677 23.1195712 113.3196016 50
4416428862 424.5456633140265 458.2878668311616 23.1206018 113.3200378 50
4417215639 452.3044576212528 525.5658812098662 23.1212093 113.3203088 50
4417215645 650.4469362373092 548.0140351429453 23.121412 113.3222432 50
4417215646 661.366078202632 546.6961612808408 23.1214001 113.3223498 50
4418968003 5.807836298356023 926.6092943254498 23.1248306 113.3159498 50
4418968004 63.49696158675582 922.2791373507182 23.1247915 113.316513 50
4418968005 136.4278159976634 916.1659745627585 23.1247363 113.317225 50
4418968006 176.0276310476258 909.5876798236748 23.1246769 113.3176116 50
4418968017 172.7908122287178 883.3077245777827 23.1244396 113.31758 50
4418968024 144.9808024349434 763.8795588075629 23.1233612 113.3173085 50
4418982292 334.6419962961904 0.697697926333376 23.1164699 113.3191601 50
4418982295 320.7421129486095 0 23.1164636 113.3190244 50
4425334998 627.594585648251 1466.206656065229 23.129703 113.3220201 50
4434711892 49.54586275132382 1081.476084953647 23.126229 113.3163768 50
4434711893 42.05815845770132 1080.424000778604 23.1262195 113.3163037 50
4434711899 25.0443734602311 1073.181231822925 23.1261541 113.3161376 50
4434711910 36.85466491234152 1079.150425197324 23.126208 113.3162529 50
4434711911 42.92882174596031 1096.327083683394 23.1263631 113.3163122 50
4434711913 32.05065216857292 1102.019412801054 23.1264145 113.316206 50
4434711914 35.9430292309346 1099.39473964758 23.1263908 113.316244 50
4434711915 49.55610584863342 1094.112169629836 23.1263431 113.3163769 50
4434711916 66.1601669458997 1090.579381714174 23.1263112 113.316539 50
4434711917 98.77418947953342 1086.470716144622 23.1262741 113.3168574 50
4457679258 171.9816075243166 736.7800853611324 23.1231165 113.3175721 50
4457679259 181.8764397378266 674.7071190089043 23.122556 113.3176687 50
4478228457 641.8017619216363 1026.147531894828 23.1257294 113.3221588 50
4539469296 0 623.2214418329281 23.1220911 113.3158931 50
4739868479 666.8358922832546 1055.151831426579 23.1259913 113.3224032 50
4739868490 498.4393688941922 954.1960488634163 23.1250797 113.3207592 50
4739868510 657.0332479468343 1046.015310955609 23.1259088 113.3223075 50
4739868511 652.1985059137431 1042.748312726656 23.1258793 113.3222603 50
4739868512 647.3432776847294 1040.788113789073 23.1258616 113.3222129 50
4739868513 624.6445735579218 1040.500174961952 23.125859 113.3219913 50
4739868515 460.7037975949791 1099.018204258105 23.1263874 113.3203908 50
4739868516 474.0095812868732 1061.176397652537 23.1260457 113.3205207 50
4739868517 480.4627327300701 1040.212236135183 23.1258564 113.3205837 50
4739868518 485.5637953010305 1022.570445698341 23.1256971 113.3206335 50
4739868519 489.0362053619695 1007.907714663332 23.1255647 113.3206674 50
4739868520 394.1441498474881 1398.042676065453 23.1290875 113.319741 50
4739868621 293.7003354713011 1389.670300942759 23.1290119 113.3187604 50
4739868622 180.401433692662 944.4725761681755 23.1249919 113.3176543 50
5021426151 103.6908762924048 335.2604657233384 23.1194909 113.3169054 50
5063272654 607.1493629777772 566.6857606147703 23.1215806 113.3218205 50
5063272655 596.3019226936218 567.1841162766887 23.1215851 113.3217146 50
5272996103 268.5945034246059 388.3630301589223 23.1199704 113.3185153 50
5312833580 671.2301811242131 567.0622960035405 23.121584 113.3224461 50
5312833584 478.6292182712498 600.3746033699623 23.1218848 113.3205658 50
5312833585 504.8105755589121 756.5260441491178 23.1232948 113.3208214 50
5312833586 503.8886967788925 737.7435729745268 23.1231252 113.3208124 50
5312833587 503.1409506609554 726.5914807144153 23.1230245 113.3208051 50
5312833588 499.0539547458012 698.1298351257601 23.1227675 113.3207652 50
5312833589 488.17578517102 641.0736491052714 23.1222523 113.320659 50
5613310004 646.4726143951673 803.1499849776494 23.1237158 113.3222044 50
5677448186 506.9308967463113 1269.555511815531 23.1279273 113.3208421 50
5677448187 512.5133849012493 1276.333148819734 23.1279885 113.3208966 50
5677448188 515.6068003539131 1364.442429872262 23.1287841 113.3209268 50
5677448189 522.4287033093785 1367.521160406126 23.1288119 113.3209934 50
5677448190 684.8125284473767 1358.462161927481 23.1287301 113.3225787 50
5728863092 310.0688053226272 302.6790799951013 23.1191967 113.3189202 50
5728863093 314.4733372608953 309.4456424292745 23.1192578 113.3189632 50
5728863094 359.3176182454561 288.7029723167479 23.1190705 113.319401 50
5728863095 356.5929543024544 280.2973734832592 23.1189946 113.3193744 50
5728863096 320.7625991445319 314.5288701818985 23.1193037 113.3190246 50
5728863097 328.3322482166313 317.4193330220818 23.1193298 113.3190985 50
5728863098 336.4345383657721 317.8290921219987 23.1193335 113.3191776 50
5728863099 344.2602648771279 315.7359983408849 23.1193146 113.319254 50
5728863100 351.0514385380581 311.3393939449165 23.1192749 113.3193203 50
5728863101 356.1320149130961 305.0601126026316 23.1192182 113.3193699 50
5728863102 351.1743557083799 273.3093196442586 23.1189315 113.3193215 50
5728863103 335.0517201963942 266.5870554916145 23.1188708 113.3191641 50
5728863104 318.3042557367931 271.6149103933839 23.1189162 113.3190006 50
5728863105 312.1891265126327 278.0049374384347 23.1189739 113.3189409 50
5728863106 308.6040423760754 286.0893737336557 23.1190469 113.3189059 50
5728863107 307.9792134258537 294.8936570966791 23.1191264 113.3188998 50
5728863108 326.2324132251545 267.6502142370402 23.1188804 113.319078 50
5728863109 343.6968945120671 268.5472544291979 23.1188885 113.3192485 50
5728863110 359.0205684169612 297.5294048208882 23.1191502 113.3193981 50
5728863111 343.3486291970242 258.1150092368888 23.1187943 113.3192451 50
5728863114 335.2668252464121 19.0371862905651 23.1166355 113.3191662 50
5728863115 326.0275512737495 257.5391315829991 23.1187891 113.319076 50
5728863118 321.1313506554973 19.07041000135968 23.1166358 113.3190282 50
6453866422 77.55049139658732 769.8819758924046 23.1234154 113.3166502 50
6594497805 25.55652833613752 1108.265470432193 23.1264709 113.3161426 50
6742592136 228.2776715486351 529.8406653330387 23.1212479 113.3181217 50
6742592139 250.1159554805839 457.368677498944 23.1205935 113.3183349 50
7205402155 31.42582322095743 1076.791541730558 23.1261867 113.3161999 50
7205982534 620.9160860564235 1031.341505350571 23.1257763 113.3219549 50
7205982535 648.9002285096741 1023.079875930642 23.1257017 113.3222281 50
7205982537 653.1203846911565 1020.643470471553 23.1256797 113.3222693 50
7205982538 640.5316178265737 1040.012893870416 23.1258546 113.3221464 50
8003896472 285.1473490327179 1284.572629098898 23.1280629 113.3186769 50
8644378534 292.2765449139877 1447.61245258467 23.1295351 113.3187465 50
