4397029810 2551958977
2551958977 2551958963
2551958963 2551958966
2551958966 2367566331
2367566331 2551958919
2551958919 2551958975
2551958975 8644378534
8644378534 299851794
299851794 2551958936
2551958936 4739868621
4418968005 4418968004
4418968004 4418968003
4739868479 4739868510
4739868510 4739868511
4739868511 4739868512
4739868512 7205982538
7205982538 2048660642
2048660642 4739868513
4739868513 2551976806
2551976806 1338135259
4434711899 7205402155
7205402155 4434711910
4434711910 4434711893
4434711893 4434711892
4434711892 2367596645
2367596645 2367598221
2367596651 2551976610
2551976610 2551976682
2551976682 2551976631
2551976631 2551976715
2551976715 2551976795
2551976795 2551976763
2551976763 2367596642
2367596642 2551976793
2551976793 2367596644
2367596644 2551976652
2551976652 2551976642
2551976642 2551976783
2551976783 2551976787
2551976787 2551976674
2551976674 2367596639
2367596639 2367596655
2367598212 4434711917
4434711917 2367598213
2367598213 4434711916
4434711916 4434711915
4434711915 4434711911
4434711911 4434711914
4434711914 4434711913
4434711913 6594497805
1338135259 2367598212
2048660630 2551976673
2551976673 7205982534
7205982534 2048660647
2048660647 4478228457
4478228457 7205982535
7205982535 7205982537
7205982537 2507456092
2367598221 2048660630
320769078 2507455978
2507455978 2507456053
2507456053 2507455981
2507455981 2507456101
2507456101 2507456085
2507456085 2507455997
2507455997 2507456054
2507456054 2507456062
2507456062 3412148495
2551976692 2551976624
2551976624 4539469296
2551976721 2551976629
2551976629 2551976713
2551976713 4385454317
4385454317 4417215645
4417215645 4417215646
4417215646 3412148396
2551976815 2551976692
4397029810 4397029811
4397029811 4396930532
4396930532 4396930499
4396930499 4396930534
4396930534 2048660591
2048660591 2048660652
2048660652 4425334998
4416428862 4417215639
4417215639 320769323
320769323 320769324
320769324 5312833584
4457679258 2551976616
2551976616 4457679259
4457679259 2551976664
2551976664 299851784
299851784 320769294
4739868515 320769060
320769060 299851888
299851888 320583918
320583918 299851889
299851889 2551958988
2551958988 2367596661
2367596661 2551958985
2551958985 2551958913
2551958913 2551958972
2551958972 4739868520
4739868520 2551958960
2551958960 2551958949
2551958949 2551958946
2551958946 2551958956
2551958956 2551958983
2551958983 2551958969
2551958969 2551958940
2551958940 2551958933
2551958933 2048660652
4739868621 2551958930
2551958930 299851793
299851793 2551958981
2551958981 299851791
299851791 8003896472
8003896472 299851790
299851790 2367598211
2367598211 2367566333
2367566333 2551976711
2551976711 2551976636
2551976636 2367566330
2367566330 2551976694
2551976694 2551976835
2551976835 2367596633
2367596633 299851789
299851789 4739868622
4739868622 4418968006
4418968006 4418968017
4418968017 299851788
299851788 3038774590
3038774590 2551976861
2551976861 3038774583
3038774583 299851787
5063272654 5063272655
5063272655 4385454319
4385454319 2551976815
4416227859 2551976721
5312833580 4385454318
4385454318 2551976808
2551976808 5063272654
5312833584 5312833589
5312833589 299851883
299851883 5312833588
5312833588 299851884
299851884 5312833587
5312833587 5312833586
5312833586 5312833585
5312833585 320769078
320769078 3038774580
3038774580 2166359720
2166359720 3038774588
3038774588 1988676126
1988676126 2551976622
2551976622 320769057
320769057 4739868490
4739868490 320769058
320769058 4739868519
4739868519 4739868518
4739868518 4739868517
4739868517 4739868516
4739868516 320769059
320769059 4739868515
2507456046 5613310004
5613310004 2507456083
2507456083 2507456059
2507456059 2507455976
2507455976 2507456089
2507456089 2507455983
2507455983 2507456096
2507456096 1988676126
299851889 5677448186
5677448186 5677448187
5677448187 5677448188
5677448188 5677448189
5677448189 5677448190
4418982292 5728863114
5728863114 5728863111
5728863111 5728863109
4416428852 5728863107
5728863102 5728863095
5728863095 5728863094
5728863094 5728863110
5728863110 5728863101
5728863101 5728863100
5728863100 5728863099
5728863099 5728863098
5728863098 5728863097
5728863097 5728863096
5728863096 5728863093
5728863093 5728863092
5728863092 5728863107
5728863107 5728863106
5728863106 5728863105
5728863105 5728863104
5728863104 5728863108
5728863108 5728863103
5728863103 5728863109
5728863109 5728863102
5728863108 5728863115
5728863115 5728863118
5728863118 4418982295
5728863110 4416428860
6453866422 4418968024
299851787 4457679258
320769294 6742592136
6742592136 299851783
299851783 3038762891
3038762891 6742592139
6742592139 320769293
320769293 5272996103
5272996103 2551976730
2551976730 2551976767
2551976767 2551976804
2551976804 2551976643
2551976643 2551976696
2551976696 2551976705
2551976705 2551976769
2551976769 2551976774
2551976774 2551976810
2551976810 2551976702
2551976702 2551976813
2551976813 2551976644
2551976644 2551976778
2551976778 5021426151
