165997300 168.7151833312441 369.1985175099169 22.281177 114.1634578 50
165997395 193.9745391659712 347.0849204533202 22.2809773 114.1637029 50
165997447 207.1761853599337 314.9055949414804 22.2806867 114.163831 50
165997556 204.7337262266694 334.239766429668 22.2808613 114.1638073 50
165997587 204.2493566940838 313.7871806691452 22.2806766 114.1638026 50
165997625 165.4276539508944 252.318689301078 22.2801215 114.1634259 50
165997802 262.2500317770879 72.09896366315127 22.278494 114.1643654 50
166091633 127.2449067606031 205.2234823494312 22.2796962 114.1630554 50
166091652 149.5465167259422 138.2515068862103 22.2790914 114.1632718 50
239990812 76.81894670831886 185.7453565495347 22.2795203 114.1625661 50
274242038 238.3304214604779 291.7732442899396 22.2804778 114.1641333 50
274242040 132.1710479625603 228.6880352601163 22.2799081 114.1631032 50
279084958 104.9123795917259 214.6580265119479 22.2797814 114.1628387 50
279084967 160.2232579118499 298.5280235610862 22.2805388 114.1633754 50
279084968 181.1438994210212 318.260837760247 22.280717 114.1635784 50
279084969 253.3355712334954 292.5373094859716 22.2804847 114.1642789 50
279117180 299.031199043497 258.3204767845958 22.2801757 114.1647223 50
279117181 327.9181735053594 237.5799823992465 22.2799884 114.1650026 50
279121638 0 219.1870506457707 22.2798223 114.1618207 50
281676190 286.0047503401836 279.4596138809184 22.2803666 114.1645959 50
288372933 435.1493434135753 161.627472528612 22.2793025 114.1660431 50
288372935 419.2063717802357 86.6162023923373 22.2786251 114.1658884 50
288372937 389.9690023396972 40.57296926190116 22.2782093 114.1656047 50
288373068 259.652986624822 186.3876142506644 22.2795261 114.1643402 50
288373131 349.8178598155256 126.1371978330279 22.278982 114.1652151 50
288373132 407.5505857959552 120.1132635319989 22.2789276 114.1657753 50
288373133 427.26545634223 151.62818452555 22.2792122 114.1659666 50
288373410 417.7944861218409 80.61441490846721 22.2785709 114.1658747 50
288373414 413.7546381050199 63.428484697371 22.2784157 114.1658355 50
288373509 299.9174922312555 227.59176780494 22.2798982 114.1647309 50
293398478 469.9415038770786 180.8509099299486 22.2794761 114.1663807 50
366080457 318.5914835694592 230.459780642689 22.2799241 114.1649121 50
366080459 135.3864372013212 377.1824451402496 22.2812491 114.1631344 50
366080832 220.6663921268072 334.5941155059713 22.2808645 114.1639619 50
366080881 403.1088141239613 169.9103821925269 22.2793773 114.1657322 50
366080882 382.2603127576901 178.226512082004 22.2794524 114.1655299 50
366080883 326.7227082769757 208.9552210616599 22.2797299 114.164991 50
366080884 251.9339913083022 259.8818274029264 22.2801898 114.1642653 50
366080886 193.8920932859362 284.8302170720621 22.2804151 114.1637021 50
366155319 139.2613934620057 260.2140296620707 22.2801928 114.163172 50
366155320 86.87734380642046 283.2577930446238 22.2804009 114.1626637 50
508019969 412.2190836298506 53.05270080014236 22.278322 114.1658206 50
508019983 424.4210735551039 35.68959605071859 22.2781652 114.165939 50
508020530 468.6945099735091 10.65261911294726 22.2779391 114.1663686 50
508495325 287.0765467531039 63.59458582729536 22.2784172 114.1646063 50
527732391 66.1937341962857 199.7421450721409 22.2796467 114.162463 50
527732404 74.98452592441465 198.4133360348591 22.2796347 114.1625483 50
527732405 82.42526640253614 198.7898319286735 22.2796381 114.1626205 50
600710087 414.6615427631149 129.1713118007012 22.2790094 114.1658443 50
600710090 416.2898488502096 160.8634073322279 22.2792956 114.1658601 50
600710095 413.1156825521217 163.9971819779968 22.2793239 114.1658293 50
600716037 265.8364274674836 249.483896688539 22.2800959 114.1644002 50
600716042 310.1407810894269 220.3940521881503 22.2798332 114.1648301 50
600716052 267.7945170655402 183.4310141432233 22.2794994 114.1644192 50
600716067 266.6711919787452 175.6796280946437 22.2794294 114.1644083 50
600716131 268.4334726197495 171.9368159736595 22.2793956 114.1644254 50
600716566 322.4767455646564 136.3025869656621 22.2790738 114.1649498 50
600717318 425.2352265999624 130.2122122131564 22.2790188 114.1659469 50
601280454 567.1245824190831 0 22.2778429 114.1673237 50
601280459 295.2386886628474 36.60868896827151 22.2781735 114.1646855 50
601280461 206.3414208460498 74.67906787713036 22.2785173 114.1638229 50
984409286 253.716883419643 325.192791569369 22.2807796 114.1642826 50
984409337 273.8233718865779 314.2301170147884 22.2806806 114.1644777 50
984409420 234.4657709343061 323.4099727780408 22.2807635 114.1640958 50
988059467 260.1476618932314 299.9343464586001 22.2805515 114.164345 50
988059587 226.5921895987848 278.4962273290477 22.2803579 114.1640194 50
988059645 141.1885658565241 239.3185075559048 22.2800041 114.1631907 50
988059778 502.7034345956921 168.6147933811596 22.2793656 114.1666986 50
988059807 448.1036519726774 163.7314201703291 22.2793215 114.1661688 50
988470358 168.3750940844585 270.9441626356025 22.2802897 114.1634545 50
988470363 68.79077934855151 162.4136845425073 22.2793096 114.1624882 50
1001584080 218.831971342903 281.7850296956331 22.2803876 114.1639441 50
1001584084 206.6402871521624 324.7055615890558 22.2807752 114.1638258 50
1013426205 448.412824015925 178.1268514042607 22.2794515 114.1661718 50
1013426208 466.252050841556 169.5560331155193 22.2793741 114.1663449 50
1013426227 350.704153001973 221.2799248794366 22.2798412 114.1652237 50
1013426366 497.808210597273 196.05469999423 22.2796134 114.1666511 50
1029692771 100.3263276352432 175.0262969844062 22.2794235 114.1627942 50
1029692782 124.5963329331515 160.6640859770935 22.2792938 114.1630297 50
1029692784 75.00513739212893 205.3009962100156 22.2796969 114.1625485 50
1029692793 81.86875672705061 188.502635301137 22.2795452 114.1626151 50
1029692797 97.3685817671664 188.1039925901638 22.2795416 114.1627655 50
1030727437 182.5763965484414 239.5399757289024 22.2800061 114.1635923 50
1030727463 200.9412158447086 226.0082703694505 22.2798839 114.1637705 50
1030727479 150.8862622401259 235.996484963757 22.2799741 114.1632848 50
1030727490 247.6158884557052 168.2715177132597 22.2793625 114.1642234 50
1030727491 403.4076804340073 42.49974236529056 22.2782267 114.1657351 50
1033084085 123.8852372360422 238.7980573500294 22.2799994 114.1630228 50
1033084087 63.87494387979591 208.9109274266377 22.2797295 114.1624405 50
1298955691 148.649917803671 274.9527365639022 22.2803259 114.1632631 50
1298955699 167.7670557350984 308.5383849732559 22.2806292 114.1634486 50
1298955705 174.8161782925596 314.0529424761085 22.280679 114.163517 50
1298955710 189.5636846975154 321.6271539870647 22.2807474 114.1636601 50
1298955714 198.55028538663 323.6314409513906 22.2807655 114.1637473 50
1384338208 318.9934072259432 507.1731891811128 22.282423 114.164916 50
1384338236 315.1493681687968 482.9113508477769 22.2822039 114.1648787 50
1384359300 259.3850375235587 328.8802366472799 22.2808129 114.1643376 50
1384359313 273.4317539646066 318.6041134277947 22.2807201 114.1644739 50
1618530673 423.5347803673454 179.776789291579 22.2794664 114.1659304 50
1618530675 553.8714075525571 189.8535911555777 22.2795574 114.1671951 50
1618530676 404.201222005907 183.3202800570766 22.2794984 114.1657428 50
1618530683 361.2056966959205 200.4065495904295 22.2796527 114.1653256 50
1618530711 279.5533603975698 292.0832997322773 22.2804806 114.1645333 50
1618530719 246.399811758296 323.6314409513906 22.2807655 114.1642116 50
1618530730 144.5997640536485 358.7895133871261 22.281083 114.1632238 50
1618530734 168.8903808218932 355.7886196453671 22.2810559 114.1634595 50
1906341073 415.341721255375 44.935892266152 22.2782487 114.1658509 50
1906341075 232.7447132339749 85.39812744155438 22.2786141 114.1640791 50
1906341077 256.2108712254707 50.53903703869656 22.2782993 114.1643068 50
1906341083 324.8573702882223 30.31899285992711 22.2781167 114.1649729 50
1906341098 275.5856525249599 42.65477008645939 22.2782281 114.1644948 50
1906341116 417.0524732225046 39.00054523446289 22.2781951 114.1658675 50
1906341118 346.3345214755013 47.88141896483756 22.2782753 114.1651813 50
1906341126 215.7093337200009 93.75855096605369 22.2786896 114.1639138 50
1906341132 228.5399734623286 63.69424650433427 22.2784181 114.1640383 50
2496629637 378.6533056008912 22.4679461328999 22.2780458 114.1654949 50
2496629684 194.1703481243346 82.0761048494067 22.2785841 114.1637048 50
2496629698 410.5701660724193 122.0400366357404 22.278945 114.1658046 50
2496629702 412.9610965318091 124.4540397197951 22.2789668 114.1658278 50
2496629707 123.4730078489789 135.4388610918868 22.279066 114.1630188 50
2496629717 101.2538437610525 150.5097702525104 22.2792021 114.1628032 50
2496629720 96.20403374232073 153.7874992106926 22.2792317 114.1627542 50
2496629740 234.3214906485061 150.6205043390093 22.2792031 114.1640944 50
2496629755 430.9342979061051 158.6487256036598 22.2792756 114.1660022 50
2496629762 75.96357072409847 168.7366008760618 22.2793667 114.1625578 50
2496629767 66.2246513998237 171.9921830170851 22.2793961 114.1624633 50
2496629772 120.298841550891 167.7178472811177 22.2793575 114.162988 50
2496629773 427.5024882399553 165.3924314667552 22.2793365 114.1659689 50
2496629791 48.28236722906591 181.1055983285086 22.2794784 114.1622892 50
2496629800 48.4987876577658 198.3911892177002 22.2796345 114.1622913 50
2496629801 89.59805777808312 201.1595413780582 22.2796595 114.1626901 50
2496629805 108.550303953374 200.2625952780163 22.2796514 114.162874 50
2496629807 425.8432649480114 194.3936886985083 22.2795984 114.1659528 50
2496629808 95.80211008583672 208.3904772207623 22.2797248 114.1627503 50
2496629810 360.3400149784985 187.2402667156842 22.2795338 114.1653172 50
2496629811 19.82823362591441 193.651770319283 22.2795917 114.1620131 50
2496629815 382.3530643696154 190.5844361256952 22.279564 114.1655308 50
2496629821 118.1964716644123 211.1366825636091 22.2797496 114.1629676 50
2496629822 3.194777765802201 199.8085855236175 22.2796473 114.1618517 50
2496629828 369.4399787485639 209.5310383106086 22.2797351 114.1654055 50
2496629836 10.06870283392541 213.041308850544 22.2797668 114.1619184 50
2496629924 178.268599430357 266.4483587269897 22.2802491 114.1635505 50
2496629975 200.5805151302088 303.2342222339412 22.2805813 114.163767 50
2496630004 118.7426756053851 375.1892315850315 22.2812311 114.1629729 50
2556672762 389.3506582545133 120.644787146982 22.2789324 114.1655987 50
2556676420 371.4083740824443 23.64172744936496 22.2780564 114.1654246 50
3066136920 370.1510744456732 43.30810119634469 22.278234 114.1654124 50
3066136922 271.4942758342644 68.72157402793016 22.2784635 114.1644551 50
3066136924 202.7859423631255 101.1334411208189 22.2787562 114.1637884 50
3066136926 198.6533427330681 103.1820217194626 22.2787747 114.1637483 50
3066137333 171.5698718515718 120.5451264688865 22.2789315 114.1634855 50
3066137336 231.6110824139784 146.8333985837073 22.2791689 114.1640681 50
3175200573 338.5536917519053 128.263292292256 22.2790012 114.1651058 50
3175200578 417.4853140785934 144.8069648025746 22.2791506 114.1658717 50
3175200595 269.5464919707205 186.5980090149066 22.279528 114.1644362 50
3175200605 140.0858522400657 221.9000357634075 22.2798468 114.16318 50
3175200626 262.3737005951735 252.0750743105692 22.2801193 114.1643666 50
3175200643 275.3073976878727 305.5928582745703 22.2806026 114.1644921 50
3175200655 275.7505442810964 330.7848629331581 22.2808301 114.1644964 50
3175200765 197.7155208727461 353.3524697445058 22.2810339 114.1637392 50
3299892346 318.3338402013973 500.4848503617952 22.2823626 114.1649096 50
3673908410 368.0487045591945 183.7299961764532 22.2795021 114.165392 50
3681521237 168.1792851247839 99.21774142618506 22.2787389 114.1634526 50
4191492192 422.5557355702839 16.56581932712527 22.2779925 114.1659209 50
4361219226 375.7676998757144 22.93302929605409 22.27805 114.1654669 50
4361292405 244.9467031592282 79.68424858251086 22.2785625 114.1641975 50
4457491382 408.8903313101389 18.31541789218687 22.2780083 114.1657883 50
4502609493 328.6704921405195 52.46581014243816 22.2783167 114.1650099 50
4502672959 209.0724405509141 219.9068222078371 22.2798288 114.1638494 50
4539759189 334.452009325386 50.73835839453551 22.2783011 114.165066 50
4864485234 226.8086100274847 324.5283870510804 22.2807736 114.1640215 50
4865175354 174.7955668248454 278.8284295885442 22.2803609 114.1635168 50
4870237437 183.7512503091108 283.7007293906191 22.2804049 114.1636037 50
4937981584 77.23117609538221 165.9682487157039 22.2793417 114.1625701 50
5012578128 129.7492003009436 153.2338287785505 22.2792267 114.1630797 50
5012578131 87.94914022065188 205.4449505220767 22.2796982 114.1626741 50
5012578132 81.69355923640146 204.9355737249568 22.2796936 114.1626134 50
5012816961 117.4750702327903 189.7650038862377 22.2795566 114.1629606 50
5012816962 115.8879870824352 180.7623226606087 22.2794753 114.1629452 50
5012816963 116.9597834966666 175.0152235760029 22.2794234 114.1629556 50
5012846107 79.95189006704486 165.1045228422808 22.2793339 114.1625965 50
5012846108 61.25728725719351 174.5169201869342 22.2794189 114.1624151 50
5012859527 202.3221842995654 284.9963182012821 22.2804166 114.1637839 50
5070441150 453.9676150375788 192.1347133356224 22.279578 114.1662257 50
5087299357 266.6608862455437 179.9650372386623 22.2794681 114.1644082 50
5087299358 289.6220632328063 214.9570085451777 22.2797841 114.164631 50
5087299359 300.3503330912776 221.7671548597498 22.2798456 114.1647351 50
5087299360 284.4485843946778 229.695715446657 22.2799172 114.1645808 50
5087299361 284.7783679082618 226.351546036646 22.279887 114.164584 50
5087299362 284.0981894146906 222.8523489061706 22.2798554 114.1645774 50
5087299363 282.2431571643832 218.8548483866264 22.2798193 114.1645594 50
5087299364 283.0470044707957 232.3976271551861 22.2799416 114.1645672 50
5087299365 483.7408826858886 165.0270089813442 22.2793332 114.1665146 50
5087299366 428.6567305315994 155.6589052706564 22.2792486 114.1659801 50
5229450011 317.5918273020611 493.9404658548908 22.2823035 114.1649024 50
5417710063 343.4489157490133 198.5794371647835 22.2796362 114.1651533 50
5566831538 282.1813227546849 358.6234122575539 22.2810815 114.1645588 50
5566831539 309.8419147820032 463.676840038037 22.2820302 114.1648272 50
5566831540 312.6450746271452 473.6982748582579 22.2821207 114.1648544 50
5566831544 279.2338826198096 346.3983691175204 22.2809711 114.1645302 50
5566831545 287.3444958556785 377.6696751205628 22.2812535 114.1646089 50
6266858932 186.657467502002 109.8814339475358 22.2788352 114.1636319 50
6336535284 210.6904409034961 283.9664911979346 22.2804073 114.1638651 50
6481252264 134.5207554852104 270.0582899443161 22.2802817 114.163126 50
6481253408 274.4520217036523 309.8893408273444 22.2806414 114.1644838 50
6481253413 249.7079526076712 324.1186709309994 22.2807699 114.1642437 50
6481253417 186.2658495826529 362.9198948106801 22.2811203 114.1636281 50
6827908104 443.2805681197805 13.90820125326616 22.2779685 114.166122 50
6854024927 307.18303522135 145.7814247628487 22.2791594 114.1648014 50
6854024930 346.592164842252 195.9771861339978 22.2796127 114.1651838 50
6854024932 301.6797728709486 59.59708530775117 22.2783811 114.164748 50
6854024933 314.9020305352476 32.4340139103997 22.2781358 114.1648763 50
6942476416 244.812728607941 164.0082553864001 22.279324 114.1641962 50
6942476417 255.334883772225 180.0204042820878 22.2794686 114.1642983 50
6942476418 304.4314040448382 147.6306840060058 22.2791761 114.1647747 50
6967929042 119.9793637731308 194.9030654959803 22.279603 114.1629849 50
6967929045 160.3572324618261 104.6326382516465 22.2787878 114.1633767 50
6967929055 97.91478570813925 207.6374854327815 22.279718 114.1627708 50
6967929062 116.0837960434209 184.8705572666517 22.2795124 114.1629471 50
7085946448 293.1878474515544 218.821628160712 22.279819 114.1646656 50
7085946449 297.0318865060786 220.8591353509523 22.2798374 114.1647029 50
7085946450 303.5141936548528 221.933255989322 22.2798471 114.1647658 50
7085946451 306.6471370135788 221.6232005469843 22.2798443 114.1647962 50
7142347328 417.9696836124901 157.4085038360702 22.2792644 114.1658764 50
7142347329 418.7013907799358 153.1563149179661 22.279226 114.1658835 50
7235119854 275.977270444309 263.0156020483431 22.2802181 114.1644986 50
7235119856 483.7717998881155 170.0654099133435 22.2793787 114.1665149 50
7235119857 406.550929527246 197.117747223844 22.279623 114.1657656 50
7235119858 385.9394600573889 202.588011092731 22.2796724 114.1655656 50
7235119859 474.8573393458342 193.0316594349599 22.2795861 114.1664284 50
7244719872 243.5966519092207 162.4579781764729 22.27931 114.1641844 50
