165997300 165997395
165997395 165997556
165997556 1001584084
166091633 6967929042
6967929042 5012816961
5012816961 6967929062
6967929062 5012816962
5012816962 5012816963
5012816963 2496629772
2496629772 1029692782
1029692782 5012578128
988059807 288372933
3066136926 3066137336
3066137336 2496629740
165997625 1030727437
7235119854 274242038
274242038 165997447
165997447 1618530730
1618530730 2496630004
366080459 1618530734
1618530734 279084969
279084969 279117180
279117180 279117181
988059807 2496629773
2496629773 366080881
366080881 366080882
366080882 3673908410
3673908410 2496629810
2496629810 6854024930
6854024930 5417710063
5417710063 366080883
366080883 600716042
600716042 288373509
288373509 600716037
279117181 1013426227
1013426227 2496629828
366155319 6481252264
6481252264 366155320
508019969 1906341073
1906341073 1906341116
1906341116 508019983
288373410 288373414
288373414 508019969
288372933 2496629755
2496629755 5087299366
5087299366 288373133
288373133 600717318
600716052 5087299357
5087299357 600716067
600716067 600716131
600716131 6942476418
6942476418 6854024927
6854024927 600716566
600716566 3175200573
3175200573 288373131
288373131 2556672762
2556672762 288373132
288373132 2496629698
2496629698 2496629702
2496629702 600710087
600710087 3175200578
3175200578 7142347329
7142347329 7142347328
7142347328 600710090
600710090 600710095
600710095 366080881
1618530719 6481253413
6481253413 984409286
984409286 1384359300
366155319 1298955691
1298955691 279084967
279084967 1298955699
1298955699 1298955705
1298955705 279084968
279084968 1298955710
1298955710 1298955714
1298955714 1001584084
527732391 527732404
527732404 527732405
527732405 2496629801
2496629801 6967929055
6967929055 279084958
527732391 1029692793
1029692793 1029692771
366080886 4870237437
4870237437 4865175354
4865175354 988470358
274242040 2496629821
2496629821 2496629805
2496629805 1029692797
1029692797 2496629762
2496629762 988470363
988470358 988059645
1001584084 4864485234
4864485234 984409420
1001584084 165997587
165997587 2496629975
2496629975 366080886
4502672959 288373068
288372937 1030727491
1030727491 508019969
165997625 1030727479
1030727479 3175200605
3175200605 166091633
988059645 274242040
1030727437 1030727463
1384338208 3299892346
3299892346 5229450011
5229450011 1384338236
1384338236 5566831540
5566831540 5566831539
5566831539 5566831545
5566831545 5566831538
5566831538 5566831544
5566831544 3175200655
3175200655 1384359313
366080886 2496629924
6481253417 3175200765
3175200765 366080832
366080832 984409420
988059778 7235119856
7235119856 1013426208
1013426208 1013426205
600716037 3175200626
3175200626 366080884
988059587 1001584080
1001584080 6336535284
6336535284 5012859527
5012859527 366080886
5012578128 166091652
166091652 3066137333
3066137333 6266858932
6266858932 3066136926
2496629707 2496629717
2496629717 2496629720
279121638 2496629836
2496629836 2496629800
2496629800 239990812
2496629720 5012846107
5012846107 4937981584
4937981584 2496629767
2496629767 5012846108
5012846108 2496629791
2496629791 2496629811
2496629811 2496629822
3066136922 508495325
508495325 6854024932
6854024932 4502609493
4502609493 4539759189
4539759189 1906341118
1906341118 3066136920
3066136920 288372937
288372937 508019983
3066136924 1906341126
1906341126 1906341075
1906341075 4361292405
4361292405 165997802
165997802 3066136922
3066136926 3066136924
2496629924 165997625
279084958 1033084085
1033084085 366155319
1029692771 5012578128
239990812 1029692771
288372935 288373410
988059778 5087299365
5087299365 988059807
366080884 988059587
988059467 281676190
366080457 7235119854
984409420 988059467
288373068 5087299363
5087299363 5087299362
5087299362 5087299361
5087299361 5087299360
5087299360 5087299364
5087299364 600716037
1033084087 1029692784
1029692784 5012578132
5012578132 5012578131
5012578131 2496629808
2496629808 279084958
1384359313 984409337
984409337 6481253408
6481253408 3175200643
3175200643 1618530711
1618530711 281676190
1030727463 4502672959
1013426205 1618530673
1618530673 1618530676
1618530676 2496629815
2496629815 1618530683
984409420 1618530719
6942476416 1030727490
6942476417 288373068
600716042 7085946451
7085946451 7085946450
7085946450 5087299359
5087299359 7085946449
7085946449 7085946448
7085946448 5087299358
5087299358 3175200595
3175200595 600716052
601280454 508020530
508020530 6827908104
6827908104 4191492192
4191492192 4457491382
4457491382 2496629637
2496629637 4361219226
4361219226 2556676420
2556676420 1906341083
1906341083 6854024933
6854024933 601280459
601280459 1906341098
1906341098 1906341077
1906341077 1906341132
1906341132 601280461
601280461 2496629684
2496629684 3681521237
3681521237 6967929045
6967929045 2496629707
1618530675 293398478
293398478 1013426205
1618530683 366080457
2496629828 7235119858
7235119858 7235119857
7235119857 2496629807
2496629807 5070441150
5070441150 7235119859
7235119859 1013426366
1030727490 6942476417
2496629740 7244719872
7244719872 6942476416
