653847026 653847028
653847028 653847346
653847028 172668701
653847028 653847030
653847346 653847352
653847346 5534707496
653847346 172183102
172198804 172198825
172833285 172833300
172833300 5534707824
172833300 172833325
172833325 172833342
5534707496 653847335
653847335 5534707489
5534707489 653847329
5534707489 5534707487
5534707489 5614445676
653847329 5850655490
653847329 5516335267
5850655490 5534707491
5534707491 5878088344
5878088344 1062479512
1062479512 1062479510
1062479512 1062479537
1062479537 1062479538
1062479538 1710227046
1710227046 1710227152
1710227152 2148775514
2148775514 1710227399
1710227399 1710227495
1710227495 1710227572
1710227572 1710227591
1710227591 1710227695
1710227695 1710227725
1710227725 1710227741
1710227741 1710227762
1710227762 2148775539
2148775539 1710227932
172518399 172525775
172518399 172518404
172525775 172525771
172518404 172518406
172518406 1710227716
172518406 172266620
1710227716 1710227756
1710227756 1710227767
1710227756 172266620
1710227756 172266626
1710227767 172518420
1710227767 172559770
172518420 172266620
172518420 172518421
172657350 1710227372
1710227372 172657346
172657346 172657344
172657344 1710227341
1710227341 1710227305
1710227305 1710227180
1710227180 172657336
172657336 5795083353
172657375 2148775540
2148775540 172131444
172131444 172736573
172736573 172736570
172736570 172736563
172736563 172736560
172736560 172736555
172736555 172736542
172736542 172736536
172736536 172145241
172145241 172736525
172736525 172736522
172736522 172432036
172627038 172668708
172627038 172627047
172668708 172668706
172668706 172668701
172627047 172627062
172627062 172627077
172627077 172627100
172627100 172627103
172627103 172627130
172627130 4059852157
4059852157 4059852151
4059852157 172627135
172627135 653847032
653847032 653847030
653847032 5534707487
5534707487 1803349800
1803349800 2148775524
2148775524 653847078
653847078 653847092
653847092 2148775508
2148775508 1710227057
1710227057 2148775496
5516335267 5516335255
5516335267 172432097
5516335255 5516335258
5516335258 5516335263
172432097 172432091
172432091 172432081
5614445676 5534707488
172183102 172183117
5850514023 172820313
5850514023 172820327
172820313 172803127
172803127 172296123
172296123 172820388
172296123 172296125
172820388 172247028
172296125 172296129
