653847026 2147.44368520464 583.854291194288 35.2990853 -80.7363209 50
653847028 2080.508370117489 548.6363843457771 35.2987668 -80.7370578 50
653847346 2091.553741693306 527.892650200763 35.2985792 -80.7369362 50
172668701 2066.592655270641 579.066425051406 35.299042 -80.737211 50
653847030 1979.41960344593 495.582846805765 35.298287 -80.7381707 50
653847352 2158.688890806014 563.2211313262369 35.2988987 -80.7361971 50
5534707496 2010.938879243215 485.5758748444209 35.2981965 -80.73782370000001 50
172183102 2154.88296096278 436.64675779255 35.297754 -80.736239 50
172198804 2356.261158204829 150.369957689802 35.295165 -80.734022 50
172198825 2334.006914484835 151.917997551097 35.295179 -80.734267 50
172833285 2270.241693707051 270.343046956712 35.29625 -80.73496900000001 50
172833300 2234.907404700788 262.5143882279622 35.2961792 -80.73535800000001 50
5534707824 2228.966884133168 244.601355545753 35.2960172 -80.7354234 50
172833325 2191.488921037931 314.904480112531 35.296653 -80.73583600000001 50
172833342 2155.337129201421 345.091257411656 35.296926 -80.736234 50
653847335 1900.339829644711 423.4773615424378 35.2976349 -80.7390413 50
5534707489 1835.902439872397 388.3036844033049 35.2973168 -80.7397507 50
653847329 1683.129327586161 304.9196230065781 35.2965627 -80.7414326 50
5534707487 1825.093235780489 408.0633074921461 35.2974955 -80.7398697 50
5614445676 1883.335770770943 301.5802798760769 35.2965325 -80.7392285 50
5850655490 1716.901277848632 244.7229872493572 35.2960183 -80.7410608 50
5516335267 1380.462529646996 136.9351831777931 35.2950435 -80.7447647 50
5534707491 1750.055559307568 186.5498607383902 35.2954922 -80.7406958 50
5878088344 1787.87869026408 120.1610655359868 35.2948918 -80.74027940000001 50
1062479512 1799.914148601937 99.04137885352202 35.2947008 -80.7401469 50
1062479510 1811.958690305537 77.47939506883404 35.2945058 -80.7400143 50
1062479537 1764.016690978511 74.57129161461808 35.2944795 -80.7405421 50
1062479538 1734.795506471662 42.22831593617911 35.294187 -80.7408638 50
1710227046 1687.625593154254 66.52148433475713 35.2944067 -80.74138309999999 50
1710227152 1627.966053258039 124.4181751543729 35.2949303 -80.74203989999999 50
2148775514 1589.616087143871 165.1316235126978 35.2952985 -80.7424621 50
1710227399 1554.645132728059 204.5845251256092 35.2956553 -80.74284710000001 50
1710227495 1510.218395573986 258.2904508923129 35.296141 -80.7433362 50
1710227572 1481.033544525488 295.122742168297 35.2964741 -80.7436575 50
1710227591 1450.186437721576 339.8279218831121 35.2968784 -80.7439971 50
1710227695 1421.037920132585 384.8205947152151 35.2972853 -80.74431800000001 50
1710227725 1395.004996664278 430.366138926503 35.2976972 -80.7446046 50
1710227741 1374.631009455587 468.3262878155449 35.2980405 -80.7448289 50
1710227762 1351.704596743375 514.999689639892 35.2984626 -80.7450813 50
2148775539 1319.476818492053 591.130078543853 35.2991511 -80.74543610000001 50
1710227932 1204.545003891504 891.47192652991 35.3018673 -80.74670140000001 50
172518399 811.2716422417443 308.159449287461 35.296592 -80.751031 50
172525775 859.3226419449802 272.8862553008212 35.296273 -80.750502 50
172518404 834.5250560860541 360.3505074756072 35.297064 -80.750775 50
172525771 891.9319215159289 247.1224490337659 35.29604 -80.75014299999999 50
172518406 840.8198278806931 374.1833493804602 35.2971891 -80.7507057 50
1710227716 867.3341696825601 416.9977089792651 35.2975763 -80.7504138 50
172266620 956.242144179389 465.8494240376131 35.2980181 -80.74943500000001 50
1710227756 946.0869423528352 479.527461956829 35.2981418 -80.7495468 50
1710227767 1040.208768235227 555.3040131766211 35.2988271 -80.7485106 50
172266626 915.0945017132053 518.803444728007 35.298497 -80.749888 50
172518420 1049.973385376412 543.7158290705411 35.2987223 -80.7484031 50
172559770 995.028111804178 608.9214795231619 35.299312 -80.749008 50
172518421 1106.826165554868 591.7492944871051 35.2991567 -80.7477772 50
172657350 669.2441504918329 170.4391887520269 35.2953465 -80.75259459999999 50
1710227372 734.4263761765351 193.748246094432 35.2955573 -80.75187699999999 50
172657346 778.3262781729522 194.9203334189788 35.2955679 -80.75139369999999 50
172657344 860.6669799328829 181.2644103551561 35.2954444 -80.75048719999999 50
1710227341 914.785667310282 185.8090130908308 35.2954855 -80.7498914 50
1710227305 969.9307749080731 175.2159974675642 35.2953897 -80.7492843 50
1710227180 1004.565644826042 149.020951524928 35.2951528 -80.748903 50
172657336 1033.123743704106 95.06070492437584 35.2946648 -80.74858860000001 50
5795083353 1042.279775405187 74.86984215854682 35.2944822 -80.74848780000001 50
172657375 1171.51788953911 909.208040371793 35.3020277 -80.74706500000001 50
2148775540 1227.226165756375 774.40694071792 35.3008086 -80.74645169999999 50
172131444 1300.855920686966 588.100343386033 35.2991237 -80.7456411 50
172736573 1317.287727580138 546.0931760009651 35.2987438 -80.7454602 50
172736570 1334.82770497615 506.9167100772941 35.2983895 -80.74526710000001 50
172736563 1366.401480963274 441.5009685009059 35.2977979 -80.74491949999999 50
172736560 1393.469908016561 394.0756616016561 35.297369 -80.74462149999999 50
172736555 1433.563880169746 330.683429272226 35.2967957 -80.74418009999999 50
172736542 1490.997995692229 248.9137523029722 35.2960562 -80.7435478 50
172736536 1537.250489167766 192.8968241713178 35.2955496 -80.74303860000001 50
172145241 1565.28175288933 160.0673216791688 35.2952527 -80.74272999999999 50
172736525 1610.580493062333 112.321349379893 35.2948209 -80.7422313 50
172736522 1668.977445253093 55.12127649705099 35.2943036 -80.7415884 50
172432036 1713.131681464906 15.06021636682499 35.2939413 -80.74110229999999 50
172627038 1984.38820398184 777.104953047666 35.300833 -80.73811600000001 50
172668708 2003.554103674914 733.096391271032 35.300435 -80.737905 50
172627047 1937.608875349804 757.0910091242729 35.300652 -80.738631 50
172668706 2043.066740481759 639.5505539252131 35.299589 -80.73747 50
172627062 1905.817098609102 722.260112240559 35.300337 -80.738981 50
172627077 1916.717136348045 658.0164579880141 35.299756 -80.738861 50
172627100 1890.73871306842 602.17644869739 35.299251 -80.739147 50
172627103 1845.594390096878 567.8984231935631 35.298941 -80.739644 50
172627130 1832.423511161263 526.1013469322611 35.298563 -80.739789 50
4059852157 1835.203020784104 522.2312472786709 35.298528 -80.7397584 50
4059852151 1782.7193390672 504.5061908648361 35.2983677 -80.7403362 50
172627135 1872.571983501975 466.170089436936 35.298021 -80.739347 50
653847032 1888.585955614858 443.8451431485928 35.2978191 -80.7391707 50
1803349800 1687.380342303447 330.4622807211149 35.2967937 -80.7413858 50
2148775524 1615.621760517259 289.9478660592122 35.2964273 -80.7421758 50
653847078 1409.511130223208 175.967902543171 35.2953965 -80.7444449 50
653847092 1370.797829517434 154.2732296261279 35.2952003 -80.7448711 50
2148775508 1330.967274944233 134.1376539998359 35.2950182 -80.7453096 50
1710227057 1216.607712323124 70.82282366392792 35.2944456 -80.7465686 50
2148775496 1095.099541619934 3.062907440556046 35.2938328 -80.7479063 50
5516335255 1414.225396544879 72.77998834541222 35.2944633 -80.744393 50
172432097 1407.630873713062 69.21949666450291 35.2944311 -80.7444656 50
5516335258 1435.098968816307 35.00781572544702 35.2941217 -80.7441632 50
5516335263 1459.415136342828 5.396024660195962 35.2938539 -80.74389549999999 50
172432091 1428.79511365708 30.96079723012417 35.2940851 -80.7442326 50
172432081 1454.228535049873 0 35.2938051 -80.7439526 50
5534707488 1898.504989957504 273.8371940728498 35.2962816 -80.73906150000001 50
172183117 2233.063481651304 473.7997144692631 35.29809 -80.73537829999999 50
5850514023 2298.672625478573 28.90411569972593 35.2940665 -80.734656 50
172820313 2261.61249716478 57.70871455194492 35.294327 -80.73506399999999 50
172820327 2315.122599102076 0.04422971008079912 35.2938055 -80.7344749 50
172803127 2208.474813183679 69.20843923715802 35.294431 -80.735649 50
172296123 2116.823662520049 89.22238316055109 35.294612 -80.73665800000001 50
172820388 2082.034375400618 59.146180136981 35.29434 -80.737041 50
172296125 2154.156291778412 157.3361370673888 35.295228 -80.73624700000001 50
172247028 2074.858517222461 44.99267283210202 35.294212 -80.73712 50
172296129 2100.110271320028 186.748894435515 35.295494 -80.736842 50
