4614310471 4614310469
4614310469 773021608
773021608 5616812354
773021608 172263395
773021608 773021222
5616812354 5616812352
5616812354 4614310466
5616812352 5616811419
5616811419 5616812323
5616812323 172419443
5616812323 5616812358
5616812323 172419447
172419443 172897197
172419443 172890958
172419443 773021222
172897197 172893855
172893855 172893863
172893855 172143998
172893863 172513680
172513680 172893878
172513680 172513683
172893878 172893885
172143998 172897194
172897194 172579719
172579719 172897191
172579719 172579707
172897191 172897186
172897186 2902023892
2902023892 172897176
172897176 172897173
172897173 172897171
172897171 172668868
172668868 1833752465
172668868 172668875
172668868 172897168
172668868 172668867
1833752465 3702011126
3702011126 1833752472
3702011126 172668863
3702011126 3702011130
1833752472 1833752477
1833752477 1833752478
1833752478 1833752475
1833752475 3702011142
1833752475 1833752484
1833752475 172668838
3702011142 4045926710
4045926710 4045926709
4045926709 482711558
1833752484 1833752485
1833752485 1863678590
1863678590 1833752488
1833752488 1833752487
1833752487 1833752473
2129659974 2129659975
2129659974 2129659989
2129659975 2129659977
2129659977 2129659981
2129659989 2129659986
2129659989 2129659995
2129659995 2129659966
2129659995 482711555
801862666 5616812321
801862666 172358852
172618438 172618434
172618434 4059852171
4059852171 4059852172
4059852171 172618416
4059852172 172284735
172618416 172618402
172618402 172618391
5616812321 5616812359
5616812321 801862664
5616812359 5616812326
5616812359 172358852
5616812359 172358854
5616812326 5616812335
5616812335 5616812360
5616812360 5616812332
5616812332 5616812341
5616812341 5616812327
5616812341 172199628
5616812341 172316632
5616812327 5616812322
5616812322 5616812358
172199628 5616812336
172199628 5616812343
172199628 172199643
5616812336 1803480639
1803480639 1803480642
1803480642 172890969
172890969 172890971
172890971 172358852
172358852 172358849
5616812343 172890963
172890963 172890961
172890961 172890958
172199643 172199658
172199658 172510734
172199658 172199667
172510734 172510746
172510746 172510757
172199667 172191648
172191648 172199687
172191648 172191650
172199687 172445063
172199687 172199700
172445063 172445064
172191650 172191651
172316632 172316630
172316630 172316622
172316622 172316617
172316617 172316613
172316613 172316609
172316609 172316599
172316599 172316595
172316595 172316593
172316593 172316591
172316591 172316590
172316590 172316588
172316588 172316586
172316586 3709716403
3709716403 3709716405
3709716405 3709716408
3709716408 3709716410
3709716410 3709716413
3709716413 3709716414
3709716414 3709716415
3709716415 3709716417
3709716417 3709716419
172358854 801862604
172358854 801862632
801862604 801862637
801862604 172358856
801862637 801862636
801862637 801862662
801862636 801862632
801862636 801862664
172358856 172358858
172263356 172263366
172263366 172263374
172263374 172263378
172263378 172263384
172263384 172263388
172263388 172263395
172668892 172668890
172668890 3702888191
3702888191 5742054559
3702888191 3709716355
5742054559 172668881
172668881 172668875
3709716355 3702888185
3702888185 3702888184
1806268028 172897167
172897167 172897168
482711555 482711553
482711553 1871772955
1871772955 482711549
482711549 1871772968
1871772968 172668863
172668863 172668867
172668863 172668856
172668856 172668852
172668852 172668843
172668843 172668838
172668838 172668835
172668838 482711565
172668835 172668831
172668831 1863678587
1863678587 172668828
172668828 172668826
172668826 172668819
482711565 1871784112
3702011130 3702011132
172579707 172579702
172579702 172579700
172579702 172579733
172579700 172579679
172579700 172579782
172579679 172579761
172579679 172579667
172579761 172579756
172579756 172579746
172579756 172579757
172579746 172579733
172579667 172579660
172579660 172579646
172579660 172579815
172579646 172579637
172579637 172579634
172579815 172579818
172579815 172579835
172579782 172579788
172579788 172579791
172579788 172579800
172579800 172579804
172419447 4589931445
4589931445 172419461
4614310466 3729890264
3729890264 4614310464
