4614310471 3327.209269967549 2364.774635007151 35.3151914 -80.7233327 50
4614310469 3264.543136328016 2418.414216208381 35.3156765 -80.7240226 50
773021608 3224.894249048885 2444.797238419391 35.3159151 -80.7244591 50
5616812354 3231.234437668774 2457.856060393948 35.3160332 -80.7243893 50
172263395 3204.147843885155 2396.266188761068 35.3154762 -80.7246875 50
773021222 3197.462487405147 2461.737217474883 35.3160683 -80.72476109999999 50
5616812352 3183.891940419574 2490.077404368783 35.3163246 -80.72491049999999 50
4614310466 3280.402691239437 2423.279484344082 35.3157205 -80.723848 50
5616811419 3111.533856556715 2535.810924848445 35.3167382 -80.72570709999999 50
5616812323 3035.705927346155 2588.776002966887 35.3172172 -80.7265419 50
172419443 3029.956157439504 2575.462860157779 35.3170968 -80.72660519999999 50
5616812358 3008.964501424966 2606.72220793324 35.3173795 -80.7268363 50
172419447 3069.759461918941 2659.300276086182 35.317855 -80.726167 50
172897197 3010.172588941739 2522.851619721396 35.316621 -80.726823 50
172890958 3001.461642114711 2596.969556805744 35.3172913 -80.7269189 50
172893855 2990.643354658215 2468.449076017214 35.316129 -80.72703799999999 50
172893863 2943.409857785226 2489.126465596051 35.316316 -80.727558 50
172143998 2942.047353068147 2335.649370756314 35.314928 -80.72757300000001 50
172513680 2937.596504325304 2495.539773594453 35.316374 -80.727622 50
172893878 2931.783150863071 2540.101206750272 35.316777 -80.72768600000001 50
172513683 2898.356368460719 2463.141510777885 35.316081 -80.728054 50
172893885 2942.501521306788 2552.374951366485 35.316888 -80.72756800000001 50
172897194 2900.173041417595 2221.094421004992 35.313892 -80.72803399999999 50
172579719 2895.994693617012 2209.926419146444 35.313791 -80.72808000000001 50
172897191 2878.191298643328 2151.985498616044 35.313267 -80.72827599999999 50
172579707 2855.664553981074 2228.724046035912 35.313961 -80.72852399999999 50
172897186 2865.656255241579 2098.356974841455 35.312782 -80.728414 50
2902023892 2853.893297848294 2049.593719204676 35.312341 -80.7285435 50
172897176 2836.135319696394 2000.388166463565 35.311896 -80.728739 50
172897173 2812.155236668871 1953.946970619081 35.311476 -80.72900300000001 50
172897171 2792.444335090122 1905.07314070534 35.311034 -80.72922 50
172668868 2789.083490119786 1889.703316366536 35.310895 -80.729257 50
1833752465 2735.963972869016 1920.498252182976 35.3111735 -80.7298418 50
172668875 2827.96029139161 1889.813890642092 35.310896 -80.728829 50
172897168 2783.724304898505 1820.373245426477 35.310268 -80.729316 50
172668867 2757.927548912951 1896.680553170765 35.3109581 -80.7296 50
3702011126 2725.100268588425 1930.914348965213 35.3112677 -80.72996139999999 50
1833752472 2678.902275300415 1976.072883211001 35.3116761 -80.73047 50
172668863 2717.997077328127 1923.881825022855 35.3112041 -80.7300396 50
3702011130 2751.769027590598 1978.826182678877 35.311701 -80.7296678 50
1833752477 2632.395447611794 1992.437876032619 35.3118241 -80.730982 50
1833752478 2588.886130300747 1993.543618790988 35.3118341 -80.731461 50
1833752475 2538.264538363658 1992.515278024734 35.3118248 -80.73201829999999 50
3702011142 2541.43463267187 2043.589536027869 35.3122867 -80.7319834 50
1833752484 2485.517439069082 2000.730946718983 35.3118991 -80.73259899999999 50
172668838 2537.919370502384 1982.508306063389 35.3117343 -80.73202209999999 50
4045926710 2540.962297705208 2112.101357326848 35.3129063 -80.73198859999999 50
4045926709 2536.647699431184 2184.361646576516 35.3135598 -80.7320361 50
482711558 2536.09361418092 2191.161964539714 35.3136213 -80.7320422 50
1833752485 2442.09895540507 2000.841520995242 35.3119001 -80.73307699999999 50
1863678590 2379.423738400949 2001.615540925538 35.3119071 -80.733767 50
1833752488 2296.12928333964 2009.134591680903 35.3119751 -80.734684 50
1833752487 2237.269079545651 2008.139423199496 35.3119661 -80.735332 50
1833752473 2192.87867584993 1977.344487382353 35.3116876 -80.7358207 50
2129659974 2650.017175290253 1631.866220005196 35.3085632 -80.730788 50
2129659975 2595.38981948553 1634.453658059387 35.3085866 -80.7313894 50
2129659989 2649.699257523897 1737.685801967228 35.3095202 -80.7307915 50
2129659977 2536.892950280836 1639.16412220945 35.3086292 -80.73203340000001 50
2129659981 2505.509924955836 1648.164868260636 35.3087106 -80.7323789 50
2129659986 2514.157288229593 1726.904810073477 35.3094227 -80.7322837 50
2129659995 2649.853674724203 1770.659051016263 35.3098184 -80.7307898 50
2129659966 2675.423346589281 1609.696077703194 35.3083627 -80.7305083 50
482711555 2598.459996780962 1793.857534083816 35.3100282 -80.7313556 50
801862666 2339.911101594103 3050.257743109153 35.3213907 -80.734202 50
5616812321 2352.891229869905 3063.548771062869 35.3215109 -80.7340591 50
172358852 2357.97791414777 3038.614271864943 35.3212854 -80.7340031 50
172618438 2416.029698477255 3335.461972736269 35.32397 -80.73336399999999 50
172618434 2451.727322073968 3372.725503687834 35.324307 -80.73297100000001 50
4059852171 2492.457129762175 3384.114654097492 35.32441 -80.7325226 50
4059852172 2490.44970614433 3412.841850956189 35.3246698 -80.73254470000001 50
172618416 2538.200954810387 3391.854853405375 35.32448 -80.73201899999999 50
172284735 2529.480924618771 3449.35347683285 35.325 -80.73211499999999 50
172618402 2571.264402619977 3420.161868015835 35.324736 -80.731655 50
172618391 2573.62607746484 3447.141991315408 35.32498 -80.731629 50
5616812359 2368.614534309041 3051.363485866819 35.3214007 -80.733886 50
801862664 2417.183285805345 3133.475943092194 35.3221433 -80.7333513 50
5616812326 2495.845224826274 2958.171486204466 35.3205579 -80.73248529999999 50
172358854 2485.644606174469 3191.549552754247 35.3226685 -80.73259760000001 50
5616812335 2557.993606672739 2914.538876964581 35.3201633 -80.7318011 50
5616812360 2592.592143131202 2889.128908381696 35.3199335 -80.7314202 50
5616812332 2727.08044211135 2795.715760167528 35.3190887 -80.72993959999999 50
5616812341 2775.712777158614 2765.849648267725 35.3188186 -80.7294042 50
5616812327 2867.65459549368 2704.248719206797 35.3182615 -80.728392 50
172199628 2756.13812605215 2758.407999505179 35.3187513 -80.7296197 50
172316632 2853.393712784402 2788.119307418641 35.31902 -80.728549 50
5616812322 2937.087835896824 2658.260877893287 35.3178456 -80.72762760000001 50
5616812336 2645.212075319236 2834.925398373936 35.3194433 -80.7308409 50
5616812343 2851.813207311435 2697.713779506198 35.3182024 -80.72856640000001 50
172199643 2737.035809912347 2707.84238317185 35.318294 -80.72983000000001 50
1803480639 2588.531879072573 2874.212438573162 35.3197986 -80.73146490000001 50
1803480642 2548.265322989907 2905.106891237813 35.320078 -80.73190820000001 50
172890969 2488.296948690768 2948.252973663285 35.3204682 -80.73256840000001 50
172890971 2441.781037637559 2980.430087927335 35.3207592 -80.7330805 50
172358849 2289.516593777491 2963.600683147399 35.320607 -80.7347568 50
172890963 2919.829442808817 2653.27397805328 35.3178005 -80.72781759999999 50
172890961 2958.996911753231 2628.383708566139 35.3175754 -80.7273864 50
172199658 2746.300841991951 2664.276118498141 35.3179 -80.72972799999999 50
172510734 2792.535168737157 2663.612672843401 35.317894 -80.729219 50
172199667 2738.579981926963 2588.753888111495 35.317217 -80.72981299999999 50
172510746 2849.942034167032 2633.094172716906 35.317618 -80.728587 50
172510757 2856.391223163131 2618.166645480324 35.317483 -80.728516 50
172191648 2739.215817460829 2571.725449635137 35.317063 -80.729806 50
172199687 2768.100917470992 2533.687898752573 35.316719 -80.729488 50
172191650 2697.795674050073 2548.615425988451 35.316854 -80.730262 50
172445063 2743.121664316841 2495.539773594453 35.316374 -80.72976300000001 50
172199700 2815.879416230813 2521.270407577364 35.3166067 -80.728962 50
172445064 2739.397484756055 2495.20805076638 35.316371 -80.729804 50
172191651 2654.468024034251 2504.828012762224 35.316458 -80.730739 50
172316630 2919.611442054084 2803.489131757445 35.319159 -80.72781999999999 50
172316622 2977.4724757226 2829.252938023796 35.319392 -80.727183 50
172316617 3013.533433910919 2869.944271526728 35.31976 -80.726786 50
172316613 3028.157651211804 2917.491210129582 35.32019 -80.726625 50
172316609 3038.331019769846 2959.28828639018 35.320568 -80.726513 50
172316599 3063.219439274651 2996.109520238819 35.320901 -80.72623900000001 50
172316595 3125.803822631737 3028.618357330943 35.321195 -80.72555 50
172316593 3171.583981137146 3047.084261392337 35.321362 -80.72504600000001 50
172316591 3227.628341849942 3074.727830348057 35.321612 -80.724429 50
172316590 3266.5959767688 3098.943596753816 35.321831 -80.724 50
172316588 3311.195297853511 3129.683245431423 35.322109 -80.72350900000001 50
172316586 3412.629232388656 3209.639504278189 35.3228321 -80.7223923 50
3709716403 3433.530054753848 3250.507756622151 35.3232017 -80.7221622 50
3709716405 3464.595162312492 3286.720831954179 35.3235292 -80.7218202 50
3709716408 3472.652106874168 3341.919510444753 35.3240284 -80.7217315 50
3709716410 3493.998014115723 3380.720023829565 35.3243793 -80.7214965 50
3709716413 3558.835071936839 3417.519142823515 35.3247121 -80.7207827 50
3709716414 3607.158572583492 3433.917307927869 35.3248604 -80.72025069999999 50
3709716415 3667.163280339827 3437.112904499374 35.3248893 -80.7195901 50
3709716417 3737.232356277992 3441.911828068897 35.3249327 -80.7188187 50
3709716419 3790.388206989426 3456.308598781686 35.3250629 -80.7182335 50
801862604 2604.037182759287 3329.855856951603 35.3239193 -80.73129419999999 50
801862632 2496.362976618186 3212.602894870535 35.3228589 -80.7324796 50
801862637 2590.457552407971 3339.719082355358 35.3240085 -80.7314437 50
172358856 2687.613222127444 3427.481885074778 35.3248022 -80.73037410000001 50
801862636 2517.07304832472 3251.569269669736 35.3232113 -80.7322516 50
801862662 2652.042765637273 3413.693272880007 35.3246775 -80.73076570000001 50
172358858 2709.785715563835 3455.556693706079 35.3250561 -80.73013 50
172263356 3270.955991865764 2102.448223047562 35.312819 -80.723952 50
172263366 3256.240940916689 2151.100904409489 35.313259 -80.724114 50
172263374 3234.713366381064 2197.542100253973 35.313679 -80.724351 50
172263378 3219.453313545157 2242.435256237865 35.314085 -80.724519 50
172263384 3210.006614171483 2297.501245596787 35.314583 -80.72462299999999 50
172263388 3203.348507784084 2342.051621325964 35.3149859 -80.72469630000001 50
172668892 3130.981340556637 1772.715732547364 35.309837 -80.725493 50
172668890 2998.818382963 1840.940060729054 35.310454 -80.72694799999999 50
3702888191 2982.223075503778 1849.664371091703 35.3105329 -80.7271307 50
5742054559 2936.034165582668 1874.0349414831 35.3107533 -80.7276392 50
3709716355 2972.767292764362 1802.758763288198 35.3101087 -80.72723480000001 50
172668881 2890.998842987337 1889.261019262907 35.310891 -80.72813499999999 50
3702888185 3000.344388247284 1724.228912599123 35.3093985 -80.7269312 50
3702888184 3031.227828508392 1634.696921466594 35.3085888 -80.7265912 50
1806268028 2783.887805464555 1641.287148305322 35.3086484 -80.7293142 50
172897167 2783.179303011674 1735.562775870652 35.309501 -80.729322 50
482711553 2571.954738344838 1835.687782627151 35.3104065 -80.7316474 50
1871772955 2592.237891905339 1875.638268482524 35.3107678 -80.7314241 50
482711549 2628.089932704669 1901.512649024431 35.3110018 -80.7310294 50
1871772968 2682.399370743037 1898.283880170189 35.3109726 -80.73043149999999 50
172668856 2676.150015771338 1964.982283345976 35.3115758 -80.7305003 50
172668852 2630.478857643296 1983.824139946229 35.3117462 -80.7310031 50
172668843 2586.969540331093 1984.929882703895 35.3117562 -80.73148209999999 50
172668835 2483.600849098273 1992.11721063189 35.3118212 -80.73262010000001 50
482711565 2483.08309730636 1963.467415767418 35.3115621 -80.73262579999999 50
172668831 2440.18236543426 1992.227784908852 35.3118222 -80.73309810000001 50
1863678587 2379.423738400949 1992.968632557114 35.3118289 -80.733767 50
172668828 2294.212693369986 2000.520855595216 35.3118972 -80.7347051 50
172668826 2235.352489575997 1999.525687112402 35.3118882 -80.7353531 50
172668819 2198.201527612859 1970.168216882406 35.3116227 -80.7357621 50
1871784112 2438.856194176689 1962.251098733493 35.3115511 -80.73311270000001 50
3702011132 2774.277605523676 2013.126323038799 35.3120112 -80.72942 50
172579702 2844.673682592786 2247.300524374269 35.314129 -80.728645 50
172579700 2834.227813093639 2269.19423098703 35.314327 -80.72875999999999 50
172579733 2855.482886684693 2256.588763543447 35.314213 -80.728526 50
172579679 2809.521060881748 2292.857126012198 35.314541 -80.729032 50
172579782 2794.624342637448 2247.853395753453 35.314134 -80.729196 50
172579761 2827.324455856588 2331.889845377576 35.314894 -80.728836 50
172579667 2765.012573445228 2303.029959388634 35.314633 -80.729522 50
172579756 2846.217854606245 2347.591392544453 35.315036 -80.728628 50
172579746 2865.383754299319 2304.799147801744 35.314649 -80.72841699999999 50
172579757 2827.506123152968 2364.509256744552 35.315189 -80.72883400000001 50
172579660 2754.566703944926 2322.491031932139 35.314809 -80.729637 50
172579646 2731.494957395841 2361.302602746406 35.31516 -80.72989099999999 50
172579815 2728.679114312337 2306.015464835669 35.31466 -80.729922 50
172579637 2686.441468071334 2374.571515845432 35.31528 -80.73038699999999 50
172579634 2679.901445427044 2373.576347362618 35.315271 -80.730459 50
172579818 2721.775757077596 2298.828136906267 35.314595 -80.72999799999999 50
172579835 2687.0773036052 2339.18774758183 35.31496 -80.73038 50
172579788 2785.359310559 2239.670899341941 35.31406 -80.729298 50
172579791 2778.54678697245 2232.925868517576 35.313999 -80.729373 50
172579800 2832.68364108018 2185.378929914018 35.313569 -80.72877699999999 50
172579804 2847.762026619705 2196.878654599233 35.313673 -80.728611 50
4589931445 3075.409314813969 2702.755966483632 35.318248 -80.7261048 50
172419461 3070.304463805773 2737.808011919161 35.318565 -80.726161 50
3729890264 3313.765890088518 2395.13833114801 35.315466 -80.7234807 50
4614310464 3435.028809943212 2281.700181581699 35.3144401 -80.7221457 50
