99200229 230.8414750467493 1295.2083078778 30.0424865 31.2315854 50
99200242 448.2674292326264 1325.593158716334 30.0427606 31.2338398 50
316003664 378.0360684102056 891.11528796123 30.0388412 31.2331116 50
316003666 312.5980317197825 890.6607900091792 30.0388371 31.2324331 50
316003667 271.4063066335694 878.2341509038044 30.038725 31.232006 50
316003671 175.5880465718141 787.1904515495966 30.0379037 31.2310125 50
316003673 165.779574455103 749.7664251251422 30.0375661 31.2309108 50
316003676 178.3077999026581 668.0898176925173 30.0368293 31.2310407 50
316003678 216.4132800737856 620.8220307631376 30.0364029 31.2314358 50
316003679 241.8940896446434 594.4500642750803 30.036165 31.2317 50
316003680 256.7080652315327 583.6862225518179 30.0360679 31.2318536 50
316003681 307.5635947035445 563.5996301702603 30.0358867 31.2323809 50
316003684 401.2600613871755 538.424877798029 30.0356596 31.2333524 50
316003706 508.6228063304543 927.6746597462809 30.039171 31.2344656 50
316003707 491.6098812424101 921.8881248551198 30.0391188 31.2342892 50
316003708 458.6931503323546 907.4882995217965 30.0389889 31.2339479 50
316003712 337.3940806997414 789.2523203041209 30.0379223 31.2326902 50
316003713 330.4789631896194 775.0187747090089 30.0377939 31.2326185 50
316003829 304.4291272127152 26.21677206549202 30.031039 31.2323484 50
316003831 276.7686571716135 65.059718922917 30.0313894 31.2320616 50
316003833 254.3162254231082 78.67248682847207 30.0315122 31.2318288 50
316003841 152.6919671166503 73.31827925595508 30.0314639 31.2307751 50
316003846 132.3613287462695 84.90243435533307 30.0315684 31.2305643 50
316003848 110.1982324583618 97.99419241355304 30.0316865 31.2303345 50
316003913 294.6495886420639 139.7858332961971 30.0320635 31.232247 50
316003938 56.3046806488486 667.3581868436827 30.0368227 31.2297757 50
316003940 132.1587939238512 689.8613780881835 30.0370257 31.2305622 50
316003956 451.1800728701264 772.8460527952069 30.0377743 31.23387 50
316003957 460.0144489359546 806.1020004473246 30.0380743 31.2339616 50
316003958 455.9251744251533 840.2669440014284 30.0383825 31.2339192 50
316003959 444.92078240423 864.7211508411762 30.0386031 31.2338051 50
316003960 427.4642096095272 889.9402444774005 30.0388306 31.2336241 50
316003966 360.6952297997418 1249.137735064246 30.0420709 31.2329318 50
316003986 372.2300701661165 547.4483249275438 30.035741 31.2330514 50
316004106 286.4613951046991 464.0756641644591 30.0349889 31.2321621 50
316004112 230.3399602479712 441.7720086058117 30.0347877 31.2315802 50
316004120 127.558360099123 445.4855894275079 30.0348212 31.2305145 50
316004122 113.6991915322057 450.2301046254084 30.034864 31.2303708 50
316004128 47.23883621392892 491.5672475567071 30.0352369 31.2296817 50
316004174 271.5895524256903 116.185195779502 30.0318506 31.2320079 50
316004175 251.9822527068033 97.52860914656208 30.0316823 31.2318046 50
316004176 231.4201459679444 100.4994738037772 30.0317091 31.2315914 50
316004179 199.4485775627121 126.2839185499201 30.0319417 31.2312599 50
316004181 192.359858775618 148.509976896227 30.0321422 31.2311864 50
316004183 193.7486689870998 215.8754415235151 30.0327499 31.2312008 50
316004184 208.4661994200476 254.751644328582 30.0331006 31.2313534 50
316004185 227.7552301328907 283.462612467948 30.0333596 31.2315534 50
316004186 252.7248803898217 307.451236040704 30.033576 31.2318123 50
316004187 308.7209365465483 333.1026569962777 30.0338074 31.2323929 50
316004201 307.7082624338433 607.2092628582877 30.0362801 31.2323824 50
316004217 417.9932955297709 612.6078116933876 30.0363288 31.2335259 50
316624631 223.0872846996674 1270.510224088206 30.0422637 31.231505 50
317173053 593.7838769240033 1069.356082058791 30.0404491 31.2353486 50
317173113 524.4494560294351 1045.433970381319 30.0402333 31.2346297 50
317173114 317.7964254960032 1097.867514512303 30.0407063 31.232487 50
317173116 200.8373877735804 1129.460664781603 30.0409913 31.2312743 50
317173118 535.4442035358231 1081.461247004094 30.0405583 31.2347437 50
317177461 291.3897424512332 999.174947197558 30.039816 31.2322132 50
317177558 402.3498916229109 962.0280536705925 30.0394809 31.2333637 50
317178428 28.6345660919846 319.9000457787804 30.0336883 31.2294888 50
317180314 507.6679993104823 1017.609827512649 30.0399823 31.2344557 50
317180495 433.8103007142164 1313.687529456179 30.0426532 31.2336899 50
317180660 569.2578743737311 1444.693792572708 30.043835 31.2350943 50
317180938 340.7021494669293 1184.931585465087 30.0414917 31.2327245 50
317180961 213.6453041665843 1178.369078461099 30.0414325 31.2314071 50
317180963 330.7490096193059 1147.174999563505 30.0411511 31.2326213 50
317180982 283.3751501908405 1200.118468225474 30.0416287 31.2321301 50
317181003 260.7298281350657 1112.356022372202 30.040837 31.2318953 50
317238300 206.2190273425354 832.2744312495284 30.0383104 31.2313301 50
317238361 312.2990517434227 716.2887711558797 30.0372641 31.23243 50
317238378 83.07785527724661 849.9998513477814 30.0384703 31.2300533 50
317238422 271.0108815044952 749.2897565417999 30.0375618 31.2320019 50
317238423 242.0484018900909 799.0184835974109 30.0380104 31.2317016 50
317238425 161.8253231588383 850.7314821959108 30.0384769 31.2308698 50
317241184 173.0804725791506 691.8123936841355 30.0370433 31.2309865 50
317242547 429.2291559197858 719.9136694495896 30.0372968 31.2336424 50
317243527 107.3916784893385 580.5269075250993 30.0360394 31.2303054 50
317243528 119.9006149065961 568.3663160008626 30.0359297 31.2304351 50
317243532 272.2357349547671 478.2316125479358 30.0351166 31.2320146 50
317243657 308.5859133313983 433.4358510618436 30.0347125 31.2323915 50
317243658 317.632468735407 416.619426865577 30.0345608 31.2324853 50
317243660 339.4097844087756 356.5702707224036 30.0340191 31.2327111 50
317243782 145.3042683538099 546.3287080233531 30.0357309 31.2306985 50
317244096 120.6625316192985 496.4558718615276 30.035281 31.230443 50
317244106 116.6793467775875 408.2500133732614 30.0344853 31.2304017 50
317244111 129.6415754154254 345.7731730514989 30.0339217 31.2305361 50
317244283 175.6266246330226 636.8181415839938 30.0365472 31.2310129 50
338763398 272.7372497529317 1162.627929905735 30.0412905 31.2320198 50
470365343 307.8529301641421 654.310770048751 30.036705 31.2323839 50
565618809 220.2421526700491 1216.846209894459 30.0417796 31.2314755 50
616559447 49.4763637769058 768.2789026511633 30.0377331 31.2297049 50
616559448 47.9428858351252 738.0159902882581 30.0374601 31.229689 50
616559450 60.5675564360084 647.3602769894062 30.0366423 31.2298199 50
616559451 84.96818028627951 607.2092628582877 30.0362801 31.2300729 50
616559485 0 641.174670725833 30.0365865 31.2291919 50
616559513 35.6461287560482 523.7700901992135 30.0355274 31.2295615 50
616559517 23.10825879334431 513.4829170592933 30.0354346 31.2294315 50
638291308 327.4602298830291 1370.37783488678 30.0431646 31.2325872 50
638291309 305.4803793866287 1405.507200922509 30.0434815 31.2323593 50
638291349 238.9428679453214 1296.272498202352 30.0424961 31.2316694 50
638291398 390.4582041880569 1277.981726994181 30.0423311 31.2332404 50
676044949 394.0266748703961 1273.769306957851 30.0422931 31.2332774 50
676044950 583.0977539097373 1071.539889287534 30.0404688 31.2352378 50
676044951 212.3529391090441 1125.481036378769 30.0409554 31.2313937 50
676044952 518.4023449017191 1029.471115508811 30.0400893 31.234567 50
676044953 294.8907015263042 1009.473205653829 30.0399089 31.2322495 50
676044954 374.4000861205982 1259.302969729948 30.0421626 31.2330739 50
1127978034 285.882724183504 1436.911900822307 30.0437648 31.2321561 50
1235790755 299.7901153261651 687.7773387023677 30.0370069 31.2323003 50
1235790763 158.3532976304406 911.6120370308454 30.0390261 31.2308338 50
1235790800 291.8333901578918 707.7863338729951 30.0371874 31.2322178 50
1928067407 177.1215245129812 845.9204551020205 30.0384335 31.2310284 50
2031414893 579.0181239140848 1461.122230712913 30.0439832 31.2351955 50
2876951982 289.7983974173332 568.1446096823074 30.0359277 31.2321967 50
3693932233 563.9437464126577 1435.759027970474 30.0437544 31.2350392 50
3693932235 574.2247997820872 1453.063206065023 30.0439105 31.2351458 50
6261128065 403.6422566798377 1262.451199441021 30.042191 31.2333771 50
6261128066 385.423767173046 1267.328738430196 30.042235 31.2331882 50
6262096717 11.39981715061111 515.7443214996712 30.035455 31.2293101 50
6262096718 64.29998387894392 536.3740943598555 30.0356411 31.2298586 50
6262096719 95.1238549563212 541.9389229331664 30.0356913 31.2301782 50
6262096720 49.60174247629362 530.9201189444117 30.0355919 31.2297062 50
6262096721 110.8251259565276 541.961093565163 30.0356915 31.230341 50
6262096753 5.4587956919855 514.9683493875486 30.035448 31.2292485 50
6262096755 88.74883030618571 680.4942861666005 30.0369412 31.2301121 50
6262096756 74.91859528594162 621.3762965574101 30.0364079 31.2299687 50
6262096757 95.72181490842732 593.4967271091009 30.0361564 31.2301844 50
6262313023 61.02084865781572 480.0496043533187 30.035133 31.2298246 50
6262313024 30.88173817011031 507.8515765899926 30.0353838 31.2295121 50
6262313025 96.26190776841392 457.2027683160446 30.0349269 31.23019 50
6262313026 77.5708370082904 467.6340505628846 30.035021 31.2299962 50
6263413994 86.6270369280613 163.6968596580241 30.0322792 31.2300901 50
6275546240 421.8800352181539 629.8565632090033 30.0364844 31.2335662 50
6275546241 422.7866196617685 653.8008455177664 30.0367004 31.2335756 50
6275546242 422.7962641775308 685.2055454175641 30.0369837 31.2335757 50
6288525160 340.6539268899585 1348.506506648187 30.0429673 31.232724 50
6288525161 361.0906549300432 1317.744755069943 30.0426898 31.2329359 50
6288850217 521.922593006474 1395.408478152797 30.0433904 31.2346035 50
6288850218 553.2962014596002 1425.139295353426 30.0436586 31.2349288 50
6288850219 594.1117904458094 1487.383344041693 30.0442201 31.235352 50
6307842237 519.0195938841227 1092.79043983798 30.0406605 31.2345734 50
6307842238 527.0438306608912 1085.196998457082 30.040592 31.2346566 50
6307842241 250.1787283347227 923.1296802342338 30.03913 31.2317859 50
6308581584 354.6191851253527 1237.941566021635 30.0419699 31.2328688 50
6308583085 358.6409480288857 1260.090027157011 30.0421697 31.2329105 50
6308583086 367.3017228183553 1262.66182044252 30.0421929 31.2330003 50
6308583091 414.3862467868368 1249.791768701446 30.0420768 31.2334885 50
6431539762 378.1228690477714 808.6072818368439 30.0380969 31.2331125 50
6431539763 411.8015166711427 750.1654964968491 30.0375697 31.2334617 50
6431539764 406.42952161795 761.9824432290177 30.0376763 31.233406 50
6431539765 416.6816414419331 739.5568491961523 30.037474 31.2335123 50
6431539775 363.5885844069444 828.7936420620331 30.038279 31.2329618 50
6452465793 280.7904200751465 920.9680436367826 30.0391105 31.2321033 50
6452465795 260.9902300496035 919.7043176256722 30.0390991 31.231898 50
6452465796 273.7209903195769 946.7081471189322 30.0393427 31.23203 50
6452465797 257.9039851357449 933.0842938977314 30.0392198 31.231866 50
6452465798 277.8874209527952 943.6042586711474 30.0393147 31.2320732 50
6452465801 283.8091533817368 909.949239648028 30.0390111 31.2321346 50
6452465803 271.1362602038829 915.9020542774001 30.0390648 31.2320032 50
6452465804 278.0320886830939 955.0221340316091 30.0394177 31.2320747 50
6452465805 223.0872846996674 927.3864415331464 30.0391684 31.231505 50
6452465806 238.9332234301726 925.5906203597599 30.0391522 31.2316693 50
6452465807 207.0870337243281 927.2866736909248 30.0391675 31.2313391 50
6452465808 182.5031640825497 923.6950313434468 30.0391351 31.2310842 50
6452465809 169.7531147810518 917.9417524006332 30.0390832 31.230952 50
6452465814 92.26907841155412 871.9709474300063 30.0386685 31.2301486 50
6455770900 371.998601797025 416.6415974975735 30.034561 31.233049 50
6461292728 130.6253159820706 856.063519135726 30.038525 31.2305463 50
6461308912 340.5478372208683 661.1171540018811 30.0367664 31.2327229 50
6461308913 372.0661134049067 673.8985232156748 30.0368817 31.2330497 50
6461308914 394.9332593140108 688.4092017075704 30.0370126 31.2332868 50
6461308915 404.6259972464829 695.3596947669153 30.0370753 31.2333873 50
6461308916 271.7631537020488 656.7717101749823 30.0367272 31.2320097 50
6461308917 254.1136906000765 661.0617274215372 30.0367659 31.2318267 50
6461308918 232.1917071964091 669.0764108054337 30.0368382 31.2315994 50
6461308919 212.4590287775208 680.8822722226618 30.0369447 31.2313948 50
6461308920 187.3350662751424 689.2406003986266 30.0370201 31.2311343 50
6478000236 153.9843321741905 308.1385256255454 30.0335822 31.2307885 50
6478000237 251.3360701783399 411.9525088779014 30.0345187 31.2317979 50
6478000238 275.9006507898208 446.6938888582744 30.0348321 31.2320526 50
6478000240 264.0282523864913 429.0238953396603 30.0346727 31.2319295 50
6478000241 237.8337486792884 395.490814790759 30.0343702 31.2316579 50
6478000242 204.328702332889 358.0446177350133 30.0340324 31.2313105 50
6478000243 180.275281035335 333.967311634976 30.0338152 31.2310611 50
6478000244 308.1519101405019 252.412642676569 30.0330795 31.232387 50
6478000245 294.0323396590467 241.9813604304341 30.0329854 31.2322406 50
6478000246 278.8615170042916 233.146363670422 30.0329057 31.2320833 50
6478000247 262.8033989362194 226.0185055572201 30.0328414 31.2319168 50
6478000248 211.3306204811904 215.5650526790891 30.0327471 31.2313831 50
6478000249 165.2491261102652 222.127559681667 30.0328063 31.2309053 50
6478000250 151.3224459360795 226.517344772559 30.0328459 31.2307609 50
6478000251 137.6561676764317 231.660931342167 30.0328923 31.2306192 50
6478000252 124.3081584240547 237.5583193919001 30.0329455 31.2304808 50
6478000253 111.3266407546922 244.2316795544612 30.0330057 31.2303462 50
6478000254 266.9987631167244 317.3171671769206 30.033665 31.2319603 50
6478000255 239.598694989547 296.1220432075233 30.0334738 31.2316762 50
6478000256 217.3391535476977 269.617052928897 30.0332347 31.2314454 50
6478000257 201.3389025723585 238.9772398255761 30.0329583 31.2312795 50
6478000258 190.6431350429437 176.1567547110401 30.0323916 31.2311686 50
6478000259 190.961404049601 189.9025464071651 30.0325156 31.2311719 50
6478000260 194.4912966695047 135.3960482060111 30.0320239 31.2312085 50
6478000261 205.7946686667878 118.025358216177 30.0318672 31.2313257 50
6478000262 213.3752577368978 110.8642441546281 30.0318026 31.2314043 50
6478000263 242.9935643949141 96.974343352289 30.0316773 31.2317114 50
6478000264 221.9878099500101 104.97794142054 30.0317495 31.2314936 50
6478000265 264.7515910379852 108.0153179730401 30.0317769 31.231937 50
6478000266 258.5983902411791 101.7742851305341 30.0317206 31.2318732 50
6478000268 287.9948730458661 136.183105633779 30.032031 31.232178 50
6478000269 282.9604360302417 130.4963385855451 30.0319797 31.2321258 50
6478000270 335.7738021197816 277.1994089934441 30.0333031 31.2326734 50
6478000271 305.6732696938982 160.992042582651 30.0322548 31.2323613 50
6478000276 385.0090530124472 681.802353440999 30.036953 31.2331839 50
6478000277 357.0206694495394 666.5711294159145 30.0368156 31.2328937 50
6478000278 308.325511416247 666.149887412211 30.0368118 31.2323888 50
6478000279 242.9067637567348 664.4205781348143 30.0367962 31.2317105 50
6478000280 222.0938996184869 674.9737988558724 30.0368914 31.2314947 50
6478000281 201.4739257875085 685.37182515507 30.0369852 31.2312809 50
6478000284 474.9441587076964 915.1482527972743 30.039058 31.2341164 50
6478000385 309.936145481058 700.3813428623046 30.0371206 31.2324055 50
6478000386 322.9851747576887 755.8966048083713 30.0376214 31.2325408 50
6478000387 307.6696843726348 579.0303898811983 30.0360259 31.232382 50
6478000388 349.8933726012368 332.7922681511466 30.0338046 31.2328198 50
6478000390 241.5179535452531 500.2581352097995 30.0353153 31.2316961 50
6478000393 226.0095728529296 509.4367767611748 30.0353981 31.2315353 50
6478000394 210.1443450921269 517.9835553080525 30.0354752 31.2313708 50
6478000395 177.420504489341 533.1371821215016 30.0356119 31.2310315 50
6478000396 122.5239230828851 542.3823355681614 30.0356953 31.2304623 50
6478000397 79.54796265672951 540.0655045488498 30.0356744 31.2300167 50
6478000398 116.2935661630484 468.5097905179338 30.0350289 31.2303977 50
6478000399 166.3003782835651 596.0130938149709 30.0361791 31.2309162 50
6478000400 151.9493394342454 562.5465251613542 30.0358772 31.2307674 50
6478000401 135.5825968752781 534.9440886105338 30.0356282 31.2305977 50
6478000402 128.9664593402888 522.8056677175883 30.0355187 31.2305291 50
6478000403 112.9276303043545 438.5129257361666 30.0347583 31.2303628 50
6478000404 126.1309718258193 365.7489122737788 30.0341019 31.2304997 50
6478000405 132.1105713468804 325.6422394059483 30.0337401 31.2305617 50
6478000406 126.1309718258193 273.2419512226071 30.0332674 31.2304997 50
6478000407 133.875517657139 285.147580482057 30.0333748 31.23058 50
6478000408 107.3241668820702 235.252573688234 30.0329247 31.2303047 50
6478000409 119.4569671999375 260.63794706267 30.0331537 31.2304305 50
6478024655 357.5993403707345 550.840431587758 30.0357716 31.2328997 50
6478024656 54.7036910991863 681.8799506519292 30.0369537 31.2297591 50
6478024657 65.8431063358731 636.2306198413739 30.0365419 31.2298746 50
6478024658 133.2196906129134 557.08146443097 30.0358279 31.2305732 50
6478024660 228.5653694225639 606.9764712240869 30.036278 31.2315618 50
6478024661 197.8668770439608 642.7266149500781 30.0366005 31.2312435 50
6478024662 270.2007422142085 70.99036292029314 30.0314429 31.2319935 50
6478024664 246.8031479608801 80.04706599815495 30.0315246 31.2317509 50
6478024665 239.1743363137994 80.20226042001605 30.031526 31.2316718 50
6478024666 231.6226807897492 79.11589946346703 30.0315162 31.2315935 50
6478024667 187.3736443369643 69.01717669305003 30.0314251 31.2311347 50
6478024668 175.6266246330226 68.61810532134314 30.0314215 31.2310129 50
6478024669 142.0637111945038 78.30667140370201 30.0315089 31.2306649 50
6478024671 121.1061793253436 688.5754814457816 30.0370141 31.2304476 50
6478024672 99.348152682886 683.8863928268147 30.0369718 31.230222 50
6478024676 188.6756539102668 854.9549875478863 30.038515 31.2311482 50
6478024677 216.9630174489209 842.7722253909478 30.0384051 31.2314415 50
6478024678 259.7557320835693 772.3250429492819 30.0377696 31.2318852 50
6478024679 219.1812559809869 822.3198175853256 30.0382206 31.2314645 50
6478024680 180.7960848637971 867.8250392889611 30.0386311 31.2310665 50
6478024681 146.6062779271124 854.6335133864043 30.0385121 31.230712 50
6478024682 114.5864869449093 855.7642156069459 30.0385223 31.23038 50
6478024683 98.67303660774931 853.7356028007689 30.038504 31.230215 50
6478024684 165.1719699878482 730.3892929604227 30.0373913 31.2309045 50
6478025985 167.4770091574798 711.145184585567 30.0372177 31.2309284 50
6478025986 169.2708890137982 768.8442537610815 30.0377382 31.230947 50
6478025987 184.5767348837033 804.3837764855734 30.0380588 31.2311057 50
6478025988 196.1212197646132 844.2687430355539 30.0384186 31.2312254 50
6478025989 241.2189735695068 860.1429153814868 30.0385618 31.231693 50
6478025990 455.5201047803167 783.5322973075391 30.0378707 31.233915 50
6478025991 451.7394547604105 851.0197004090453 30.0384795 31.2338758 50
6478025992 458.4809709947875 794.6841250868629 30.0379713 31.2339457 50
6478025993 460.1012495747473 817.6307289663587 30.0381783 31.2339625 50
6478025994 436.6940108050432 877.6798851095319 30.03872 31.2337198 50
6478025998 336.8443433246061 891.5032740172912 30.0388447 31.2326845 50
6478025999 287.9562949846576 884.3421599557423 30.0387801 31.2321776 50
6478026000 255.7436136957985 870.1196996769811 30.0386518 31.2318436 50
6478026001 385.5105678106118 797.776928219002 30.0379992 31.2331891 50
6478026002 422.4490616248137 729.4248704780924 30.0373826 31.2335721 50
6478036391 272.978362637172 136.49349447891 30.0320338 31.2320223 50
6478036392 262.253661561084 141.060644622954 30.032075 31.2319111 50
6478036393 250.9985121401581 144.0869358591031 30.0321023 31.2317944 50
6478036394 239.4347382289507 145.5391122397161 30.0321154 31.2316745 50
6478036395 227.7745191631882 145.3728325015049 30.0321139 31.2315536 50
6478036396 216.2493233131893 143.6102672764659 30.032098 31.2314341 50
6478036397 205.0809745310562 140.2625018788351 30.0320678 31.2313183 50
6478036399 70.72323110543661 277.0996411505181 30.0333022 31.2299252 50
6478036400 97.24564833505912 254.49668206309 30.0330983 31.2302002 50
6478036401 58.2721617815254 289.304573938748 30.0334123 31.2297961 50
6478036402 83.69510425965032 265.460059472206 30.0331972 31.2300597 50
6478073225 373.5803023157763 526.2088596941534 30.0355494 31.2330654 50
6478073229 328.2028575654339 487.687386997505 30.0352019 31.2325949 50
6478073230 360.3673162779358 512.8621393697364 30.035429 31.2329284 50
6478073231 344.8589355849988 499.5486749936667 30.0353089 31.2327676 50
6478073232 310.5341054331641 477.3780432255883 30.0351089 31.2324117 50
6478073234 250.2751734886642 447.4698609703969 30.0348391 31.2317869 50
6478073235 209.9128767242624 438.2357928386778 30.0347558 31.2313684 50
6478073236 168.5379058465421 437.8256361513251 30.0347521 31.2309394 50
6478073237 189.2157467702534 436.9166402486336 30.0347439 31.2311538 50
6478073238 147.9950881385942 440.9516952311064 30.0347803 31.2307264 50
6478073239 84.7463564335637 463.2553507890487 30.0349815 31.2300706 50
6478073240 69.03544091820851 473.6201211406043 30.035075 31.2299077 50
6478073241 38.83846333838352 500.0696848395918 30.0353136 31.2295946 50
6478205411 192.1959020150218 839.7459341547983 30.0383778 31.2311847 50
6478205412 176.3403187699813 680.472115534604 30.036941 31.2310203 50
6640009431 369.8575193879895 1305.883467074487 30.0425828 31.2330268 50
6644341743 222.7015040863553 378.3750870657123 30.0342158 31.231501 50
6644341745 350.5202660987892 609.3043875597492 30.036299 31.2328263 50
6644341748 171.9617087979689 617.7403129473494 30.0363751 31.2309749 50
6644355138 191.2796730562583 162.422048331267 30.0322677 31.2311752 50
6644355139 295.266837625081 330.1207070227109 30.0337805 31.2322534 50
6644355140 307.6696843726348 593.8182012698776 30.0361593 31.232382 50
6644355143 395.7723321497437 890.1730361108964 30.0388327 31.2332955 50
6644355144 442.6639658109556 899.1743126091197 30.0389139 31.2337817 50
6644355145 267.5870785530682 939.6135449533728 30.0392787 31.2319664 50
6644355146 278.8036499121721 932.219639258328 30.039212 31.2320827 50
6644355148 143.240342067805 296.5543705268725 30.0334777 31.2306771 50
6644355149 97.36138251868462 203.08298699337 30.0326345 31.2302014 50
6644355150 228.8354158522504 217.1724234815631 30.0327616 31.2315646 50
6644355151 298.9413979752834 144.840737339229 30.0321091 31.2322915 50
6644355152 262.620153144712 75.57968369633295 30.0314843 31.2319149 50
6644355153 285.4583655071429 56.13603963632909 30.0313089 31.2321517 50
6644355154 163.9760500830224 70.05919638631008 30.0314345 31.2308921 50
6644355155 292.4506391409089 47.13476313810611 30.0312277 31.2322242 50
6644355158 349.5365255327575 128.6340055168741 30.0319629 31.2328161 50
6644355159 398.8392880326913 320.7757857331245 30.0336962 31.2333273 50
6644355160 420.9059391672709 404.9687598716196 30.0344557 31.2335561 50
6644355161 451.2765180234544 525.1446693688964 30.0355398 31.233871 50
6644355162 497.0204543568113 703.3965487821032 30.0371478 31.2343453 50
6644355163 551.7241454566112 916.5893438622417 30.039071 31.2349125 50
6644355169 572.9903018166664 999.4742507270435 30.0398187 31.235133 50
6644355170 317.9025151650935 0 30.0308025 31.2324881 50
6646119074 17.3794166716722 515.2454822843323 30.0354505 31.2293721 50
6646119075 331.7327501859511 557.2699148004725 30.0358296 31.2326315 50
6646119076 272.7565387832292 574.8733964245073 30.0359884 31.23202 50
6646119077 113.8342147473557 424.1796122981278 30.034629 31.2303722 50
6646119078 133.5186705886597 305.4226232338218 30.0335577 31.2305763 50
6646119079 313.3695929476336 7.449332273979053 30.0308697 31.2324411 50
6646119080 299.0571321595224 37.02495505204206 30.0311365 31.2322927 50
6646119081 309.3864081059227 15.23122402438003 30.0309399 31.2323998 50
6646119084 121.3087141483754 91.49819730625904 30.0316279 31.2304497 50
6646131992 49.26418443872532 300.3122926118566 30.0335116 31.2297027 50
6646131993 39.35926716807262 310.5218685408465 30.0336037 31.2296 50
6646131994 179.4072746523153 218.5137467036031 30.0327737 31.2310521 50
6646131995 246.0701647936239 220.6642979854091 30.0327931 31.2317433 50
6646131996 302.6931144485164 152.3011549288531 30.0321764 31.2323304 50
6646131997 309.858989358641 139.3313353448521 30.0320594 31.2324047 50
6646131998 302.2976893188286 140.916535516739 30.0320737 31.2323263 50
6646131999 192.2344800768438 203.592911524355 30.0326391 31.2311851 50
6646132000 197.4521628839755 228.2133981023142 30.0328612 31.2312392 50
6646132001 282.227452863599 325.6533247222992 30.0337402 31.2321182 50
6646132002 322.4257928674046 334.5437480605399 30.0338204 31.232535 50
6646132003 336.2078053106779 334.4439802183183 30.0338195 31.2326779 50
6646132004 380.9487120477057 544.8543610107434 30.0357176 31.2331418 50
6646132005 389.0983275232484 541.961093565163 30.0356915 31.2332263 50
6646132006 392.3967517746741 536.6290566253477 30.0356434 31.2332605 50
6646132007 384.8161627051776 535.6202928797295 30.0356343 31.2331819 50
6646132008 378.8654967301763 532.0840771118903 30.0356024 31.2331202 50
6646132009 374.8630228581678 532.0175652166058 30.0356018 31.2330787 50
6646132010 374.930534465436 537.2941755781926 30.0356494 31.2330794 50
6646132011 374.0432390527324 542.4931887274389 30.0356963 31.2330702 50
6646132012 370.4072567631249 819.1715878749579 30.0381922 31.2330325 50
6646132013 399.977340844784 774.3203998085218 30.0377876 31.2333391 50
6646132014 392.9947117273937 786.0264933814128 30.0378932 31.2332667 50
6646132015 413.6725526504916 703.1194158853195 30.0371453 31.2334811 50
6646132016 422.0247029490662 711.6218531682042 30.037222 31.2335677 50
6646132017 163.3395120697078 691.65719926157 30.0370419 31.2308855 50
6646132018 289.7694638712734 654.3329406807475 30.0367052 31.2321964 50
6646132019 324.3739849691705 656.8936486499056 30.0367283 31.2325552 50
6646132020 151.8239607348576 691.2359572578664 30.0370381 31.2307661 50
6646132021 110.1500098807775 686.5801245865417 30.0369961 31.230334 50
6646132022 66.87506947887562 672.3244083601384 30.0368675 31.2298853 50
6646132023 77.69621570829162 676.7031081339743 30.036907 31.2299975 50
6646132024 48.087553565424 750.1987524444913 30.03757 31.2296905 50
6646132025 51.3184662095814 701.290338764996 30.0371288 31.229724 50
6646132026 52.9966118816607 691.125104099294 30.0370371 31.2297414 50
6646132027 48.59871287873742 726.6424561910843 30.0373575 31.2296958 50
6646132028 58.30109532758522 654.4437938393199 30.0367062 31.2297964 50
6646132029 55.5813419967412 675.9936479178414 30.0369006 31.2297682 50
6646132030 57.10517542275952 660.3633525210499 30.0367596 31.229784 50
6646132031 133.2775577044194 543.4908671574115 30.0357053 31.2305738 50
6646132032 123.6330423489181 510.0686397670826 30.0354038 31.2304738 50
6646132033 118.0295789272472 482.8985305356114 30.0351587 31.2304157 50
6646132034 193.9319147792206 525.8873855333767 30.0355465 31.2312027 50
6646132035 256.6501981394132 490.4587159681622 30.0352269 31.231853 50
6646132036 160.6294032546261 539.7107744404309 30.0356712 31.2308574 50
6646132037 335.8798917888719 368.9636538801361 30.0341309 31.2326745 50
6646132038 298.2952154462066 449.5317297249213 30.0348577 31.2322848 50
6646132039 325.3866590812619 399.1711396641077 30.0344034 31.2325657 50
6646132040 331.6555940629206 381.1353307214289 30.0342407 31.2326307 50
6646132041 345.707652936494 336.173289495715 30.0338351 31.2327764 50
6646132042 343.8944840498781 340.2083444774828 30.0338715 31.2327576 50
6646132043 355.149633469577 331.4620302454567 30.0337926 31.2328743 50
6646132044 342.2549164390074 344.0106078257547 30.0339058 31.2327406 50
6646132045 308.4508901162482 682.8887143975473 30.0369628 31.2323901 50
6646132046 345.2543607146867 802.9870266838941 30.0380462 31.2327717 50
6646132047 354.0019361423356 816.1896379013913 30.0381653 31.2328624 50
6646132048 316.9187745984483 736.2866810101561 30.0374445 31.2324779 50
6646132049 231.1597440534066 811.2012457536441 30.0381203 31.2315887 50
6646132050 251.7411398231765 785.8823842751981 30.0378919 31.2318021 50
6646132051 281.0315329593868 729.7906859021571 30.0373859 31.2321058 50
6646132052 194.2308947555804 926.5882987897324 30.0391612 31.2312058 50
6646132053 423.0470215769199 642.6046764751547 30.0365994 31.2335783 50
6646132054 423.8282273205333 698.4524978983492 30.0371032 31.2335864 50
6646132055 458.7317283935631 829.0818602744625 30.0382816 31.2339483 50
6646132056 159.192370466787 578.1213939785068 30.0360177 31.2308425 50
6646132057 178.3367334487179 652.3375838215077 30.0366872 31.231041 50
6646132058 195.0796121064621 818.8722843454725 30.0381895 31.2312146 50
6646132059 228.6135919995346 852.1060613655936 30.0384893 31.2315623 50
6646132060 300.1180288485846 888.1222526727229 30.0388142 31.2323037 50
6646132061 324.3546959382595 891.1707145401638 30.0388417 31.232555 50
6646132062 417.1445781788892 889.1199311019902 30.0388232 31.2335171 50
6646132063 407.3843286385354 889.3638080518367 30.0388254 31.2334159 50
6669782118 623.662585497171 1191.882078523727 30.0415544 31.2356584 50
6690779328 471.19244223385 1164.55677486969 30.0413079 31.2340775 50
6690779329 422.6515964466185 1237.387300227362 30.0419649 31.2335742 50
6690779330 501.0904398373151 1119.461709854113 30.0409011 31.2343875 50
6690779358 426.9337612646893 1242.719337167883 30.042013 31.2336186 50
6690779362 501.4376423900321 1012.987250788967 30.0399406 31.2343911 50
6690779363 493.538784313265 1007.843664218654 30.0398942 31.2343092 50
7137980155 228.7100371528627 1290.907205314894 30.0424477 31.2315633 50
7137980156 234.5353244278627 1296.316839466345 30.0424965 31.2316237 50
7323798120 445.2969185030069 1236.921716960371 30.0419607 31.233809 50
8176002798 224.0035136590443 440.8740980194711 30.0347796 31.2315145 50
8176028556 497.2133446646943 1125.547548274759 30.040956 31.2343473 50
8176073408 252.0594088298338 931.1443636181303 30.0392023 31.2318054 50
8176073410 124.2213577858754 899.1743126091197 30.0389139 31.2304799 50
8176073411 97.0238244817298 883.3666521584714 30.0387713 31.2301979 50
8176073412 166.4836240756859 923.9943348729321 30.0391378 31.2309181 50
8176073413 185.1650503206607 931.155448933776 30.0392024 31.2311118 50
8176073414 208.3793987824818 934.4477877510635 30.0392321 31.2313525 50
8176073415 227.2151372722906 933.9156925894928 30.0392273 31.2315478 50
8357676557 333.1987165198499 1360.855548542632 30.0430787 31.2326467 50
8360193813 332.0703082229059 1152.185562343249 30.0411963 31.232635 50
8360202738 347.9934030758282 1212.811154912691 30.0417432 31.2328001 50
8360202740 386.4171522542264 1080.452483258476 30.0405492 31.2331985 50
8360202748 511.8440744594629 1016.445869344465 30.0399718 31.234499 50
8360202751 479.9593066924098 1001.026194950583 30.0398327 31.2341684 50
8360202754 458.6835058165923 990.3288651226053 30.0397362 31.2339478 50
8360202757 497.2037001483186 1010.105068659032 30.0399146 31.2343472 50
8360202767 432.3539788948529 977.1040832724063 30.0396169 31.2336748 50
8360202775 534.9137551909852 920.9126170571438 30.03911 31.2347382 50
8360202790 320.1689762741302 263.1986550318281 30.0331768 31.2325116 50
8360202793 273.3641432510976 320.7979563644159 30.0336964 31.2320263 50
8364612164 245.5879390257568 930.7896335097114 30.0391991 31.2317383 50
8409359882 346.4792141649586 891.6141271758638 30.0388457 31.2327844 50
8409359895 326.9587150848645 891.2372264354482 30.0388423 31.232582 50
8458073107 272.920495544439 745.5761757208089 30.0375283 31.2320217 50
8458073108 233.6866070763676 726.2544701350231 30.037354 31.2316149 50
