6669782118 7323798120
7323798120 6690779358
6690779358 6308583091
6431539775 6646132047
6646132047 6646132046
6646132046 316003712
316003712 316003713
316003713 6478000386
6478000386 6646132048
6646132048 317238361
317238361 6478000385
6478000385 6646132045
6646132045 6478000278
6478000278 470365343
470365343 316004201
316004201 6644355140
6644355140 6478000387
6478000387 316003681
316003848 6646119084
6646119084 316003846
316003846 6478024669
6478024669 316003841
316003841 6644355154
6644355154 6478024668
6478024668 6478024667
6478024667 6478024666
6478024666 6478024665
6478024665 6478024664
6478024664 316003833
316003833 6644355152
6644355152 6478024662
6478024662 316003831
316003831 6644355153
6644355153 6644355155
6644355155 6646119080
6646119080 316003829
316003829 6646119081
6646119081 6646119079
6646119079 6644355170
317242547 6646132016
6646132016 6646132015
6646132015 6461308915
6461308915 6461308914
6461308914 6478000276
6478000276 6461308913
6461308913 6478000277
6478000277 6461308912
6461308912 6646132019
6646132019 470365343
470365343 6646132018
6646132018 6461308916
6461308916 6461308917
6461308917 6478000279
6478000279 6461308918
6461308918 6478000280
6478000280 6461308919
6461308919 6478000281
6478000281 6461308920
6461308920 317241184
317241184 6646132017
6646132017 6646132020
6646132020 316003940
316003940 6478024671
6478024671 6646132021
6646132021 6478024672
6478024672 6262096755
6262096755 6646132023
6646132023 6646132022
6646132022 316003938
316003938 616559485
317177461 317177558
317177558 316003706
316003706 8360202775
8360202775 6644355163
6644355158 6646131997
6646131997 6646131998
6646131998 316003913
316003913 6478000268
6478000268 6478000269
6478000269 316004174
316004174 6478000265
6478000265 6478000266
6478000266 316004175
316004175 6478000263
6478000263 316004176
316004176 6478000264
6478000264 6478000262
6478000262 6478000261
6478000261 316004179
316004179 6478000260
6478000260 316004181
316004181 6644355138
6644355138 6478000258
6478000258 6478000259
6478000259 6646131999
6646131999 316004183
316004183 6646132000
6646132000 6478000257
6478000257 316004184
316004184 6478000256
6478000256 316004185
316004185 6478000255
6478000255 316004186
316004186 6478000254
6478000254 8360202793
8360202793 6646132001
6646132001 6644355139
6644355139 316004187
316004187 6646132002
6646132002 6646132003
6646132003 6478000388
316004201 6644341745
6644341745 316004217
317173116 676044951
676044951 317181003
317181003 317173114
317173114 8360202740
8360202740 317173113
317173053 676044950
676044950 317173118
317173118 6307842238
6307842238 6307842237
6307842237 6690779330
6308583091 6261128065
6261128065 676044949
676044949 638291398
638291398 6640009431
6640009431 6288525161
6288525161 6288525160
6288525160 8357676557
8357676557 638291308
638291308 638291309
638291309 1127978034
316003684 6455770900
6455770900 6478000388
6478000388 6478000270
6478000270 6478000271
6478000271 6646131996
6646131996 6644355151
6644355151 316003913
565618809 317180982
317180982 317180938
317180961 338763398
338763398 317180963
317180982 338763398
338763398 317181003
316003684 6644355161
6644355162 317242547
317242547 316003956
316003956 6478025990
6478025990 6478025992
6478025992 316003957
316003957 6478025993
6478025993 6646132055
6646132055 316003958
316003958 6478025991
6478025991 316003959
316003959 6478025994
6478025994 316003960
616559447 6646132024
6646132024 616559448
616559448 6646132027
6646132027 6646132025
6646132025 6646132026
6646132026 6478024656
6478024656 6646132029
6646132029 316003938
316003938 6646132030
6646132030 6646132028
6646132028 616559450
616559450 6478024657
6478024657 6262096756
6262096756 616559451
616559451 6262096757
6262096757 317243527
317243527 317243528
317243528 6478024658
6478024658 317243782
317243782 6478000401
6478000401 6478000402
6478000402 6646132032
6646132032 317244096
317244096 6646132033
6646132033 6478000398
6478000398 316004122
317243782 6646132031
6646132031 6478000396
6478000396 6262096721
6262096721 6262096719
6262096719 6478000397
6478000397 6262096718
6262096718 6262096720
6262096720 616559513
616559513 616559517
6262096753 6262096717
6262096717 6646119074
6646119074 616559517
616559517 6262313024
6262313024 6478073241
6478073241 316004128
316004128 6262313023
6262313023 6478073240
6478073240 6262313026
6262313026 6478073239
6478073239 6262313025
6262313025 316004122
316004122 316004120
316004120 6478073238
6478073238 6478073236
6478073236 6478073237
6478073237 6478073235
6478073235 8176002798
8176002798 316004112
316004112 6478073234
6478073234 316004106
316004106 6478073232
6478073232 6478073229
6478073229 6478073231
6478073231 6478073230
6478073230 6478073225
6478073225 6646132008
6646132008 6646132007
6646132007 6646132006
6646132006 316003684
6308583085 638291349
638291349 7137980156
7137980156 99200229
99200229 7137980155
7137980155 316624631
316004175 316003833
317238300 6478024679
6478024679 6646132049
6646132049 317238423
317238423 6646132050
6646132050 6478024678
6478024678 317238422
317238422 8458073107
8458073107 6646132051
6646132051 1235790800
1235790800 1235790755
1235790755 6478000278
317238300 6478025988
6478025988 6478024676
6478024676 6478024680
6478024680 1235790763
6288850219 2031414893
2031414893 3693932235
3693932235 317180660
317180660 3693932233
3693932233 6288850218
6288850218 6288850217
6288850217 99200242
99200242 317180495
317180495 638291398
638291398 6308583086
6308583086 6308583085
316003986 6478024655
6478024655 6646119075
6646119075 316003681
316003681 2876951982
2876951982 6646119076
6646119076 316003680
316003680 316003679
316003679 6478024660
6478024660 316003678
316003678 6478024661
6478024661 316003676
317242547 6646132054
6646132054 6275546242
6275546242 6275546241
6275546241 6646132053
6646132053 6275546240
6275546240 316004217
316004217 316003684
316003666 6431539775
6431539775 6646132012
6646132012 6431539762
6431539762 6478026001
6478026001 6646132014
6646132014 6646132013
6646132013 6431539764
6431539764 6431539763
6431539763 6431539765
6431539765 6478026002
6478026002 317242547
6452465804 317177461
317177461 676044953
676044953 317173114
317173114 317180963
317180963 8360193813
8360193813 317180938
317180938 8360202738
8360202738 6308581584
6308581584 316003966
316003966 676044954
676044954 6261128066
6261128066 676044949
6452465814 1235790763
1235790763 6452465809
6452465809 6452465808
6452465808 6646132052
6646132052 6452465807
6452465807 6452465805
6452465805 6452465806
6452465806 6307842241
6307842241 6452465795
6452465795 6452465803
6452465803 6452465801
6452465801 316003666
317243782 6478000400
6478000400 6646132056
6646132056 6478000399
6478000399 6644341748
6644341748 317244283
317244283 6646132057
6646132057 316003676
316003676 6478205412
6478205412 317241184
317241184 6478025985
6478025985 6478024684
6478024684 316003673
316003673 6478025986
6478025986 316003671
316003671 6478025987
6478025987 6646132058
6646132058 317238300
317238300 6478024677
6478024677 6646132059
6646132059 6478025989
6478025989 6478026000
6478026000 316003667
316003667 6478025999
6478025999 6646132060
6646132060 316003666
6455770900 6644355160
317180314 8360202748
8360202748 6644355169
317177558 8360202767
8360202767 8360202754
8360202754 8360202751
8360202751 6690779363
6690779363 8360202757
8360202757 6690779362
6690779362 317180314
6478000407 6644355148
6644355148 6478000236
6478000236 6478000243
6478000243 6478000242
6478000242 6644341743
6644341743 6478000241
6478000241 6478000237
6478000237 6478000240
6478000240 6478000238
6478000238 316004106
317178428 6646131993
6646131993 6646131992
6646131992 6478036401
6478036401 6478036399
6478036399 6478036402
6478036402 6478036400
6478036400 6478000253
6478000253 6478000252
6478000252 6478000251
6478000251 6478000250
6478000250 6478000249
6478000249 6646131994
6646131994 316004183
316004183 6478000248
6478000248 6644355150
6644355150 6646131995
6646131995 6478000247
6478000247 6478000246
6478000246 6478000245
6478000245 6478000244
6478000244 8360202790
8360202790 6478000270
317238378 6478024683
6478024683 6478024682
6478024682 6461292728
6461292728 6478024681
6478024681 317238425
317238425 1928067407
1928067407 6478205411
6478205411 317238300
6478000260 6478036397
6478036397 6478036396
6478036396 6478036395
6478036395 6478036394
6478036394 6478036393
6478036393 6478036392
6478036392 6478036391
6478036391 6478000269
6640009431 6308583085
8176073411 8176073410
8176073410 8176073412
8176073412 8176073413
8176073413 8176073414
8176073414 8176073415
8176073415 8364612164
8364612164 8176073408
8176073408 6452465797
6461308912 6644341745
6431539775 316003960
316003681 316004106
316004122 6478000403
6478000403 6646119077
6646119077 317244106
317244106 6478000404
6478000404 317244111
317244111 6478000405
6478000405 6646119078
6646119078 6478000407
6478073225 6646132009
6646132009 6646132010
6646132010 6646132011
6646132011 316003986
6478000388 6646132041
6646132041 6646132042
6646132042 6646132044
6646132044 317243660
317243660 6646132037
6646132037 6646132040
6646132040 6646132039
6646132039 317243658
317243658 317243657
317243657 6646132038
6646132038 316004106
316004106 317243532
317243532 6646132035
6646132035 6478000390
6478000390 6478000393
6478000393 6478000394
6478000394 6646132034
6646132034 6478000395
6478000395 6646132036
6646132036 317243782
6690779330 8176028556
8176028556 6690779328
6690779328 6690779329
6478000407 6478000406
6478000406 6478000409
6478000409 6478000253
6478000253 6478000408
6478000408 6644355149
6644355149 6263413994
6644355159 6646132043
6646132043 6478000388
316003684 6646132005
6646132005 6646132004
6646132004 316003986
317180314 676044952
676044952 317173113
317173113 317173118
6452465797 6644355145
6644355145 6452465796
6452465796 6452465804
6452465801 6452465793
6452465793 6644355146
6644355146 6452465798
6452465798 6452465804
316003960 6644355144
6644355144 316003708
316003708 6478000284
6478000284 316003707
316003707 316003706
316003666 6646132061
6646132061 8409359895
8409359895 6478025998
6478025998 8409359882
8409359882 316003664
316003664 6644355143
6644355143 6646132063
6646132063 6646132062
6646132062 316003960
8458073108 8458073107
