278224815 704.8820586364417 428.5548598204999 22.5443087 114.0511899 50
278224981 713.3580066910414 1.063081822857953 22.5404483 114.0512723 50
409381230 1854.432513398237 569.8561521021414 22.5455847 114.0623654 50
499542312 1410.936760573834 445.3537673743469 22.5444604 114.0580539 50
499542590 1410.875042504192 371.2038102334473 22.5437908 114.0580533 50
499542929 1394.704908596935 370.2846874075045 22.5437825 114.0578961 50
499543019 691.5200968403137 427.4253353840877 22.5442985 114.05106 50
499543021 697.5581811937842 0 22.5404387 114.0511187 50
499543059 688.7942154878347 484.8871226603977 22.5448174 114.0510335 50
499543340 250.5444984717646 323.7084150459452 22.5433619 114.046773 50
503465656 680.4108445350806 1206.819344269322 22.5513367 114.050952 50
503465977 1394.602045147968 1219.808875291937 22.551454 114.0578951 50
503465989 1382.61845354549 1219.64276875717 22.5514525 114.0577786 50
1842898689 17.65136754856564 965.7876884856947 22.5491601 114.0445089 50
1842898735 19.09145581054895 985.7536939695594 22.5493404 114.0445229 50
1933843909 1850.348834542425 1008.94216623036 22.5495498 114.0623257 50
2319202440 1901.718840099154 792.3503186008957 22.5475939 114.0628251 50
2367560891 1884.715512270051 792.2063596046848 22.5475926 114.0626598 50
2491099046 1389.798322163781 464.433871340631 22.5446327 114.0578484 50
2525989775 45.01304451708893 538.5838284811784 22.5453023 114.0447749 50
2750252781 348.6247954254045 323.5312347417246 22.5433603 114.0477265 50
2750252808 1858.07387943252 560.8310303771278 22.5455032 114.0624008 50
2750252825 45.89767016407234 530.6550098866803 22.5452307 114.0447835 50
2750252845 671.7600286212936 542.4707213961234 22.5453374 114.0508679 50
2750787496 10.78008927194105 958.4125583395966 22.5490935 114.0444421 50
2750787519 13.32081641942011 992.1321849067064 22.549398 114.0444668 50
2750787523 24.28605989636105 982.2876042766098 22.5493091 114.0445734 50
2750787527 21.42645606401993 968.4343192735614 22.549184 114.0445456 50
2751377831 750.5122838368638 982.6087435777455 22.549312 114.0516335 50
2751394425 1651.76066327852 454.7996923210039 22.5445457 114.0603951 50
2751394430 1865.829783353511 776.7805994050251 22.5474533 114.0624762 50
3085769133 74.63771732624571 458.287929552157 22.5445772 114.0450629 50
3085771411 1093.695602903123 998.2892004635777 22.5494536 114.0549698 50
4127126149 35.71418888645633 971.8228925835025 22.5492146 114.0446845 50
4127126150 35.2718760623103 979.4084243400702 22.5492831 114.0446802 50
5140366000 201.4066297182296 459.9379211310725 22.5445921 114.0462953 50
5140366017 93.99661809913619 458.5426262390338 22.5445795 114.0452511 50
5140366328 341.8769532854465 1117.575839998295 22.5505308 114.0476609 50
5140366337 346.7115353070714 437.2809897825816 22.5443875 114.0477079 50
5192661986 706.0855609709045 486.2824175527885 22.54483 114.0512016 50
5392672947 681.9229372099014 1075.451222769535 22.5501504 114.0509667 50
5832653036 30.55044383284792 971.3134992101011 22.54921 114.0446343 50
5832653044 696.3135334813049 1145.215967391542 22.5507804 114.0511066 50
5832653057 18.24797554158204 746.5935051444192 22.5471807 114.0445147 50
5832653080 1396.638741405585 1157.131342822197 22.550888 114.0579149 50
5832657505 1383.873387602473 842.259795429 22.5480446 114.0577908 50
5832657515 1325.477808595013 767.6668875279013 22.547371 114.0572231 50
5832657517 1406.534205030542 718.2778778437089 22.546925 114.0580111 50
5832657531 1404.703235669551 833.8215834596919 22.5479684 114.0579933 50
5832657572 952.6286713415811 778.5745499805033 22.5474695 114.0535984 50
5832657725 1387.64847611531 597.9945991000401 22.5458388 114.0578275 50
5832657742 1409.68182651685 522.903371594994 22.5451607 114.0580417 50
5832657781 705.9004067659046 504.2440708507055 22.5449922 114.0511998 50
5832657889 650.0249822182243 542.1274345574886 22.5453343 114.0506566 50
5832657901 737.0063132150611 551.9609414184832 22.5454231 114.0515022 50
5832657907 705.0363538066207 589.1577314479966 22.545759 114.0511914 50
5832657910 687.7141492900384 589.2241740619033 22.5457596 114.051023 50
5832657915 659.6941462588569 550.7206792921094 22.5454119 114.0507506 50
5832657926 747.8481205540268 758.2431101194479 22.5472859 114.0516076 50
5832657944 693.6802292306714 1207.528065484795 22.5513431 114.051081 50
5832657956 664.6521644158398 756.8810365343627 22.5472736 114.0507988 50
5832657962 1850.616279506075 1001.4562983943 22.5494822 114.0623283 50
5834215807 335.2216882499514 1117.376512156928 22.550529 114.0475962 50
7241992283 353.4593774470294 485.9502044832555 22.544827 114.0477735 50
7241992293 571.0464274196377 357.1733449265305 22.5436641 114.0498888 50
7241992309 356.1132543840537 341.2714126600703 22.5435205 114.0477993 50
7961465978 565.8312506422 735.5197361566984 22.5470807 114.0498381 50
7961465981 565.5638056785499 755.0760121887259 22.5472573 114.0498355 50
7961467086 571.5298856204915 322.6785545296884 22.5433526 114.0498935 50
7961467090 571.6533217571581 313.6755803432308 22.5432713 114.0498947 50
7961467108 355.8869548010373 354.0394683031139 22.5436358 114.0477971 50
7961467128 344.4691121567548 976.4406542517723 22.5492563 114.0476861 50
7961467129 348.7482315620711 316.3554324376984 22.5432955 114.0477277 50
7961467136 348.8716676987377 309.0024498301561 22.5432291 114.0477289 50
7961467137 356.5658535540125 316.6433504318807 22.5432981 114.0478037 50
7961467144 356.7098623796874 309.0799662131645 22.5432298 114.0478051 50
7961467152 571.2110089330121 345.1029367298584 22.5435551 114.0498904 50
7961511682 249.0324057969438 435.7860309693309 22.544374 114.0467583 50
7961542786 3.98081540946248 746.3720297648479 22.5471787 114.044376 50
7961542788 0.7920485451377317 937.1177005765433 22.5489012 114.044345 50
7961542789 0 1015.951861998915 22.5496131 114.0443373 50
7961542792 31.12647913816477 746.8039067552409 22.5471826 114.0446399 50
7961542798 37.43200845659408 764.5219371353828 22.5473426 114.0447012 50
7961542805 37.19542252645613 746.8924969073512 22.5471834 114.0446989 50
7961542809 316.1816641632316 751.3330782714004 22.5472235 114.0474111 50
7961542810 375.1738511623991 769.7044610218588 22.5473894 114.0479846 50
7961542811 374.8035427497818 752.263274866445 22.5472319 114.047981 50
7961542812 244.9281542508147 738.8640143912887 22.5471109 114.0467184 50
7961542813 248.6929564204562 460.4251669669745 22.5445965 114.046755 50
7961542817 250.7502253657728 308.3712449976912 22.5432234 114.046775 50
7961542818 267.516967267355 542.969041000423 22.5453419 114.046938 50
7961542821 229.4266327494113 534.1432471174813 22.5452622 114.0465677 50
7961542823 319.7510257820604 535.8596813106556 22.5452777 114.0474458 50
7961542824 380.7901953820403 545.2059423357481 22.5453621 114.0480392 50
7961542826 352.924487519729 515.284618531473 22.5450919 114.0477683 50
7961542828 344.4382531219338 571.5282912196127 22.5455998 114.0476858 50
7961542831 247.9729122894645 513.6235531834558 22.5450769 114.046748 50
7961542834 548.7147730196261 540.2005987534927 22.5453169 114.0496717 50
7961542836 568.0839601370207 571.7940616752392 22.5456022 114.04986 50
7961542838 592.7711874768942 549.3918270132729 22.5453999 114.0501 50
7961542840 348.9848174909003 729.9607041253387 22.5470305 114.04773 50
7961542842 340.7557417109425 789.7147615824831 22.5475701 114.04765 50
7961542845 244.7738590819444 750.1924800658863 22.5472132 114.0467169 50
7961542848 243.6217884713107 767.6890350657527 22.5473712 114.0467057 50
7961542853 237.4602679811737 1130.997248011655 22.550652 114.0466458 50
7961542857 25.29412168001113 970.2836386941966 22.5492007 114.0445832 50
7961542858 14.35973723658253 962.6870331688793 22.5491321 114.0444769 50
7961542859 7.68389950946198 953.3739934500356 22.549048 114.044412 50
7961542860 30.93103858996938 979.9399652516752 22.5492879 114.044638 50
7961542861 27.15595007451509 981.0251946120322 22.5492977 114.0446013 50
7961542862 21.74533275019064 983.7714893211109 22.5493225 114.0445487 50
7961542863 15.59409860324899 989.1533410493067 22.5493711 114.0444889 50
7961542864 10.94467078793275 995.8640450556345 22.5494317 114.0444437 50
7961542865 491.5844144149625 987.4258330870307 22.5493555 114.0491163 50
7961542866 504.6583585610493 987.647308466602 22.5493575 114.0492434 50
7961542867 364.2497530634745 985.1889317517055 22.5493353 114.0478784 50
7961542868 364.6509205069868 976.7507197831017 22.5492591 114.0478823 50
7961542869 337.0835166444553 1007.325395957693 22.5495352 114.0476143 50
7961542871 314.8958710714272 976.0087772610273 22.5492524 114.0473986 50
7961542873 344.7879888429255 958.7004763330744 22.5490961 114.0476892 50
7961542875 218.3379531371123 974.5581135234794 22.5492393 114.0464599 50
7961542877 258.7735742517224 983.3285385616163 22.5493185 114.046853 50
7961542878 258.5781337009096 975.1671708180928 22.5492448 114.0468511 50
7961542879 240.3815898818482 958.490074722605 22.5490942 114.0466742 50
7961542885 237.2545410858568 1142.879402135005 22.5507593 114.0466438 50
7961542899 337.4641113989594 984.7127596852574 22.549331 114.047618 50
7961542900 341.1054774319342 769.1839938790034 22.5473847 114.0476534 50
7961542901 341.393495083284 751.7428077239418 22.5472272 114.0476562 50
7961542902 344.921711325405 544.4972211209792 22.5453557 114.0476905 50
7961542903 345.0348611162588 536.3358533771036 22.545282 114.0476916 50
7961542904 344.3148169852671 984.834571144321 22.5493321 114.0476846 50
7961542905 348.2647733612173 769.2947315689651 22.5473857 114.047723 50
7961542906 348.583650047388 751.8535454139037 22.5472282 114.0477261 50
7961542907 352.4101702840542 544.6522538866438 22.5453571 114.0477633 50
7961542908 352.5336064207209 536.4798123740186 22.5452833 114.0477645 50
7961542909 337.6081202246342 976.352064099662 22.5492555 114.0476194 50
7961542910 239.9701360925231 983.0073992611851 22.5493156 114.0466702 50
7961542911 240.1038585763112 974.8792528242628 22.5492422 114.0466715 50
7961542912 235.5470078628406 982.9298828781766 22.5493149 114.0466272 50
7961542913 235.7013030317109 974.8238839791059 22.5492417 114.0466287 50
7961542916 247.5923175349605 542.5814590857329 22.5453384 114.0467443 50
7961542917 247.6951809813102 534.4865339561161 22.5452653 114.0467453 50
7961542918 563.8768451432331 908.9903273480986 22.5486472 114.0498191 50
7961542919 564.8437615501755 852.0379334444856 22.5481329 114.0498285 50
7961542921 562.6630564668835 979.6631210265947 22.5492854 114.0498073 50
7961542928 566.2118453980128 772.6390098035556 22.5474159 114.0498418 50
7961542931 566.0575502265251 781.2986971520828 22.5474941 114.0498403 50
7961542936 382.7034555003734 769.8262724805702 22.5473905 114.0480578 50
7961542945 380.851913449065 752.362938787305 22.5472328 114.0480398 50
7961542956 343.6667772684215 617.3404735215984 22.5460135 114.0476783 50
7961542976 246.9442778181148 590.1986657322987 22.5457684 114.046738 50
7961542986 569.2463170921585 488.1981795876825 22.5448473 114.0498713 50
7961542987 568.4439822025166 548.9156549464726 22.5453956 114.0498635 50
7961542988 568.5159866166626 540.5771068990808 22.5453203 114.0498642 50
7961771598 684.9779815956726 853.1563841125003 22.548143 114.0509964 50
7961771599 683.6510431245431 981.6342519066457 22.5493032 114.0509835 50
7961771622 1630.159339355312 1184.660732525483 22.5511366 114.0601851 50
7961771623 703.8328514760838 707.8020923811473 22.5468304 114.0511797 50
7961771626 702.0841728724338 821.3303720417287 22.5478556 114.0511627 50
7961771627 955.7762928291979 546.8670076841177 22.5453771 114.053629 50
7961771628 1138.770365489854 549.6908187755004 22.5454026 114.055408 50
7961771629 1353.837261003991 553.024023240989 22.5454327 114.0574988 50
7961771633 1767.728913709554 559.4357354850891 22.5454906 114.0615225 50
7961771635 796.924271236611 552.9132855517315 22.5454317 114.0520847 50
7961771636 935.7384933033322 555.1391131176027 22.5454518 114.0534342 50
7961771637 955.6219976590189 555.4602524187383 22.5454547 114.0536275 50
7961771638 1300.173400573115 560.9749893740428 22.5455045 114.0569771 50
7961771670 695.6037756948174 1161.937358562733 22.5509314 114.0510997 50
7961786798 688.5267705254931 510.2128323349588 22.5450461 114.0510309 50
7961786812 731.5236914739733 543.389844221714 22.5453457 114.0514489 50
7961786814 705.6432481467584 529.4036739905001 22.5452194 114.0511973 50
7961786815 679.0736197207557 551.0307448230865 22.5454147 114.050939 50
7961786816 679.0839060652597 542.5814590857329 22.5453384 114.0509391 50
7961786817 688.043312322022 557.8854078266814 22.5454766 114.0510262 50
7961786818 688.2696119076558 534.6083454144754 22.5452664 114.0510284 50
7961786819 705.3552304941001 558.1954733587152 22.5454794 114.0511945 50
7961786820 705.5712437326124 534.9184109465091 22.5452692 114.0511966 50
7961786821 714.1294825445536 551.5844332725429 22.5454197 114.0512798 50
7961786822 714.2837777160413 543.1240737660876 22.5453433 114.0512813 50
7961786823 687.9713079078759 563.8763168491384 22.5455307 114.0510255 50
7961786825 719.4680954573492 551.6730234246533 22.5454205 114.0513317 50
7961786826 703.3391069294172 739.893874906841 22.5471202 114.0511749 50
7961786828 683.229302990714 1021.820959562308 22.5496661 114.0509794 50
7961786829 700.0474766174341 954.3263375829317 22.5490566 114.0511429 50
7961786830 647.9779996161031 981.3795552197689 22.5493009 114.0506367 50
7961786836 964.4785404655056 555.6042114156534 22.545456 114.0537136 50
7961786837 964.5711175686599 546.999892912283 22.5453783 114.0537145 50
7961786842 1138.605783973862 558.3837274313331 22.5454811 114.0554064 50
7961786843 1130.541289709896 558.2619159726219 22.54548 114.055328 50
7961786844 1130.675012191067 549.5690073171412 22.5454015 114.0553293 50
7961786847 891.3734885030889 554.4303919024816 22.5454454 114.0530029 50
7961786848 891.4660656075519 545.8703684751663 22.5453681 114.0530038 50
7961786849 688.1976074935096 542.725418082648 22.5453397 114.0510277 50
7961786850 705.5095256655877 542.9911885379222 22.5453421 114.051196 50
7961786851 688.1256030793636 551.1747038200015 22.545416 114.051027 50
7961786852 705.4375212514416 551.4515480450819 22.5454185 114.0511953 50
7961786858 1395.291230246756 1176.023192715159 22.5510586 114.0579018 50
7961786863 1381.939554791206 1151.140433800093 22.5508339 114.057772 50
7961786869 1383.235634227514 1032.551441711395 22.549763 114.0577846 50
7961786870 1399.364622758064 1032.219228641861 22.54976 114.0579414 50
7961786871 1400.413829918421 967.4819751406653 22.5491754 114.0579516 50
7961786872 1384.325986768506 966.8507703082004 22.5491697 114.0577952 50
7961786873 1384.449422905172 807.2888329657101 22.5477288 114.0577964 50
7961786874 1406.009601450363 750.5025455972157 22.547216 114.058006 50
7961786875 1405.083830424055 807.5546034216886 22.5477312 114.057997 50
7961786876 1385.395766619181 750.6354308246767 22.5472172 114.0578056 50
7961786877 1387.926207422156 580.8302571686502 22.5456838 114.0578302 50
7961786878 1408.745769147346 581.1403227006839 22.5456866 114.0580326 50
7961786879 1409.383522519688 541.5958936462358 22.5453295 114.0580388 50
7961786880 1388.574247139001 540.6546232820893 22.545321 114.0578365 50
7961786881 1375.870611405532 553.3673100796237 22.5454358 114.057713 50
7961786888 1388.913696516798 519.4372819020444 22.5451294 114.0578398 50
7961786893 1432.352930290732 554.2421378295114 22.5454437 114.0582621 50
7961786897 1362.765808224624 561.9827023520959 22.5455136 114.0575856 50
7961786904 1437.300662103211 563.1786694031191 22.5455244 114.0583102 50
7961786907 1408.488610526892 596.7986320493692 22.545828 114.0580301 50
7961786910 1419.289272490458 562.890751409289 22.5455218 114.0581351 50
7961786911 1381.188651628011 562.2706203462783 22.5455162 114.0577647 50
7961786912 1381.229797007335 553.4448264626321 22.5454365 114.0577651 50
7961786913 1388.101075282651 570.0776274824171 22.5455867 114.0578319 50
7961786914 1388.491956382969 546.0586225481366 22.5453698 114.0578357 50
7961786915 1408.920637006534 570.1994389407762 22.5455878 114.0580343 50
7961786916 1409.311518105542 546.1804340072001 22.5453709 114.0580381 50
7961786917 1414.084382060142 562.8021612571788 22.545521 114.0580845 50
7961786918 1414.12552743685 553.9542198360335 22.5454411 114.0580849 50
7961993759 1334.58122367745 784.4325737751471 22.5475224 114.0573116 50
7961993760 1134.583823185075 781.3651397659894 22.5474947 114.0553673 50
7961993761 1866.704122655991 791.9295153799567 22.5475901 114.0624847 50
7961993768 1453.563373113623 769.8041249423666 22.5473903 114.0584683 50
7961993773 1375.356294169857 785.0637786076121 22.5475281 114.057708 50
7961993774 1375.428298582694 768.4863464329842 22.5473784 114.0577087 50
7961993775 1384.614004421164 797.6103588707322 22.5476414 114.057798 50
7961993776 1385.26204413801 758.4092166542146 22.5472874 114.0578043 50
7961993777 1405.238125594234 797.7543178676472 22.5476427 114.0579985 50
7961993778 1405.875878969192 758.719282185896 22.5472902 114.0580047 50
7961993779 1413.168897377029 785.63961459492 22.5475333 114.0580756 50
7961993780 1413.518633099329 769.1507725724023 22.5473844 114.058079 50
7962005188 1454.046831317094 786.2708194270327 22.547539 114.058473 50
7962005192 1385.776361376302 727.4580323340349 22.5470079 114.0578093 50
7962005231 686.4180698550387 714.2580997005983 22.5468887 114.0510104 50
7962005236 627.7241868543424 756.2941267779529 22.5472683 114.0504398 50
7962005237 685.5951622776972 793.5130643449655 22.5476044 114.0510024 50
7962005238 702.536772041084 792.2395809116383 22.5475929 114.0511671 50
7962005240 720.5070162758204 775.0087963663418 22.5474373 114.0513418 50
7962005241 720.4967299300076 757.8001593603054 22.5472819 114.0513417 50
7962005244 646.6716338379078 773.8792719299295 22.5474271 114.050624 50
7962005247 685.2145675231932 830.4440839188526 22.5479379 114.0509987 50
7962005248 672.7269450256185 774.2779276133691 22.5474307 114.0508773 50
7962005249 672.8195221287729 757.0139217618237 22.5472748 114.0508782 50
7962005250 685.6671666905346 786.6805488799264 22.5475427 114.0510031 50
7962005251 686.0786204798598 746.9367919834062 22.5471838 114.0510071 50
7962005252 702.6190627971168 786.8023603386378 22.5475438 114.0511679 50
7962005253 703.2259571372547 747.2247099768841 22.5471864 114.0511738 50
7962005254 712.5659581459037 774.8869849079827 22.5474362 114.0512646 50
7962005255 712.6173898697328 757.6672741324923 22.5472807 114.0512651 50
7962005264 765.9726599602509 775.7064438130654 22.5474436 114.0517838 50
7962005272 699.0188421434672 1021.643779258792 22.5496645 114.0511329 50
7962005273 933.6503653231947 761.2883965914586 22.5473134 114.0534139 50
7962005274 976.297550554609 778.9399843573418 22.5474728 114.0538285 50
7962005275 952.89611630654 761.6095358918899 22.5473163 114.053601 50
7962005279 977.0690264107386 761.9971178062276 22.5473198 114.053836 50
7962005284 683.8773427075596 959.7967794628855 22.549106 114.0509857 50
7962005285 699.9548995129711 960.0514761501146 22.5491083 114.051142 50
7962005286 683.30130740486 1015.265288321997 22.5496069 114.0509801 50
7962005287 699.11141924793 1015.51998500817 22.5496092 114.0511338 50
7962005288 1112.149305341331 764.2118716037014 22.5473398 114.0551492 50
7962005289 1144.42785508882 781.5201725313019 22.5474961 114.055463 50
7962005291 1144.921599636795 764.7544862844082 22.5473447 114.0554678 50
7962005292 1134.984990631204 764.5883797492894 22.5473432 114.0553712 50
7962005294 699.6257364836049 981.7339158275056 22.5493041 114.0511388 50
7962005295 681.5629151444056 1184.140265383332 22.5511319 114.0509632 50
7962005296 683.5893250549011 990.7922588591204 22.5493859 114.0509829 50
7962005297 685.8008891717054 774.4772554554411 22.5474325 114.0510044 50
7962005298 685.9757570322013 757.2021758347938 22.5472765 114.0510061 50
7962005299 694.6574319808093 1184.516773528215 22.5511353 114.0510905 50
7962005300 699.4920139998169 991.0691030842008 22.5493884 114.0511375 50
7962005301 702.8042170034255 774.7430259110675 22.5474349 114.0511697 50
7962005302 703.071661965767 757.5122413664755 22.5472793 114.0511723 50
7962005303 749.7510943278558 991.955004602838 22.5493964 114.0516261 50
7962005305 719.9618400053246 991.4345374606871 22.5493917 114.0513365 50
7962005306 720.1058488309994 982.0882764352423 22.5493073 114.0513379 50
7962005307 724.0558052056409 991.5009800745937 22.5493923 114.0513763 50
7962005308 723.8706509993323 982.1547190487967 22.5493079 114.0513745 50
7962005309 655.2607316820529 990.293939255173 22.5493814 114.0507075 50
7962005310 655.2813043736784 981.4349240652781 22.5493014 114.0507077 50
7962005311 889.1207790095768 994.4244550871886 22.5494187 114.052981 50
7962005312 889.1104926650727 984.9231612957269 22.5493329 114.0529809 50
7962005313 926.3059151915289 995.1774713787171 22.5494255 114.0533425 50
7962005314 926.5425011190495 985.5543661281919 22.5493386 114.0533448 50
7962005315 879.2870334516439 984.7902760682659 22.5493317 114.0528854 50
7962005318 935.2241760676574 995.3767992200846 22.5494273 114.0534292 50
7962005319 1151.957459428103 989.463406580636 22.5493739 114.0555362 50
7962005321 1196.21960077938 999.7287904323758 22.5494666 114.0559665 50
7962005322 1196.631054568705 990.2274966412664 22.5493808 114.0559705 50
7962005323 1363.053825877282 1002.087503226765 22.5494879 114.0575884 50
7962005324 1363.269839115795 993.0734552708528 22.5494065 114.0575905 50
7962005325 989.9269573156957 996.6170613468108 22.5494385 114.053961 50
7962005326 990.1223978665084 986.6949643337059 22.5493489 114.0539629 50
7962005327 1383.883673946977 993.3724470330803 22.5494092 114.0577909 50
7962005328 1399.992089784592 993.4610371855429 22.54941 114.0579475 50
7962005329 1383.72937877549 1002.375421220243 22.5494905 114.0577894 50
7962005330 1399.837794615722 1002.607970369268 22.5494926 114.057946 50
7962005331 1355.277349263357 992.9294962735856 22.5494052 114.0575128 50
7962005332 1426.191409800595 1002.973404745754 22.5494959 114.0582022 50
7962005342 1499.090734867695 1004.003265261307 22.5495052 114.0589109 50
7962005343 1499.203884661166 995.3878729891865 22.5494274 114.058912 50
7962005345 1508.77018525414 787.1124258706716 22.5475466 114.059005 50
7962005346 1505.931154109499 1004.102929182166 22.5495061 114.0589774 50
7962005347 1506.044303900353 995.50968444825 22.5494285 114.0589785 50
7962005349 1490.162187645754 995.2328402231697 22.549426 114.0588241 50
7962005351 1517.750164198602 995.7090122896177 22.5494303 114.0590923 50
7962005352 1503.400713307833 1198.591533911892 22.5512624 114.0589528 50
7962005355 1641.587468345408 475.2529436411228 22.5447304 114.0602962 50
7962005368 1640.363393323245 1185.026166901969 22.5511399 114.0602843 50
7962005369 1643.531587498562 354.1945010684264 22.5436372 114.0603151 50
7962005370 1653.324187677169 354.4713452935068 22.5436397 114.0604103 50
7962005389 1382.999048299994 1196.720066953053 22.5512455 114.0577823 50
7962005390 1384.809444971977 785.2077376038228 22.5475294 114.0577999 50
7962005391 1385.097462623327 768.6303054298992 22.5473797 114.0578027 50
7962005392 1388.224511419318 562.3924318046373 22.5455173 114.0578331 50
7962005393 1388.368520246302 553.5555641525939 22.5454375 114.0578345 50
7962005394 1404.394645327884 850.2439828690074 22.5481167 114.0579903 50
7962005395 1394.622617838284 1196.908321025318 22.5512472 114.0578953 50
7962005396 1405.443852490859 785.5288769049583 22.5475323 114.0580005 50
7962005397 1405.711297450584 769.0289611133387 22.5473833 114.0580031 50
7962005398 1409.0440731432 562.7246448741703 22.5455203 114.0580355 50
7962005399 1409.188081968875 553.8877772221269 22.5454405 114.0580369 50
7962005404 1505.550559354995 751.3662995783537 22.5472238 114.0589737 50
7962005405 1505.190537290808 770.6568051547549 22.547398 114.0589702 50
7962005406 1501.682893737695 770.6014363092457 22.5473975 114.0589361 50
7962005407 1510.673159027969 564.3524889155865 22.545535 114.0590235 50
7962005408 1510.745163440807 555.4602524187383 22.5454547 114.0590242 50
7962005409 1511.619502743286 347.4062806794424 22.5435759 114.0590327 50
7962005410 1643.727028046757 340.9391995905373 22.5435175 114.060317 50
7962005411 1643.387578671578 338.4033064922802 22.5434946 114.0603137 50
7962005423 1653.499055537665 338.6358556409533 22.5434967 114.060412 50
7962005424 1633.029229534775 1005.896879758349 22.5495223 114.060213 50
7962005425 1633.173238361758 997.6801431696687 22.5494481 114.0602144 50
7962005426 1643.140706398245 1006.040838755264 22.5495236 114.0603113 50
7962005427 1643.284715225228 997.8573234731848 22.5494497 114.0603127 50
7962005428 1646.535200157886 789.2275157469331 22.5475657 114.0603443 50
7962005429 1646.792358775724 772.9712228730885 22.5474189 114.0603468 50
7962005430 1650.011984674869 566.5783164821621 22.5455551 114.0603781 50
7962005431 1650.155993501853 557.6085636023054 22.5454741 114.0603795 50
7962005432 1504.48077950432 564.2528249947267 22.5455341 114.0589633 50
7962005433 1640.106234705408 566.4232837161452 22.5455537 114.0602818 50
7962005434 1504.593929295174 555.3605884975262 22.5454538 114.0589644 50
7962005435 1640.260529875587 557.4646046050382 22.5454728 114.0602833 50
7962005436 1613.886342000397 997.3479300997834 22.5494451 114.0600269 50
7962005438 1665.102052386948 1006.350904287298 22.5495264 114.0605248 50
7962005439 1665.760378449606 998.2338316191251 22.5494531 114.0605312 50
7962005440 1643.583019222391 978.9433260427239 22.5492789 114.0603156 50
7962005441 1633.49211504662 978.2346048276028 22.5492725 114.0602175 50
7962005442 1632.648634778962 1030.170581379507 22.5497415 114.0602093 50
7962005443 1642.780684334058 1029.993401075286 22.5497399 114.0603078 50
7962005444 1636.145991986262 813.1800780673071 22.547782 114.0602433 50
7962005445 1646.175178093699 812.4602830830841 22.5477755 114.0603408 50
7962005446 1647.10094911739 753.2820616132477 22.5472411 114.0603498 50
7962005447 1637.112908390587 752.7394469328931 22.5472362 114.0602527 50
7962005448 1614.986980885893 772.4507557305853 22.5474142 114.0600376 50
7962005450 1667.632493189923 789.5486550473643 22.5475686 114.0605494 50
7962005451 1667.25189843411 773.3145097120756 22.547422 114.0605457 50
7962005452 1617.404271896705 557.1102439976537 22.5454696 114.0600611 50
7962005454 1639.735926295408 590.2208132705023 22.5457686 114.0602782 50
7962005455 1649.62110357717 592.0369113845364 22.545785 114.0603743 50
7962005456 1650.444011154511 539.0710743170805 22.5453067 114.0603823 50
7962005457 1640.558833872749 539.0600005476265 22.5453066 114.0602862 50
7962005458 1673.032824169743 566.954824627398 22.5455585 114.0606019 50
7962005463 1641.916631377391 454.711102169598 22.5445449 114.0602994 50
7962005464 1651.44178659104 475.3636813310845 22.5447314 114.060392 50
7962005468 1792.025259951728 559.8122436306774 22.545494 114.0617587 50
7962005469 1795.286031230199 341.67006834351 22.5435241 114.0617904 50
7962005471 1653.47848284604 342.8328140875799 22.5435346 114.0604118 50
7962005472 1643.706455359058 342.6002649389068 22.5435325 114.0603168 50
7962005475 1636.526586740766 789.0724829809162 22.5475643 114.060247 50
7962005476 1636.794031703108 772.805116338322 22.5474174 114.0602496 50
7965330784 1696.372540352096 998.7542987612761 22.5494578 114.0608288 50
7965339087 1644.056191081358 948.3686498677803 22.5490028 114.0603202 50
7999677944 860.6996085348828 993.8707666377321 22.5494137 114.0527047 50
8003006420 834.4797158311804 983.9818909322848 22.5493244 114.0524498 50
8003006424 861.0287715655578 984.635243302249 22.5493303 114.0527079 50
8003006425 782.1736529023291 983.2399484095059 22.5493177 114.0519413 50
8003006426 780.9187188453457 992.5086930526468 22.5494014 114.0519291 50
8113362681 13.20766662856624 746.5159887617629 22.54718 114.0444657 50
8113362697 236.9665234331984 542.3710574749114 22.5453365 114.046641 50
8113362698 237.120818604686 534.2872061140441 22.5452635 114.0466425 50
8113362700 247.4174496744646 555.0173016592436 22.5454507 114.0467426 50
8113362701 259.2981778319014 542.8140082347583 22.5453405 114.0468581 50
8113362702 259.4010412795598 534.7080093356874 22.5452673 114.0468591 50
8113362703 247.9009078779357 519.636609743412 22.5451312 114.0467473 50
8113362705 330.0682295421558 536.0479353829213 22.5452794 114.0475461 50
8113362706 330.0476568518389 544.2093031271492 22.5453531 114.0475459 50
8113362707 344.5822619476086 563.3226283996819 22.5455257 114.0476872 50
8113362708 352.0398618740542 563.3558497066354 22.545526 114.0477597 50
8113362709 364.8669337468077 544.895876804771 22.5453593 114.0478844 50
8113362710 365.3709646379784 536.7234352910891 22.5452855 114.0478893 50
8113362711 352.8319104178833 520.2013719619704 22.5451363 114.0477674 50
8113362712 345.3023060786004 520.4560686488471 22.5451386 114.0476942 50
8113362714 568.6394227520207 531.9284933200076 22.5452422 114.0498654 50
8113362715 554.5162714429587 540.3113364434544 22.5453179 114.0497281 50
8113362716 554.6602802712508 548.6388107220965 22.5453931 114.0497295 50
8113393117 584.675834178107 549.2367942476083 22.5453985 114.0500213 50
8113393118 584.5421116969363 540.8871724311147 22.5453231 114.05002 50
8113393119 568.1868235846791 564.9615462101999 22.5455405 114.049861 50
8113393121 340.8688915017964 782.9265411931468 22.5475088 114.0476511 50
8113393122 348.0179010865753 782.6718445066222 22.5475065 114.0477206 50
8113393123 320.8825237023771 768.8739283480263 22.5473819 114.0474568 50
8113393124 321.3454092142227 751.4216684231585 22.5472243 114.0474613 50
8113393125 341.6403673579259 737.4022768846392 22.5470977 114.0476586 50
8113393126 348.8510950084209 737.2915391953818 22.5470967 114.0477287 50
8113393127 361.1227042674831 752.0528732552712 22.54723 114.047848 50
8113393128 360.6495324111334 769.4829856422875 22.5473874 114.0478434 50
8113393129 243.457206955319 777.633279616357 22.547461 114.0467041 50
8113393131 99.58210328526513 980.5379487764824 22.5492933 114.0453054 50
8113393132 99.49981252661496 972.7752367167508 22.5492232 114.0453046 50
8113393134 239.7849818888318 994.1476108628125 22.5494162 114.0466684 50
8113393135 225.3635265839159 982.7416288052065 22.5493132 114.0465282 50
8113393136 225.2915221697699 974.6688512134411 22.5492403 114.0465275 50
8113393137 251.0896747422604 983.1956533338031 22.5493173 114.0467783 50
8113393138 251.11024742996 975.0564331281312 22.5492438 114.0467785 50
8113393139 240.2787264354984 964.7246066624847 22.5491505 114.0466732 50
8113393141 321.4482726631898 984.4359154605293 22.5493285 114.0474623 50
8113393142 321.2734048013853 976.1084411815349 22.5492533 114.0474606 50
8113393143 337.7829880851301 966.053458940969 22.5491625 114.0476211 50
8113393144 344.6542663617548 966.1752704000326 22.5491636 114.0476879 50
8113393145 337.2069527811219 999.8395281223376 22.5494676 114.0476155 50
8113393146 344.0370856784215 999.8395281223376 22.5494676 114.0476819 50
8113393147 358.0676598830206 976.6510558622417 22.5492582 114.0478183 50
8113393148 358.3556775356789 985.078194062096 22.5493343 114.0478211 50
8113393150 562.765919914542 973.4839579315197 22.5492296 114.0498083 50
8113393153 682.0772323826977 1165.259489258767 22.5509614 114.0509682 50
8113393154 695.3774761118009 1167.429947980891 22.550981 114.0510975 50
8247997381 1696.074236354934 1006.782781277338 22.5495303 114.0608259 50
8247997382 1620.03757614603 1005.708625685731 22.5495206 114.0600867 50
8247997383 1620.078721525355 997.4586677897452 22.5494461 114.0600871 50
8247997384 1632.761784572433 1023.094442995988 22.5496776 114.0602104 50
8247997385 1633.327533530629 988.0016690746909 22.5493607 114.0602159 50
8247997386 1642.883547781716 1023.061221689035 22.5496773 114.0603088 50
8247997387 1643.439010394099 988.0902592260967 22.5493615 114.0603142 50
8247997388 1657.006699088161 1006.229092827882 22.5495253 114.0604461 50
8247997389 1657.130135224827 998.0898726222101 22.5494518 114.0604473 50
8247997390 1622.660594052159 788.8620813704468 22.5475624 114.0601122 50
8247997391 1622.784030187517 772.5725671892967 22.5474153 114.0601134 50
8247997392 1636.320859846758 802.1506041556414 22.5476824 114.060245 50
8247997393 1636.999758598425 760.103503309185 22.5473027 114.0602516 50
8247997394 1646.339759607074 802.2391943077517 22.5476832 114.0603424 50
8247997395 1646.998085671041 760.103503309185 22.5473027 114.0603488 50
8247997396 1660.905223740282 789.4489911265044 22.5475677 114.060484 50
8247997397 1661.131523323298 773.2148457908636 22.5474211 114.0604862 50
8319652337 1011.806012547057 996.9714219541953 22.5494417 114.0541737 50
8319652338 1071.754829604737 997.9791349322484 22.5494508 114.0547565 50
8319652339 1011.898589648903 987.3040216283193 22.5493544 114.0541746 50
8319652340 1071.847406707891 988.2785132990668 22.5493632 114.0547574 50
8569701610 568.8451496460289 516.9567576489443 22.545107 114.0498674 50
8569716217 682.9001399587305 1096.679637918681 22.5503421 114.0509762 50
8569716228 239.7232638191898 997.281487486229 22.5494445 114.0466678 50
8569716229 247.366017951944 559.0038584946963 22.5454867 114.0467421 50
8791690421 1511.856088670807 335.358020020974 22.5434671 114.059035 50
8791690424 1517.626728061936 388.9107668448397 22.5439507 114.0590911 50
8791690425 1518.778798672569 335.5241265553883 22.5434686 114.0591023 50
8791690426 1518.54221274374 347.3509118342854 22.5435754 114.0591 50
8791690427 1509.634238212116 751.2666356571417 22.5472229 114.0590134 50
8791690428 1509.335934214953 770.7232477690137 22.5473986 114.0590105 50
8791690429 1508.358731464815 564.3192676086333 22.5455347 114.059001 50
8791690430 1508.492453947295 555.427031111785 22.5454544 114.0590023 50
8791690431 1510.025119311124 453.4819138116214 22.5445338 114.0590172 50
8791690432 1513.759062447253 564.3967839912895 22.5455354 114.0590535 50
8791690433 1513.954502995448 555.5045474947934 22.5454551 114.0590554 50
8791690434 1516.207212488961 453.5483564255281 22.5445344 114.0590773 50
8791690435 1510.992035715449 388.9218406135893 22.5439508 114.0590266 50
8791690503 1511.712079845132 342.489527248945 22.5435315 114.0590336 50
8791690504 1518.634789845586 342.6334862458601 22.5435328 114.0591009 50
8791690507 1643.665309979732 345.4019284924381 22.5435578 114.0603164 50
8791690508 1653.437337469332 345.6234038723616 22.5435598 114.0604114 50
8791690511 1795.172881438037 348.7572804961303 22.5435881 114.0617893 50
8878665877 1869.820885108787 791.9738104556598 22.5475905 114.062515 50
8878665892 1841.029406221475 791.6194498479231 22.5475873 114.0622351 50
8878670822 1833.561519950525 776.2158371864668 22.5474482 114.0621625 50
