278224815 5192661986
5192661986 5832657781
5832657781 7961786814
7961786814 7961786820
7961786820 7961786850
7961786850 7961786852
7961786852 7961786819
7961786819 5832657907
5832657907 7961771623
7961771623 7961786826
7961786826 7962005253
7962005253 7962005302
7962005302 7962005301
7962005301 7962005252
7962005252 7962005238
7962005238 7961771626
7961771626 7961786829
7961786829 7962005285
7962005285 7962005294
7962005294 7962005300
7962005300 7962005287
7962005287 7962005272
7962005272 5832653044
5832653044 7961771670
7961771670 8113393154
8113393154 7962005299
7962005299 5832657944
278224981 278224815
503465989 7962005389
7962005389 7961786863
7961786863 7961786869
7961786869 7962005329
7962005329 7962005327
7962005327 7961786872
7961786872 5832657505
5832657505 7961786873
7961786873 7961993775
7961993775 7962005390
7962005390 7962005391
7962005391 7961993776
7961993776 7961786876
7961786876 7962005192
7962005192 5832657725
5832657725 7961786877
7961786877 7961786913
7961786913 7962005392
7962005392 7962005393
7962005393 7961786914
7961786914 7961786880
7961786880 7961786888
7961786888 2491099046
2491099046 499542929
503465656 7962005295
7962005295 8113393153
8113393153 8569716217
8569716217 5392672947
5392672947 7961786828
7961786828 7962005286
7962005286 7962005296
7962005296 7961771599
7961771599 7962005284
7962005284 7961771598
7961771598 7962005247
7962005247 7962005237
7962005237 7962005250
7962005250 7962005297
7962005297 7962005298
7962005298 7962005251
7962005251 7962005231
7962005231 5832657910
5832657910 7961786823
7961786823 7961786817
7961786817 7961786851
7961786851 7961786849
7961786849 7961786818
7961786818 7961786798
7961786798 499543059
499543059 499543019
7961542788 7961542859
7961542859 2750787496
2750787496 7961542858
7961542858 1842898689
1842898689 2750787527
2750787527 7961542857
7961542857 5832653036
5832653036 4127126149
4127126149 8113393132
8113393132 7961542875
7961542875 8113393136
8113393136 7961542913
7961542913 7961542911
7961542911 8113393138
8113393138 7961542878
7961542878 7961542871
7961542871 8113393142
8113393142 7961542909
499542590 499542312
499542312 5832657742
5832657742 7961786879
7961786879 7961786916
7961786916 7962005399
7962005399 7962005398
7962005398 7961786915
7961786915 7961786878
7961786878 7961786907
7961786907 5832657517
5832657517 7961786874
7961786874 7961993778
7961993778 7962005397
7962005397 7962005396
7962005396 7961993777
7961993777 7961786875
7961786875 5832657531
5832657531 7962005394
7962005394 7961786871
7961786871 7962005328
7962005328 7962005330
7962005330 7961786870
7961786870 5832653080
5832653080 7961786858
7961786858 7962005395
7962005395 503465977
499543019 499543021
8003006426 7962005303
7962005303 7962005307
7962005307 7962005305
7962005305 7962005300
7962005300 7962005296
7962005296 7962005309
7962005309 7961542866
7961542866 7961542865
7961542865 7961542867
7961542867 8113393148
8113393148 7961542904
7961542904 7961542899
7961542899 8113393141
8113393141 7961542877
7961542877 8113393137
8113393137 7961542910
7961542910 7961542912
7961542912 8113393135
8113393135 8113393131
8113393131 4127126150
4127126150 7961542860
7961542860 7961542861
7961542861 2750787523
2750787523 7961542862
7961542862 1842898735
1842898735 7961542863
7961542863 2750787519
2750787519 7961542864
7961542864 7961542789
8319652340 7962005319
7962005319 7962005322
7962005322 7962005331
7962005331 7962005324
7962005324 7962005327
7962005327 7962005328
7962005328 7962005349
7962005349 7962005343
7962005343 7962005347
7962005347 7962005351
7962005351 7962005436
7962005436 8247997383
8247997383 7962005425
7962005425 7962005427
7962005427 8247997389
8247997389 7962005439
7962005439 7965330784
7965330784 5832657962
3085769133 5140366017
5140366017 5140366000
5140366000 7961542813
2319202440 2367560891
2367560891 8878665877
8878665877 7961993761
7961993761 8878665892
8878665892 7962005450
7962005450 8247997396
8247997396 7962005428
7962005428 7962005475
7962005475 8247997390
8247997390 7962005345
7962005345 7962005188
7962005188 7961993779
7961993779 7962005396
7962005396 7962005390
7962005390 7961993773
7961993773 7961993759
7961993759 7962005289
7962005289 7961993760
7961993760 7962005274
7962005274 5832657572
5832657572 7962005264
7962005264 7962005240
7962005240 7962005254
7962005254 7962005301
7962005301 7962005297
7962005297 7962005248
7962005248 7962005244
7962005244 7961542928
7961542928 7961542936
7961542936 7961542810
7961542810 8113393128
8113393128 7961542905
7961542905 7961542900
7961542900 8113393123
8113393123 7961542848
7961542848 7961542798
7961542786 8113362681
8113362681 5832653057
5832653057 7961542792
7961542792 7961542805
7961542805 7961542845
7961542845 7961542809
7961542809 8113393124
8113393124 7961542901
7961542901 7961542906
7961542906 8113393127
8113393127 7961542811
7961542811 7961542945
7961542945 7961465981
7961465981 7962005236
7962005236 5832657956
5832657956 7962005249
7962005249 7962005298
7962005298 7962005302
7962005302 7962005255
7962005255 7962005241
7962005241 5832657926
5832657926 7962005273
7962005273 7962005275
7962005275 7962005279
7962005279 7962005288
7962005288 7962005292
7962005292 7962005291
7962005291 5832657515
5832657515 7961993774
7961993774 7962005391
7962005391 7962005397
7962005397 7961993780
7961993780 7961993768
7961993768 7962005406
7962005406 7962005405
7962005405 8791690428
8791690428 7962005448
7962005448 8247997391
8247997391 7962005476
7962005476 7962005429
7962005429 8247997397
8247997397 7962005451
7962005451 8878670822
8878670822 2751394430
8791690425 8791690504
8791690504 8791690426
8791690426 8791690424
8791690424 8791690434
8791690434 8791690433
8791690433 8791690432
8791690432 8791690427
8791690427 8791690428
7962005468 8791690511
8791690511 7962005469
5834215807 7961542869
7961542869 8113393145
8113393145 7961542899
7961542899 7961542909
7961542909 8113393143
8113393143 7961542842
7961542842 8113393121
8113393121 7961542900
7961542900 7961542901
7961542901 8113393125
8113393125 7961542956
7961542956 7961542828
7961542828 8113362707
8113362707 7961542902
7961542902 7961542903
7961542903 8113362712
8113362712 5140366337
5140366337 2750252781
2750252781 7961467129
7961467129 7961467136
7961771599 7962005310
7962005310 7961786830
7961786830 7961542921
7961542921 7961542868
7961542868 8113393147
8113393147 7961467128
7961771599 7962005294
2750252825 7961542821
7961542821 8113362698
8113362698 7961542917
7961542917 8113362702
8113362702 7961542823
7961542823 8113362705
8113362705 7961542903
7961542903 7961542908
7961542908 8113362710
8113362710 7961542834
7961542834 8113362715
8113362715 7961542988
7961542988 8113393118
8113393118 5832657889
5832657889 2750252845
2750252845 7961786816
7961786816 7961786849
7961786849 7961786850
7961786850 7961786822
7961786822 7961786812
7961786812 7961786848
7961786848 7961771627
7961771627 7961786837
7961786837 7961786844
7961786844 7961771628
7961771628 7961771629
7961771629 7961786881
7961786881 7961786912
7961786912 7962005393
7962005393 7962005399
7962005399 7961786918
7961786918 7961786893
7961786893 7962005434
7962005434 8791690430
8791690430 7962005408
7962005408 8791690433
8791690433 7962005452
7962005452 7962005435
7962005435 7962005431
7962005431 7961771633
7961771633 7962005468
7962005468 2750252808
7961465981 7961465978
7961465978 7961542836
7961542836 8113393119
8113393119 7961542987
7961542987 7961542988
7961542988 8113362714
8113362714 8569701610
8569701610 7961542986
7961542986 7241992293
7241992293 7961467152
7961467152 7961467086
7961467086 7961467090
7961467144 7961467137
7961467137 7241992309
7241992309 7961467108
7961467108 7241992283
7241992283 7961542826
7961542826 8113362711
8113362711 7961542908
7961542908 7961542907
7961542907 8113362708
8113362708 7961542840
7961542840 8113393126
8113393126 7961542906
7961542906 7961542905
7961542905 8113393122
8113393122 7961542873
7961542873 8113393144
8113393144 7961467128
7961467128 7961542904
7961542904 8113393146
8113393146 5140366328
7961542817 499543340
499543340 7961511682
7961511682 7961542813
7961542813 7961542831
7961542831 8113362703
8113362703 7961542917
7961542917 7961542916
7961542916 8113362700
8113362700 8569716229
8569716229 7961542976
7961542976 7961542812
7961542812 7961542845
7961542848 8113393129
8113393129 7961542879
7961542879 8113393139
8113393139 7961542911
7961542911 7961542910
7961542910 8113393134
8113393134 8569716228
8569716228 7961542853
7961542853 7961542885
7961542909 7961467128
7961542928 7961542931
7961542931 7961542919
7961542919 7961542918
7961542918 8113393150
8113393150 7961542921
409381230 7962005458
7962005458 7962005430
7962005430 7962005433
7962005433 8791690432
8791690432 7962005407
7962005407 8791690429
8791690429 7962005432
7962005432 7961786904
7961786904 7961786910
7961786910 7961786917
7961786917 7962005398
7962005398 7962005392
7962005392 7961786911
7961786911 7961786897
7961786897 7961771638
7961771638 7961786842
7961786842 7961786843
7961786843 7961786836
7961786836 7961771637
7961771637 7961771636
7961771636 7961786847
7961786847 7961771635
7961771635 5832657901
5832657901 7961786825
7961786825 7961786821
7961786821 7961786852
7961786852 7961786851
7961786851 7961786815
7961786815 5832657915
5832657915 7961542838
7961542838 8113393117
8113393117 7961542987
7961542987 8113362716
8113362716 7961542824
7961542824 8113362709
8113362709 7961542907
7961542907 7961542902
7961542902 8113362706
8113362706 7961542818
7961542818 8113362701
8113362701 7961542916
7961542916 8113362697
8113362697 2525989775
7962005345 7962005347
7962005347 7962005346
7962005346 7962005352
7962005423 7962005471
7962005471 8791690508
8791690508 7962005370
7962005370 2751394425
2751394425 7962005464
7962005464 7962005456
7962005456 7962005431
7962005431 7962005430
7962005430 7962005455
7962005455 7962005446
7962005446 8247997395
8247997395 7962005429
7962005429 7962005428
7962005428 8247997394
8247997394 7962005445
7962005445 7965339087
7965339087 7962005440
7962005440 8247997387
8247997387 7962005427
7962005427 7962005426
7962005426 8247997386
8247997386 7962005443
7962005443 7962005368
7961771622 7962005442
7962005442 8247997384
8247997384 7962005424
7962005424 7962005425
7962005425 8247997385
8247997385 7962005441
7962005441 7962005444
7962005444 8247997392
8247997392 7962005475
7962005475 7962005476
7962005476 8247997393
8247997393 7962005447
7962005447 7962005454
7962005454 7962005433
7962005433 7962005435
7962005435 7962005457
7962005457 7962005355
7962005355 7962005463
7962005463 7962005369
7962005369 8791690507
8791690507 7962005472
7962005472 7962005410
7962005410 7962005411
8003006425 8003006420
8003006420 8003006424
7962005294 7962005306
7962005306 7962005308
7962005308 2751377831
2751377831 8003006425
7999677944 8003006426
1933843909 8247997381
8247997381 7962005438
7962005438 8247997388
8247997388 7962005426
7962005426 7962005424
7962005424 8247997382
8247997382 7962005346
7962005346 7962005342
7962005342 7962005332
7962005332 7962005330
7962005330 7962005329
7962005329 7962005323
7962005323 7962005321
7962005321 3085771411
3085771411 8319652338
8003006424 7962005315
7962005315 7962005312
7962005312 7962005314
7962005314 7962005326
7962005326 8319652339
8319652339 8319652340
8319652337 7962005325
7962005325 7962005318
7962005318 7962005313
7962005313 7962005311
7962005311 7999677944
8319652338 8319652337
7962005405 7962005404
7962005404 8791690429
8791690429 8791690430
8791690430 8791690431
8791690431 8791690435
8791690435 7962005409
7962005409 8791690503
8791690503 8791690421
