653846981 5841982563
653846981 4614310697
4614310697 653846979
653846979 4614310689
4614310689 801953589
801953589 172459874
801953589 653846976
801953589 172459877
172459874 801909175
172459874 653847556
172459874 653847547
801909175 172778722
172778722 172778717
172778717 172196011
172196011 172196017
172196011 5822829828
172196017 172196024
172196024 172196035
172196024 172709808
172196035 172196041
172196041 172196045
172196041 172832329
172196041 172832340
172196045 172196051
172196045 172773627
172196051 172196056
172196056 172196068
172196056 172334753
172196068 172196075
172196075 172196077
172196077 172196079
172196077 172298850
172196079 172196081
172196079 172291522
172196081 3494169310
3494169310 3494169309
3494169309 3494169307
3494169307 3494169306
3494169306 3494169305
3494169305 1505632787
1505632787 1505632805
1505632787 3494169303
1505632787 3494169091
1505632805 1505632807
1505632805 1505632815
1505632807 1505632808
1505632807 1505632838
1505632817 1505632815
3494169303 1505632789
1505632789 3494169311
1505632789 3494169300
3494169311 1505632791
1505632791 5693611469
1505632791 172799611
5693611469 5693611470
5693611470 5693611484
5693611484 5693611480
5693611484 5693611486
5693611480 1505632796
5693611480 5693611481
1505632796 5693611477
5693611477 1505632798
5693611477 5693611475
5693611475 5693611473
5693611473 3494169317
3494169317 3494169312
3494169312 3494169295
3494169312 3494169296
3494169295 3494169294
3494169294 3494169091
3494169294 3494169324
3494169296 3494169298
3494169298 3494169299
3494169299 5693611481
3494169299 5693611486
172799611 172799608
172799608 172799602
172799602 172550278
172799602 172863782
172799602 172799599
172550278 172550280
172863782 172863773
172863773 172863766
172863766 172863761
172863761 172625602
172625602 172574691
172625602 172863748
172574691 172574684
172574691 172574692
172574691 3494169300
172574684 172574676
172863748 172863744
172291522 172887146
172291522 172291521
172291522 172291523
172887146 172773617
172773617 172887158
172773617 172773639
172773617 172773619
172887158 5617193159
5617193159 172887168
5617193159 5617193158
172887168 172291494
172291494 172291487
172291494 172291500
172291487 172291428
172291428 172291462
172291500 172291509
172291509 172773627
172291509 172773639
172291509 172291513
172291513 172291516
172291516 172291521
172298850 172451617
172298850 172298869
172298869 172298875
172298875 172298885
172832329 172701779
172701779 172832319
172701779 172701786
172832319 5617193143
5617193143 5617193144
5617193143 172832306
5617193144 5617193147
172701786 172701796
172832340 172832345
172832345 172832351
172832351 172832358
172832358 172832362
172709808 172709819
172709819 172709828
172709828 172709831
5822829828 172778711
172778711 172778709
172778709 172778705
172778705 172237869
172237869 172237875
172237869 172778697
172237875 172688913
172237875 172236429
172688913 172688914
172688914 172688926
172236429 172236417
172236429 172236434
172236417 172236411
172236411 172568678
172236411 172568685
172236411 172236408
172568685 172568689
172236434 172902640
172236434 172321080
172902640 172902626
172321080 172321084
172321084 172321086
172778697 172778694
172778694 172145320
172145320 172778686
172778686 172778681
172778681 172778673
172778673 172778665
172778665 172778663
653847556 801953542
801953542 801953543
801953543 653847569
653847569 653847573
653847573 653847577
653847577 653847581
653847581 653847584
653847584 1854240199
653847547 653847543
653847543 653847535
653846976 653846970
653846970 653846960
653846960 653846956
653846956 653846951
653846951 653846946
653846946 653846942
653846942 653846941
653846941 801917758
801917758 653846935
172459877 172459881
172459881 4614310712
4614310712 172206940
172206940 172459897
172363461 172363468
172363468 172534931
172363468 172534940
172363468 172363473
172534931 172534922
172534922 172534916
172534916 172534911
172534911 172534899
172534911 172871194
172534911 172871191
172534899 172534890
172534890 172534881
172534881 172534878
172534878 172534876
172534878 172872456
172534876 172534868
172480310 172480308
172480310 172800585
172871191 172871182
172871182 172871176
172871176 172673094
172534940 172534955
172363473 172363476
172363476 172363478
172363478 172363480
172363480 172363484
1505632841 1505632848
1505632841 172301543
1505632848 1505632849
1505632848 1505632884
1505632848 1505632883
1505632849 1505632852
1505632852 1505632853
1505632853 1505632854
1505632853 1505632899
1505632854 1505632891
1505632890 1505632886
1505632890 1505632899
1505632886 1505632884
172301537 172301543
172213454 172213448
172213454 172213455
4614310721 2562178031
4614310721 2562178040
2562178031 2562178025
2562178025 2562178021
2562178040 2562178043
2562178043 2562178047
172848921 172848915
172848921 172848924
172848924 172848931
172219994 172220004
