653846981 4060.500225545169 1830.291757966955 35.3103577 -80.7152598 50
5841982563 4034.585385818816 1891.439332496909 35.3109107 -80.7155451 50
4614310697 4134.166313936424 1857.548316957175 35.3106042 -80.7144488 50
653846979 4218.877773903494 1890.477336297536 35.310902 -80.7135162 50
4614310689 4264.503515208597 1909.673030579847 35.3110756 -80.71301390000001 50
801953589 4327.05156510502 1935.978650797335 35.3113135 -80.7123253 50
172459874 4338.215020423947 1911.630195262035 35.3110933 -80.7122024 50
653846976 4373.349475405808 1950.021583828065 35.3114405 -80.71181559999999 50
172459877 4316.542112051447 1979.489628333617 35.311707 -80.712441 50
801909175 4357.226502914403 1869.976865559729 35.3107166 -80.7119931 50
653847556 4386.011685912943 1926.303401663361 35.311226 -80.7116762 50
653847547 4256.891655519819 1882.250610176645 35.3108276 -80.71309770000001 50
172778722 4420.092470578337 1742.860678075609 35.309567 -80.71130100000001 50
172778717 4445.52589197113 1697.967522091717 35.309161 -80.711021 50
172196011 4465.509294494451 1674.083478514031 35.308945 -80.710801 50
172196017 4430.72000737502 1636.819947561763 35.308608 -80.711184 50
5822829828 4505.140015043251 1639.993429278579 35.3086367 -80.7103647 50
172196024 4390.299034089737 1611.830161226411 35.308382 -80.711629 50
172196035 4350.059728100834 1596.018039783979 35.308239 -80.71207200000001 50
172709808 4411.917442273552 1573.129164688403 35.308032 -80.71139100000001 50
172196041 4310.274590351729 1590.931623096464 35.308193 -80.71250999999999 50
172196045 4249.143545361067 1592.3690886815 35.308206 -80.713183 50
172832329 4310.365423998764 1640.026601560612 35.308637 -80.712509 50
172832340 4313.090433434078 1545.927892836312 35.307786 -80.712479 50
172196051 4169.209935268939 1595.575742681053 35.308235 -80.714063 50
172773627 4246.418535925754 1564.72551972578 35.307956 -80.713213 50
172196056 4144.412349411168 1594.359425647128 35.308224 -80.714336 50
172196068 4092.001334613279 1572.133996206293 35.308023 -80.714913 50
172334753 4129.106879751167 1646.428852130967 35.3086949 -80.7145045 50
172196075 4061.481228941466 1538.519416356503 35.307719 -80.715249 50
172196077 4053.306200635526 1523.039017741441 35.307579 -80.715339 50
172196079 4050.127022962727 1516.957432571815 35.307524 -80.715374 50
172298850 4018.426079870215 1537.303099321874 35.307708 -80.715723 50
172196081 4009.433548732872 1437.454528255319 35.306805 -80.715822 50
172291522 4093.818007568999 1492.741666166056 35.307305 -80.714893 50
3494169310 3992.629323884661 1394.264216119766 35.3064144 -80.716007 50
3494169309 3984.953880642613 1346.252865557891 35.3059802 -80.7160915 50
3494169307 3958.639372866302 1311.046016136022 35.3056618 -80.7163812 50
3494169306 3923.441334332325 1285.016831607774 35.3054264 -80.7167687 50
3494169305 3884.573616426245 1252.82865991638 35.3051353 -80.71719659999999 50
1505632787 3873.373827646656 1237.337203873269 35.3049952 -80.71731990000001 50
1505632805 3837.558120306833 1257.926134031942 35.3051814 -80.7177142 50
3494169303 3857.28718861707 1185.909108188778 35.3045301 -80.71749699999999 50
3494169091 3889.705717528205 1226.910049662985 35.3049009 -80.71714009999999 50
1505632807 3803.76800331403 1279.521290099367 35.3053767 -80.7180862 50
1505632815 3877.652092460017 1308.856645474675 35.305642 -80.7172728 50
1505632808 3751.738489836923 1312.782032266394 35.3056775 -80.718659 50
1505632838 3777.889497047184 1218.318428431987 35.3048232 -80.7183711 50
1505632817 3802.487248879398 1371.187364755817 35.3062057 -80.7181003 50
1505632789 3862.392039624111 1145.936507478716 35.3041686 -80.71744080000001 50
3494169311 3983.963793882883 936.077589396514 35.3022707 -80.7161024 50
3494169300 3844.13447641063 1139.19147665435 35.3041076 -80.7176418 50
1505632791 3995.127249199498 920.829396761314 35.3021328 -80.7159795 50
5693611469 4040.126238336478 905.426400139773 35.3019935 -80.7154841 50
172799611 3938.12913518648 887.6792288698421 35.301833 -80.716607 50
5693611470 4098.577690714766 927.1321304834571 35.3021898 -80.7148406 50
5693611484 4101.184616408125 929.3104437160521 35.3022095 -80.7148119 50
5693611480 4129.41571415409 952.8738218937119 35.3024226 -80.71450110000001 50
5693611486 4068.275585797685 977.55400025779 35.3026458 -80.71517420000001 50
1505632796 4161.607158944749 987.417225660841 35.302735 -80.7141467 50
5693611481 4102.383620559154 980.462103712006 35.3026721 -80.7147987 50
5693611477 4178.574884360165 1032.155577658393 35.3031396 -80.71395990000001 50
1505632798 4185.242074110997 1053.750733726522 35.3033349 -80.7138865 50
5693611475 4137.999493874576 1049.792174651362 35.3032991 -80.7144066 50
5693611473 4051.680278339619 1139.534256909065 35.3041107 -80.7153569 50
3494169317 4009.215547979295 1161.593824935511 35.3043102 -80.7158244 50
3494169312 3957.213284594796 1145.085085554898 35.3041609 -80.71639690000001 50
3494169295 3930.662609334577 1190.332079221552 35.3045701 -80.7166892 50
3494169296 3980.103363848656 1106.074481044912 35.3038081 -80.7161449 50
3494169294 3924.040836407839 1200.814520569263 35.3046649 -80.7167621 50
3494169324 3974.944012652932 1239.393885402964 35.3050138 -80.7162017 50
3494169298 4014.238648703889 1060.241443717039 35.3033936 -80.7157691 50
3494169299 4053.651368497956 1018.223218904626 35.3030136 -80.7153352 50
172799608 3883.628946487144 855.170391777719 35.301539 -80.717207 50
172799602 3850.565498676398 827.0845257197759 35.301285 -80.71757100000001 50
172550278 3920.053239268225 763.2831685701581 35.300708 -80.71680600000001 50
172863782 3807.601183252183 865.12207660234 35.301629 -80.71804400000001 50
172799599 3809.508689857249 782.6336668388101 35.300883 -80.718023 50
172550280 3948.847505630198 780.8644784257001 35.300867 -80.716489 50
172863773 3766.453540784843 914.6593521701179 35.302077 -80.718497 50
172863766 3741.746788575263 978.3501350434781 35.302653 -80.71876899999999 50
172863761 3714.405860577404 1029.656599024366 35.303117 -80.71907 50
172625602 3709.591677242955 1034.632441437028 35.303162 -80.719123 50
172574691 3774.628569090783 1096.775184449093 35.303724 -80.718407 50
172863748 3675.165724713974 1061.05969335812 35.303401 -80.71950200000001 50
172574684 3737.840941718095 1135.255032434583 35.304072 -80.718812 50
172574692 3856.660436446635 954.9194459967659 35.3024411 -80.7175039 50
172574676 3668.98903666129 1157.812184702084 35.304276 -80.71957 50
172863744 3626.024721237075 1070.790229630927 35.303489 -80.720043 50
172887146 4141.687339975855 1465.319245762854 35.307057 -80.714366 50
172291521 4107.715555686671 1515.962264089001 35.307515 -80.71474000000001 50
172291523 4065.750410389084 1442.430370667279 35.30685 -80.71520200000001 50
172773617 4152.1422928419 1458.507870371608 35.3069954 -80.7142509 50
172887158 4188.830003200654 1432.81040867073 35.306763 -80.713847 50
172773639 4167.584012973032 1467.176893596127 35.3070738 -80.7140809 50
172773619 4117.071421414465 1405.277413991269 35.306514 -80.714637 50
5617193159 4207.469067736071 1422.250565330201 35.3066675 -80.7136418 50
172887168 4256.864405426056 1421.31068398622 35.306659 -80.713098 50
5617193158 4179.964639172164 1360.826555111006 35.306112 -80.7139446 50
172291494 4289.746185941576 1444.752430459573 35.306871 -80.71273600000001 50
172291487 4309.820422111932 1393.777689306056 35.30641 -80.712515 50
172291500 4261.49692146528 1488.760992236911 35.307269 -80.713047 50
172291428 4312.000429660414 1376.417528001625 35.306253 -80.712491 50
172291462 4299.192885315249 1334.067580361841 35.30587 -80.712632 50
172291509 4226.162632459017 1521.601552155701 35.307566 -80.713436 50
172291513 4185.105823639868 1542.942387389277 35.307759 -80.713888 50
172291516 4140.234001610585 1544.269278699462 35.307771 -80.714382 50
172451617 4016.609406912184 1559.196805935339 35.307906 -80.715743 50
172298869 3977.732605640361 1515.630541261631 35.307512 -80.716171 50
172298875 3939.128305313109 1538.298267804689 35.307717 -80.716596 50
172298885 3921.897162318865 1536.518021964234 35.3077009 -80.7167857 50
172701779 4314.997940039143 1655.28585162386 35.308775 -80.712458 50
172832319 4343.701372752926 1702.058770297121 35.309198 -80.712142 50
172701786 4260.134416749356 1669.992230308627 35.308908 -80.71306199999999 50
5617193143 4352.675737158782 1741.710705606455 35.3095566 -80.7120432 50
5617193144 4307.386080350366 1739.543449800501 35.309537 -80.7125418 50
172832306 4333.800505139456 1794.277716332756 35.310032 -80.71225099999999 50
5617193147 4265.466351875718 1763.726043922116 35.3097557 -80.7130033 50
172701796 4212.900919875212 1702.611641675603 35.309203 -80.713582 50
172832345 4330.348826522085 1506.121153540638 35.307426 -80.712289 50
172832351 4365.228947289706 1472.727722243367 35.307124 -80.711905 50
172832358 4401.653240068476 1434.24787425647 35.306776 -80.71150400000001 50
172832362 4404.787000918335 1415.09640968424 35.3066028 -80.71146950000001 50
172709819 4452.792583797477 1525.91394891292 35.307605 -80.71094100000001 50
172709828 4489.671044818355 1487.102378099356 35.307254 -80.71053499999999 50
172709831 4496.483568406061 1472.506573690849 35.307122 -80.71046 50
172778711 4576.598845793415 1580.648215445175 35.3081 -80.70957799999999 50
172778709 4635.73155053082 1531.553236979619 35.307656 -80.708927 50
172778705 4671.065839537082 1496.611765820349 35.30734 -80.708538 50
172237869 4675.516688281081 1491.083052029205 35.30729 -80.708489 50
172237875 4716.21016250978 1523.48131484507 35.307583 -80.70804099999999 50
172778697 4701.949279799346 1449.396550044162 35.306913 -80.708198 50
172688913 4687.597563443032 1556.432449040119 35.307881 -80.70835599999999 50
172236429 4782.518725425341 1576.225244410994 35.30806 -80.707311 50
172688914 4628.101524112866 1607.186041642525 35.30834 -80.709011 50
172688926 4618.654824739193 1622.334717430218 35.308477 -80.709115 50
172236417 4760.35531535585 1614.815666673446 35.308409 -80.707555 50
172236434 4856.093980168405 1486.328358168357 35.307247 -80.706501 50
172236411 4751.271950571471 1658.492505623413 35.308804 -80.707655 50
172568678 4711.850147412816 1649.646563557161 35.308724 -80.708089 50
172568685 4907.869159432428 1691.554214094018 35.309103 -80.70593100000001 50
172236408 4743.006088619652 1698.630967747161 35.309167 -80.707746 50
172568689 4934.301750951849 1689.895599957167 35.309088 -80.70564 50
172902640 4819.85135468486 1457.579046454971 35.306987 -80.7069 50
172321080 4930.577571391063 1543.937555872091 35.307768 -80.705681 50
172902626 4770.801184854995 1445.747598942387 35.30688 -80.70744000000001 50
172321084 4897.05995534052 1587.724969096911 35.308164 -80.70605 50
172321086 4891.519102822858 1595.46516840409 35.308234 -80.70611100000001 50
172778694 4727.927703080126 1399.527551649014 35.306462 -80.70791199999999 50
172145320 4754.2694609502 1349.879701804977 35.306013 -80.707622 50
172778686 4780.792886117812 1300.010703409126 35.305562 -80.70733 50
172778681 4829.661388651295 1205.580271857456 35.304708 -80.70679199999999 50
172778673 4859.000656900099 1122.096693611815 35.303953 -80.706469 50
172778665 4877.621554705186 1055.862702394346 35.303354 -80.706264 50
172778663 4930.940905983824 862.025996879046 35.301601 -80.70567699999999 50
801953542 4445.562225431793 1944.857765146325 35.3113938 -80.7110206 50
801953543 4511.062368881695 1964.418354538744 35.3115707 -80.7102995 50
653847569 4565.326390097122 1980.031442285458 35.3117119 -80.7097021 50
653847573 4625.267514300187 1995.998367714231 35.3118563 -80.7090422 50
653847577 4692.993082123821 2014.873396596517 35.312027 -80.7082966 50
653847581 4804.091716786217 2042.472735841452 35.3122766 -80.70707350000001 50
653847584 4863.070004323316 2057.25651651974 35.3124103 -80.7064242 50
1854240199 4899.194546066062 2066.898593370274 35.3124975 -80.70602649999999 50
653847543 4164.795419984447 1847.884125250546 35.3105168 -80.7141116 50
653847535 4070.755344385658 1810.13406748527 35.3101754 -80.71514689999999 50
653846970 4417.68537891169 1965.501982442424 35.3115805 -80.7113275 50
653846960 4466.899049306449 1980.50691167112 35.3117162 -80.7107857 50
653846956 4516.603221399357 1995.998367714231 35.3118563 -80.7102385 50
653846951 4610.643296999302 2020.689603504246 35.3120796 -80.7092032 50
653846946 4676.915526457668 2036.656528933723 35.312224 -80.7084736 50
653846942 4784.11739762864 2065.217864378031 35.3124823 -80.7072934 50
653846941 4829.91572286438 2077.314690153215 35.3125917 -80.7067892 50
801917758 4880.591814990151 2090.384569555819 35.3127099 -80.7062313 50
653846935 4891.737103579902 2092.927777899225 35.3127329 -80.70610859999999 50
172459881 4310.792342142486 2027.14714121273 35.312138 -80.71250430000001 50
4614310712 4315.897193151837 2092.562882788414 35.3127296 -80.7124481 50
172206940 4290.382021476598 2206.498616596484 35.31376 -80.712729 50
172459897 4271.216121783525 2270.742270848325 35.314341 -80.71294 50
172363461 4568.877985726116 2749.197162329523 35.318668 -80.70966300000001 50
172363468 4602.66810272123 2700.102183863967 35.318224 -80.70929099999999 50
172534931 4651.445771605368 2741.678111573454 35.3186 -80.708754 50
172534940 4583.138868435394 2653.771562294335 35.317805 -80.709506 50
172363473 4627.011520339203 2663.944395670771 35.317897 -80.709023 50
172534922 4690.595073820607 2804.373725964 35.319167 -80.70832299999999 50
172534916 4709.67013986549 2854.02157580874 35.319616 -80.708113 50
172534911 4713.12181848286 2898.914731791929 35.320022 -80.70807499999999 50
172534899 4727.019366601688 2942.812719293007 35.320419 -80.707922 50
172871194 4698.31593388675 2897.698414758004 35.320011 -80.70823799999999 50
172871191 4760.173648060624 2900.020474549595 35.320032 -80.70755699999999 50
172534890 4774.07119617714 2975.210982108872 35.320712 -80.707404 50
172534881 4816.581343362715 2992.792291963711 35.320871 -80.706936 50
172534878 4826.118876385735 2994.782628929339 35.320889 -80.70683099999999 50
172534876 4891.246601880598 3006.282353615255 35.320993 -80.706114 50
172872456 4811.676326380075 3038.017170775677 35.32128 -80.70699 50
172534868 4915.590019499727 3020.87815802306 35.321125 -80.70584599999999 50
172480310 4874.624044326457 3160.754616937807 35.32239 -80.70629700000001 50
172480308 4931.122573277894 3153.456714733553 35.322324 -80.705675 50
172800585 4876.077382691727 3217.700368986098 35.322905 -80.706281 50
172871182 4809.132984241143 2892.390849517971 35.319963 -80.70701800000001 50
172871176 4852.097299665359 2879.121936418944 35.319843 -80.70654500000001 50
172673094 4918.22419528685 2847.829416362152 35.31956 -80.705817 50
172534955 4561.702127547959 2607.772663552777 35.317389 -80.70974200000001 50
172363476 4693.41091690411 2634.310489750127 35.317629 -80.708292 50
172363478 4814.401335815389 2579.355074666761 35.317132 -80.70696 50
172363480 4860.908163505166 2558.788259364183 35.316946 -80.70644799999999 50
172363484 4911.593338994369 2534.572492959127 35.316727 -80.70589 50
1505632841 4609.108208351586 779.526529688171 35.3008549 -80.7092201 50
1505632848 4548.040746914196 815.595858461907 35.3011811 -80.7098924 50
172301543 4641.908238583504 690.9675921830631 35.300054 -80.708859 50
1505632849 4488.626457867632 834.4487724888011 35.3013516 -80.71054650000001 50
1505632884 4540.619637886387 794.27713808302 35.3009883 -80.7099741 50
1505632883 4557.124111697418 841.835134113921 35.3014184 -80.7097924 50
1505632852 4430.038755017058 813.141109537961 35.3011589 -80.7111915 50
1505632853 4406.113172177063 776.2424736965029 35.3008252 -80.71145490000001 50
1505632854 4355.773164549134 711.479120348215 35.3002395 -80.7120091 50
1505632899 4443.245967411025 751.6507547539959 35.3006028 -80.7110461 50
1505632891 4432.51851360272 621.3057984156339 35.299424 -80.7111642 50
1505632890 4501.833670262754 682.7850957715509 35.29998 -80.7104011 50
1505632886 4531.536273103164 739.3548952823901 35.3004916 -80.7100741 50
172301537 4618.018989204171 642.7572079247659 35.299618 -80.70912199999999 50
172213454 4736.556899623552 590.123852633694 35.299142 -80.70781700000001 50
172213448 4721.387680435835 616.3299560029709 35.299379 -80.707984 50
172213455 4765.62366692894 555.403530025535 35.298828 -80.707497 50
4614310721 4777.686375361716 2438.372872994348 35.315857 -80.7073642 50
2562178031 4818.834017830212 2415.793605871454 35.3156528 -80.70691119999999 50
2562178040 4737.828570693596 2473.21482730611 35.3161721 -80.707803 50
2562178025 4868.974191432584 2405.156360537402 35.3155566 -80.70635919999999 50
2562178021 4927.852561956905 2378.574304629267 35.3153162 -80.70571099999999 50
2562178043 4694.65533787808 2494.666236815242 35.3163661 -80.7082783 50
2562178047 4655.932953808873 2523.548237659577 35.3166273 -80.7087046 50
172848921 4913.410011951245 2646.694808641896 35.317741 -80.70587 50
172848915 4937.299261330578 2643.930451746675 35.317716 -80.705607 50
172848924 4782.882060016947 2705.188600551482 35.31827 -80.707307 50
172848931 4769.802014728367 2717.241196616584 35.318379 -80.70745100000001 50
172219994 4862.179834574054 2785.907821901902 35.319 -80.706434 50
172220004 4824.938038962725 2816.205173477287 35.319274 -80.706844 50
