2148775542 1710228139
1710228139 1710228167
1710228167 1710228196
1710228196 482726790
482726790 2148775574
482726790 2148775576
2148775574 482714370
2148775574 2148775576
482714370 482714367
482714367 5649286003
5649286003 1710228335
1710228335 482714355
482714355 482714348
482714348 482714338
482714338 482714328
482714338 5583420753
482714338 172189019
482714328 5583420766
482714328 2147643754
5583420757 5583420753
2147643754 2147643758
2147643758 172189019
2147643758 5189366035
2147643758 2147643764
172189019 2147643723
172189019 2147643759
2147643723 2147643721
2147643721 172175856
172175856 1710228259
172175856 2147643710
172175856 2147643715
1710228259 2148775576
2147643710 1710228241
2147643710 1710228276
2147643710 1710228171
1710228241 172736591
172736591 2148775564
2148775564 172736588
172736588 482714256
172736588 172415336
482714256 1710228060
1710228060 482714254
482714254 5538678227
482714250 172358816
172358816 1710228131
172358816 1710228171
1710228131 5189366031
172739413 172739407
172739407 1710228264
1710228264 1710228278
1710228264 1710228290
1710228278 1710228243
1710228278 1710228285
1710228243 1710228194
1710228209 1710228251
1710228251 1710228284
1710228284 1710228304
1710228304 1710228285
1710228304 1710228333
1710228333 1710228351
1710228351 1710228399
1710228399 1710228369
1710228399 1710228408
1710228399 1710228414
1710228369 1710228308
1710228308 1710228274
1710228274 1710228262
1710228262 1710228234
1710228262 1710228263
1710228408 4622741313
1710228414 1710228415
1710228415 1710228446
1710228446 1710228482
1710228290 172739399
172739399 172739394
172739394 172286932
172286932 172286926
172286932 172286940
172286932 2147643727
172286932 2147643735
172286926 172286911
172286911 172286903
172286940 172286946
172286946 172286949
172286949 172286954
172286954 172233817
172233817 5649387299
5649387299 172233811
172233811 172739388
172233811 2147643735
172739388 172739383
172739383 2147643794
2147643794 2147643800
2147643794 2147643790
2147643794 2147643814
2147643800 2147643795
2147643800 172175842
2147643800 2147643813
2147643795 2147643807
2147643795 2147643792
2147643795 2147643790
2147643807 2147643818
2147643818 2147643822
2147643822 2147643812
2147643822 2147643827
2147643812 2147643804
2147643804 2147643791
2147643791 2147643782
2147643782 172192302
172192302 2147643769
172192302 5649274301
172192302 2147643775
2147643769 2147643753
2147643753 2147643781
2147643753 2147643748
2147643753 172175848
2147643781 2147643792
2147643748 2147643743
2147643748 2147643745
2147643748 2147643775
2147643743 2147643731
2147643743 172175848
2147643743 2147643730
2147643731 172767224
172767224 172175848
172767224 5649387273
172175848 2147643770
2147643770 5828705038
5828705038 2147643789
2147643789 2147643790
2147643790 2147643780
2147643780 2147643765
2147643765 2147643736
2147643736 2147643727
5649387273 5649387277
5649387277 172767225
172767225 172767227
172767227 172767231
172767231 172767248
172767248 172767252
2147643730 172175851
172175851 172175854
172175854 1710228276
1710228276 5189366032
1710228276 2147643715
5189366032 5189366031
2147643715 2147643720
2147643715 2147643722
2147643720 2147643724
2147643724 2147643745
2147643722 2147643725
2147643725 2147643737
2147643737 2147643759
2147643759 172189016
2147643759 2147643764
172189016 2147643779
172189016 5649274262
2147643779 5649274234
2147643779 2147643773
5649274234 172192239
172192239 5649274248
5649274248 5536955849
5536955849 172192225
172192225 172192218
172192225 5538245761
172772112 2147643933
2147643933 172772119
172772136 172772141
172772141 172772147
172772147 172391973
172391973 172772157
172391973 172391971
172391973 172391975
172772157 2147643973
2147643973 172772178
172772178 2147643906
2147643906 2147643892
2147643892 3643273459
2147643892 2147643887
2147643892 2147643890
2147643887 2147643886
2147643887 172772187
2147643887 3643273457
2147643886 3643273453
2147643886 2147643875
2147643886 2147643890
2147643875 2147643857
2147643857 2147643843
2147643843 2147643827
2147643843 172772199
2147643843 3799202614
172772199 3799202617
172772199 172772204
172772199 2147643856
3799202617 5538536485
172772204 2147643817
2147643817 172175842
2147643856 172772187
3799202614 3799202615
2147643890 2147643918
2147643890 5649274487
2147643918 2147643950
2147643950 2147643985
2147643985 172391971
172391971 2147644025
2147644025 2147644023
2147644023 2147644009
2147644009 2147643980
2147643980 2147643951
2147643951 2147643916
2147643916 3799202627
3799202627 2147643882
5649274487 3643273456
172391975 172391983
172391983 172391993
172391993 5821964995
5821964995 172392011
2147643776 5189366035
2147643802 2147643784
2147643784 2147643768
2147643768 2147643764
2147643764 2147643773
5538245761 172192340
5649274262 172192274
172192274 172192287
172192287 5649274292
5649274292 5649274301
2147643813 2147643835
2147643835 2147643853
2147643853 2147643866
2147643866 2147643879
2147643879 2147643881
2147643881 2147643888
2147643888 2147643908
2147643908 2147643910
2147643814 172134300
172134300 172155873
172155873 2147643871
2147643871 457021169
457021169 172140201
172140201 172175832
3557799038 3557799046
3557799046 3557797076
3557799046 3557799050
3557797076 3557799052
3557797076 3557797072
3557799052 3557799055
3557799055 3557799060
3557799060 3557799066
3557799060 3557799063
3557799066 3557799082
3557799066 3557799072
3557799082 3557799063
3557797072 3557797071
3557797071 3557799036
172556696 172556693
