2148775542 1179.484000454905 952.929109031842 35.3024231 -80.7469773 50
1710228139 1126.001148612529 1068.589801541533 35.3034691 -80.7475661 50
1710228167 1085.707342434944 1137.842470488773 35.3040954 -80.7480097 50
1710228196 1044.786784085768 1198.724666756128 35.304646 -80.7484602 50
482726790 1023.73154451796 1227.396576476695 35.3049053 -80.74869200000001 50
2148775574 1043.596863299327 1249.58883363409 35.305106 -80.7484733 50
2148775576 994.7828609545263 1264.129350904468 35.3052375 -80.7490107 50
482714370 1088.732102907437 1298.208342713279 35.3055457 -80.7479764 50
482714367 1120.542046377314 1333.69162782439 35.3058666 -80.7476262 50
5649286003 1077.250729820999 1371.33111131411 35.306207 -80.7481028 50
1710228335 1041.444105845764 1406.062491349613 35.3065211 -80.748497 50
482714355 1040.635686380105 1455.080067821647 35.3069644 -80.7485059 50
482714348 1076.633061015153 1484.006298376766 35.307226 -80.74810960000001 50
482714338 1122.013551472915 1510.168172035961 35.3074626 -80.74760999999999 50
482714328 1128.380990184256 1518.837195260481 35.307541 -80.74753990000001 50
5583420753 1131.024249337123 1505.059640493054 35.3074164 -80.7475108 50
172189019 1083.000499728806 1543.550545905888 35.3077645 -80.7480395 50
5583420766 1171.47247271617 1506.751426913345 35.3074317 -80.74706550000001 50
2147643754 1093.164784921104 1547.575449545819 35.3078009 -80.7479276 50
5583420757 1177.558327120664 1498.049231405385 35.307353 -80.7469985 50
2147643758 1089.195354510666 1551.169113510168 35.3078334 -80.7479713 50
5189366035 1098.196969010286 1561.950105403919 35.3079309 -80.7478722 50
2147643764 1064.44318547699 1572.04553678613 35.3080222 -80.7482438 50
2147643723 1027.973475871814 1466.701424209761 35.3070695 -80.74864530000001 50
2147643759 1057.785079090746 1563.785638381096 35.3079475 -80.74831709999999 50
2147643721 996.5541170873071 1411.646492278183 35.3065716 -80.74899120000001 50
172175856 947.3949468812311 1321.218849511051 35.3057538 -80.74953240000001 50
1710228259 976.0983795973243 1286.786020020181 35.3054424 -80.74921639999999 50
2147643710 937.0308276633759 1300.309253953759 35.3055647 -80.7496465 50
2147643715 920.8715217147751 1348.04416882569 35.3059964 -80.74982439999999 50
1710228241 973.455120444457 1255.062260287104 35.3051555 -80.7492455 50
1710228276 909.2993149801482 1327.256204971298 35.3058084 -80.74995180000001 50
1710228171 849.2401070351293 1138.915040964406 35.3041051 -80.750613 50
172736591 1007.881072971127 1211.595512462311 35.3047624 -80.74886650000001 50
2148775564 1052.671144717962 1146.124483748496 35.3041703 -80.74837340000001 50
172736588 1108.125086718675 1051.506075927045 35.3033146 -80.7477629 50
482714256 1070.483623058544 1021.960629427268 35.3030474 -80.74817729999999 50
172415336 1149.081978527358 966.894640068346 35.3025494 -80.74731199999999 50
1710228060 1022.359956436293 981.5346741876381 35.3026818 -80.7487071 50
482714254 989.7143434058371 942.203404277627 35.3023261 -80.7490665 50
5538678227 987.0710842541262 927.9724949792269 35.3021974 -80.7490956 50
482714250 905.6841357978833 963.3894355248631 35.3025177 -80.7499916 50
172358816 792.3691601274982 1043.787991475258 35.3032448 -80.75123910000001 50
1710228131 767.0629058424033 1061.159210206331 35.3034019 -80.75151769999999 50
5189366031 819.2105030614639 1157.74584013661 35.3042754 -80.7509436 50
172739413 291.8848439421772 1206.022568961085 35.304712 -80.756749 50
172739407 297.6981974032551 1248.593665152683 35.305097 -80.756685 50
1710228264 309.1341536644413 1296.472326582906 35.30553 -80.7565591 50
1710228278 249.0749457194229 1310.780637874829 35.3056594 -80.7572203 50
1710228290 321.5420299584921 1348.442236218534 35.306 -80.7564225 50
1710228243 235.7314828520152 1259.452059037845 35.3051952 -80.7573672 50
1710228285 228.9462093592283 1317.492496416457 35.3057201 -80.7574419 50
1710228194 227.0296193895742 1194.257466013272 35.3046056 -80.757463 50
1710228209 79.50669194725197 1217.267972811044 35.3048137 -80.7590871 50
1710228251 87.60905333417804 1268.054737696187 35.305273 -80.7589979 50
1710228284 114.414062809793 1315.855997134296 35.3057053 -80.75870279999999 50
1710228304 151.9011092696182 1363.071212910482 35.3061323 -80.7582901 50
1710228333 119.1737459567153 1395.889657974584 35.3064291 -80.75865039999999 50
1710228351 97.12841962802213 1436.912714303479 35.3068001 -80.75889309999999 50
1710228399 88.58097336473111 1477.659334943838 35.3071686 -80.75898720000001 50
1710228369 46.46141086568196 1457.47952960676 35.3069861 -80.7594509 50
1710228408 136.032470992453 1488.031202016696 35.3072624 -80.7584648 50
1710228414 92.43232003437015 1533.84212448988 35.3076767 -80.75894479999999 50
1710228308 69.53315741476717 1372.41473921779 35.3062168 -80.75919690000001 50
1710228274 41.05680882146225 1307.386007606198 35.3056287 -80.7595104 50
1710228262 32.95444743338021 1288.909046116756 35.3054616 -80.7595996 50
1710228234 14.87855151628128 1239.051105148249 35.3050107 -80.7597986 50
1710228263 24.66133538779604 1289.27394122616 35.3054649 -80.7596909 50
4622741313 147.9680123186872 1490.58546778815 35.3072855 -80.7583334 50
1710228415 127.8392759584922 1601.723672416152 35.3082906 -80.758555 50
1710228446 132.2537912429843 1671.496040459841 35.3089216 -80.7585064 50
1710228482 166.4435762869002 1733.318118071879 35.3094807 -80.75812999999999 50
172739399 334.2133238313713 1390.460461030947 35.30638 -80.756283 50
172739394 353.92422541012 1433.142131498804 35.306766 -80.756066 50
172286932 364.9150967984092 1452.713778318567 35.306943 -80.755945 50
172286926 407.9702458696602 1419.983792675333 35.306647 -80.755471 50
172286940 314.593255899656 1495.17430023461 35.307327 -80.75649900000001 50
2147643727 376.3873865191031 1462.621233432404 35.3070326 -80.75581870000001 50
2147643735 384.3625807994872 1499.829477247246 35.3073691 -80.7557309 50
172286911 436.9461795291691 1381.725093240954 35.306301 -80.755152 50
172286903 445.9387106642012 1342.360651048909 35.305945 -80.755053 50
172286946 284.1639838760329 1531.000365600435 35.307651 -80.756834 50
172286949 271.9014414188559 1574.013758895661 35.30804 -80.756969 50
172286954 280.076469724796 1620.233806189034 35.308458 -80.756879 50
172233817 313.230751182577 1661.146288242374 35.308828 -80.756514 50
5649387299 352.7615547185983 1627.01200929684 35.3085193 -80.7560788 50
172233811 421.0775412531602 1568.042748000888 35.307986 -80.7553267 50
172739388 447.8371339046789 1613.057535688384 35.3083931 -80.75503209999999 50
172739383 490.4108646423701 1665.867809820485 35.3088707 -80.75456339999999 50
2147643794 502.082988387464 1680.695820208152 35.3090048 -80.75443490000001 50
2147643800 516.1622038015171 1696.972353608903 35.309152 -80.7542799 50
2147643790 515.5717850917463 1668.864372694865 35.3088978 -80.7542864 50
2147643814 399.2865491387061 1768.790345754942 35.3098015 -80.75556659999999 50
2147643795 528.9424980529179 1686.379337985637 35.3090562 -80.7541392 50
172175842 528.4974131777089 1710.727793521641 35.3092764 -80.7541441 50
2147643813 435.0114228303391 1765.3183134949 35.3097701 -80.7551733 50
2147643807 568.8911363680731 1731.460470237903 35.3094639 -80.7536994 50
2147643792 540.578288339661 1675.87478178183 35.3089612 -80.7540111 50
2147643818 613.2179565105239 1782.468383674861 35.3099252 -80.7532114 50
2147643822 624.5721624892631 1797.23004949635 35.3100587 -80.7530864 50
2147643812 657.1905254247999 1764.301030156693 35.3097609 -80.7527273 50
2147643827 637.8157083427373 1820.594393978292 35.31027 -80.7529406 50
2147643804 666.8461421897741 1714.586835747182 35.3093113 -80.752621 50
2147643791 710.0829585574061 1669.74896690142 35.3089058 -80.752145 50
2147643782 755.7541166866031 1630.285007861164 35.3085489 -80.75164220000001 50
172192302 766.2181529172362 1622.666440256884 35.30848 -80.751527 50
2147643769 721.3281641587791 1577.264642604593 35.3080694 -80.7520212 50
5649274301 801.5978587475943 1592.335916399466 35.3082057 -80.7511375 50
2147643775 763.9473117217203 1611.432093833567 35.3083784 -80.751552 50
2147643753 693.1697333306729 1545.043298629758 35.307778 -80.7523312 50
2147643781 600.6102461909163 1623.860642436121 35.3084908 -80.7533502 50
2147643748 700.8360932081332 1538.740564908318 35.307721 -80.75224679999999 50
172175848 678.3365986407989 1529.585014870087 35.3076382 -80.7524945 50
2147643743 687.855964933487 1523.016902886751 35.3075788 -80.75238969999999 50
2147643745 710.627960444237 1530.325862517646 35.3076449 -80.752139 50
2147643731 661.1327057414751 1486.516334438138 35.3072487 -80.75268389999999 50
2147643730 738.6319740708809 1478.101632047467 35.3071726 -80.7518307 50
172767224 654.4291825299792 1479.340063936784 35.3071838 -80.7527577 50
5649387273 627.8058403519012 1418.988624193222 35.306638 -80.7530508 50
2147643770 606.2146822618492 1592.225342122504 35.3082047 -80.7532885 50
5828705038 565.530291398893 1626.127415089582 35.3085113 -80.75373639999999 50
2147643789 522.447892232723 1662.827017235321 35.3088432 -80.7542107 50
2147643780 475.5595632221639 1622.611153118755 35.3084795 -80.75472689999999 50
2147643765 440.3887747807962 1569.811936414701 35.308002 -80.7551141 50
2147643736 398.3327958350183 1501.499148811442 35.3073842 -80.7555771 50
5649387277 604.1890919159841 1365.448559840203 35.3061538 -80.75331079999999 50
172767225 582.0983487631961 1315.38052774793 35.305701 -80.75355399999999 50
172767227 554.8482544123722 1251.3580220472 35.305122 -80.753854 50
172767231 541.8590427742929 1204.032231995457 35.304694 -80.753997 50
172767248 562.8416154230872 1130.500338574438 35.304029 -80.753766 50
172767252 586.912532097645 1086.823499625174 35.303634 -80.753501 50
172175851 816.385576614528 1409.78884444491 35.3065548 -80.7509747 50
172175854 868.2152560672339 1365.127894440177 35.3061509 -80.7504041 50
5189366032 868.3969233624589 1248.914330552005 35.3050999 -80.7504021 50
2147643720 875.3820308808031 1388.989823162471 35.3063667 -80.75032520000001 50
2147643722 969.1314388070009 1436.702623180416 35.3067982 -80.7492931 50
2147643724 811.644060196782 1444.155329370307 35.3068656 -80.7510269 50
2147643725 989.9868443492533 1476.177639648016 35.3071552 -80.74906350000001 50
2147643737 1016.01976781756 1514.369994516921 35.3075006 -80.7487769 50
172189016 1002.358387183796 1611.034026440723 35.3083748 -80.74892730000001 50
2147643779 1008.053656902919 1617.712712699614 35.3084352 -80.7488646 50
5649274262 965.7342603783131 1568.208609415277 35.3079875 -80.7493305 50
5649274234 1041.017187700887 1656.457938947704 35.3087856 -80.74850170000001 50
2147643773 1015.574682943506 1610.97873930189 35.3083743 -80.7487818 50
172192239 1064.97002063349 1694.982016644682 35.309134 -80.748238 50
5649274248 1079.348987084723 1817.896381647842 35.3102456 -80.74807970000001 50
5536955849 1084.617338660125 1864.989965720425 35.3106715 -80.7480217 50
172192225 1088.495935422372 1884.838048230133 35.310851 -80.747979 50
172192218 1104.564407723938 1918.2535943835 35.3111532 -80.7478021 50
5538245761 1042.307025500107 1868.793720808541 35.3107059 -80.7484875 50
172772112 1072.6000470526 2038.259855933147 35.3122385 -80.748154 50
2147643933 1023.141125808189 2120.14010717866 35.312979 -80.7486985 50
172772119 988.2700884051551 2164.977976024423 35.3133845 -80.74908240000001 50
172772136 902.84104261946 2223.825605616772 35.3139167 -80.7500229 50
172772141 848.5679380406 2240.909331231962 35.3140712 -80.7506204 50
172772147 800.7985226465221 2242.236222541443 35.3140832 -80.7511463 50
172391973 749.7318458342252 2229.210572849623 35.3139654 -80.75170850000001 50
172772157 709.4925398464793 2205.403931265459 35.3137501 -80.7521515 50
172391971 754.6731962786839 2212.867694883398 35.3138176 -80.7516541 50
172391975 740.5122305798732 2280.583381396688 35.31443 -80.75181000000001 50
2147643973 676.846926814866 2173.558539828779 35.3134621 -80.7525109 50
172772178 648.5613288802192 2125.348155570482 35.3130261 -80.75282230000001 50
2147643906 635.5630338775522 2072.94700625857 35.3125522 -80.75296539999999 50
2147643892 634.818197964008 2046.364950351137 35.3123118 -80.7529736 50
3643273459 501.2291520977101 2056.040199485815 35.3123993 -80.7544443 50
2147643887 635.1633658252831 2035.351752478228 35.3122122 -80.7529698 50
2147643890 651.4316721524051 2043.523191462395 35.3122861 -80.75279070000001 50
2147643886 651.50433907142 2034.478215699721 35.3122043 -80.7527899 50
172772187 635.3722832165831 2028.341343391966 35.3121488 -80.7529675 50
3643273457 500.566066470079 2044.330383676132 35.3122934 -80.7544516 50
3643273453 750.6220155834872 2029.82303868849 35.3121622 -80.75169870000001 50
2147643875 654.5654330034213 1973.618134287759 35.3116539 -80.75275619999999 50
2147643857 657.5447766529742 1918.319938948974 35.3111538 -80.75272339999999 50
2147643843 653.9477641975741 1867.267795801935 35.3106921 -80.752763 50
172772199 635.8991183730832 1870.198014111544 35.3107186 -80.7529617 50
3799202614 733.499872968921 1860.965062079792 35.3106351 -80.7518872 50
3799202617 578.6194200509062 1873.6479315176 35.3107498 -80.75359229999999 50
172772204 621.1840674240079 1828.246133865308 35.3103392 -80.7531237 50
2147643856 638.8421285631293 1917.059392204968 35.3111424 -80.75292930000001 50
5538536485 492.9087899583619 1879.331449294381 35.3108012 -80.75453589999999 50
2147643817 590.9818795208621 1782.302522261176 35.3099237 -80.7534562 50
3799202615 815.0594053558011 1853.280149910038 35.3105656 -80.7509893 50
2147643918 656.327605770457 2097.262289511133 35.3127721 -80.75273679999999 50
5649274487 713.5528039039523 2039.630976953413 35.3122509 -80.75210680000001 50
2147643950 676.2837581988592 2144.543849852794 35.3131997 -80.75251710000001 50
2147643985 714.9788921754571 2188.497124492002 35.3135972 -80.7520911 50
2147644025 809.9545543476042 2227.419269581824 35.3139492 -80.7510455 50
2147644023 856.2070478242972 2225.70536830614 35.3139337 -80.75053629999999 50
2147644009 900.5429513301801 2211.662435276818 35.3138067 -80.75004819999999 50
2147643980 946.5956107813149 2184.328474293075 35.3135595 -80.7495412 50
2147643951 989.024007682131 2144.842400397427 35.3132024 -80.7490741 50
2147643916 1022.07837212829 2096.432982442708 35.3127646 -80.7487102 50
3799202627 1046.430873112007 2055.133490423164 35.3123911 -80.74844210000001 50
2147643882 1070.810624189488 2016.133943341227 35.3120384 -80.7481737 50
3643273456 750.3949314653223 2037.319974588463 35.31223 -80.7517012 50
172391983 729.2488582493243 2308.005801800593 35.314678 -80.75193400000001 50
172391993 693.7329019478361 2349.802878060488 35.315056 -80.752325 50
5821964995 654.0022643862571 2372.979246272649 35.3152656 -80.75276239999999 50
172392011 619.3401443733692 2370.811990466695 35.315246 -80.75314400000001 50
2147643776 1136.710435692814 1608.07063584908 35.308348 -80.74744819999999 50
2147643802 1171.436139257818 1707.410565246532 35.3092464 -80.7470659 50
2147643784 1122.204302132728 1647.048068075625 35.3087005 -80.74760790000001 50
2147643768 1072.972465008794 1582.461633568366 35.3081164 -80.7481499 50
172192340 990.9769311112932 1871.104723172788 35.3107268 -80.7490526 50
172192274 923.4511973132153 1539.404010563058 35.307727 -80.749796 50
172192287 880.1235472973931 1537.745396426207 35.307712 -80.75027300000001 50
5649274292 841.491996875222 1558.135292887051 35.3078964 -80.7506983 50
2147643835 339.1637576369503 1846.56829136841 35.3105049 -80.75622850000001 50
2147643853 274.235866168799 1899.345393217774 35.3109822 -80.7569433 50
2147643866 225.3219468112202 1938.709835411225 35.3113382 -80.75748179999999 50
2147643879 167.424579683197 1983.105407152656 35.3117397 -80.7581192 50
2147643881 125.5411846680563 2010.748976108375 35.3119897 -80.75858030000001 50
2147643888 88.71722383817314 2035.606073313483 35.3122145 -80.7589857 50
2147643908 14.51521692467395 2076.927680187715 35.3125882 -80.7598026 50
2147643910 0 2086.724561025996 35.3126768 -80.75996240000001 50
172134300 269.1310151594471 1879.066071032485 35.3107988 -80.75699950000001 50
172155873 233.4697250210861 1910.181672248951 35.3110802 -80.7573921 50
2147643871 186.2543948795842 1946.184656456509 35.3114058 -80.7579119 50
457021169 115.594900230491 1994.782050679602 35.3118453 -80.7586898 50
172140201 59.4142890477201 2030.807149742553 35.3121711 -80.7593083 50
172175832 10.79103736388834 2059.313198049435 35.3124289 -80.7598436 50
3557799038 350.436213334398 1170.019584752823 35.3043864 -80.7561044 50
3557799046 352.0167188073651 1226.290833718326 35.3048953 -80.75608699999999 50
3557797076 376.0603853870043 1221.679886417177 35.3048536 -80.75582230000001 50
3557799050 323.3405361861919 1229.59700456609 35.3049252 -80.7564027 50
3557799052 415.1279373186412 1241.926036320432 35.3050367 -80.7553922 50
3557797072 375.0339651666122 1177.350659239814 35.3044527 -80.7558336 50
3557799055 423.1667151522961 1287.084570565517 35.3054451 -80.7553037 50
3557799060 406.9074921909159 1333.105584161764 35.3058613 -80.7554827 50
3557799066 382.0826562382263 1345.445673344155 35.3059729 -80.75575600000001 50
3557799063 408.1337464368653 1339.187169332797 35.3059163 -80.75546919999999 50
3557799082 407.0891594861409 1383.129386543957 35.3063137 -80.75548070000001 50
3557799072 350.7904645602612 1351.870038769198 35.306031 -80.7561005 50
3557797071 373.635126990026 1167.46531898137 35.3043633 -80.755849 50
3557799036 397.3790425336401 1167.133596154 35.3043603 -80.7555876 50
172556696 105.766699536035 2682.963171112054 35.318069 -80.758798 50
172556693 50.812342596902 2615.291714308845 35.317457 -80.75940300000001 50
