42440112 42447323
42440112 42437196
42447323 42437188
42435763 42435761
42435763 5481868701
42435761 42435755
42435761 42446778
42435755 42431207
42435755 42447317
42435755 3910057564
42431207 42431210
42431207 42435746
42431210 42437218
42431210 42440104
42431210 42447317
42437218 42435746
42437218 42446733
42440104 42447317
42440104 1774036559
42447317 42446778
42446778 42437188
42446778 42440108
42437188 42437196
42437188 5481868701
42437196 42440108
42440108 1774036559
3910057564 3910057568
3347295531 42437142
42437142 1506445774
42437142 3907629309
1506445774 1506445821
1506445821 42435362
42435362 42435360
42435362 42442575
42435360 42431186
42435360 1506445711
42431186 1506445746
42431186 1792516986
1506445746 1506445711
1506445711 42442575
42442575 3907629309
1792516986 4786589551
4786589551 1775693480
1775693480 42435359
