42440112 400.8489894269917 512.1163787389419 40.806291 -73.957722 50
42447323 520.8060972641731 445.8163454961646 40.8056974 -73.9563031 50
42437196 359.8375065814553 434.4014812817501 40.8055952 -73.9582071 50
42437188 478.9407369134476 370.3911223688303 40.8050221 -73.9567983 50
42435763 599.946169607058 302.9741748192559 40.8044185 -73.955367 50
42435761 558.1822600487512 227.638304835954 40.803744 -73.955861 50
5481868701 537.9850981195009 337.5873491828756 40.8047284 -73.9560999 50
42435755 519.2927896093372 157.3843949480813 40.803115 -73.956321 50
42446778 437.0415596337084 294.9100535259432 40.8043463 -73.9572939 50
42431207 479.963699071234 87.7447879298706 40.8024915 -73.9567862 50
42447317 398.0252757043086 224.600297921807 40.8037168 -73.9577554 50
3910057564 559.2305849041045 135.2248151058883 40.8029166 -73.9558486 50
42431210 359.2964356871205 154.8266611868375 40.8030921 -73.9582135 50
42435746 441.09113709794 17.71426090278896 40.8018645 -73.957246 50
42437218 320.3646940850949 84.68444272936034 40.8024641 -73.958674 50
42440104 360.0995877950245 244.3920194357785 40.803894 -73.95820399999999 50
42446733 281.5597659752061 14.76560713338461 40.8018381 -73.95913299999999 50
1774036559 359.3048899196428 266.1271718434631 40.8040886 -73.95821340000001 50
42440108 356.7601658766494 335.9901617238858 40.8047141 -73.95824349999999 50
3910057568 653.1740187108453 83.50051356347336 40.8024535 -73.9547374 50
3347295531 136.80639361661 600.9892501177255 40.8070867 -73.96084519999999 50
42437142 120.5996295228592 571.9159707160751 40.8068264 -73.9610369 50
1506445774 249.2730512776905 496.1780115824967 40.8061483 -73.9595149 50
3907629309 114.8676597490435 561.6403590955315 40.8067344 -73.96110470000001 50
1506445821 262.6222847175932 493.1288355255233 40.806121 -73.959357 50
42435362 222.9719333350376 416.5085140901862 40.805435 -73.95982600000001 50
42435360 202.5718698198739 334.4488199811595 40.8047003 -73.96006730000001 50
42442575 77.55067659319684 494.7148538409762 40.8061352 -73.96154610000001 50
42431186 182.0534470472467 255.2149190676047 40.8039909 -73.96031000000001 50
1506445711 38.85565350717388 425.2986296828461 40.8055137 -73.96200380000001 50
1506445746 0 355.6031769483719 40.8048897 -73.9624634 50
1792516986 170.3527889846878 210.7952370920972 40.8035932 -73.9604484 50
4786589551 132.0889317669826 65.5852080848357 40.8022931 -73.96090100000001 50
1775693480 119.6358469948805 13.84973740172575 40.8018299 -73.9610483 50
42435359 118.9172372154262 9.426756747264108 40.8017903 -73.96105679999999 50
