911134220 0 400.7182840409642 41.0353859 28.8960388 50
911134386 174.2264271788681 176.5768011595707 41.0333676 28.8981107 50
911134390 139.261733698875 194.0345830106868 41.0335248 28.8976949 50
932158878 504.7176208160602 648.6032386741053 41.037618 28.9020409 50
932158881 535.8478024570225 728.8179704214389 41.0383403 28.9024111 50
932158896 492.4488647349912 694.3910469244745 41.0380303 28.901895 50
932158902 516.6163801411915 751.3953689583177 41.0385436 28.9021824 50
932158905 570.2575008020389 739.4570003266019 41.0384361 28.9028203 50
932158929 654.675624381931 902.4518248939805 41.0399038 28.9038242 50
932158933 679.3308627859565 894.3448396832547 41.0398308 28.9041174 50
932158941 549.6974537707797 773.8283965273847 41.0387456 28.9025758 50
932158945 587.3362147167195 842.7155598988811 41.0393659 28.9030234 50
932158968 591.1454995047197 933.7136925198961 41.0401853 28.9030687 50
932158974 589.49733213488 930.77074583428 41.0401588 28.9030491 50
932158982 608.0896691445624 921.2755782260781 41.0400733 28.9032702 50
932158995 581.8535355089186 846.9467398499767 41.039404 28.9029582 50
932159017 628.7758514341842 755.7598144218031 41.0385829 28.9035162 50
932159044 648.6043139700429 808.1220545140785 41.0390544 28.903752 50
932159050 706.4667612604145 973.0270180617686 41.0405393 28.9044401 50
932159074 626.9763217549513 699.3440817238115 41.0380749 28.9034948 50
932159081 664.9346253553025 669.5703456287818 41.0378068 28.9039462 50
932159088 685.1078575960685 651.3684980129293 41.0376429 28.9041861 50
932159120 747.7634446854962 790.0645778667441 41.0388918 28.9049312 50
932159141 729.1290625907627 964.0982288708044 41.0404589 28.9047096 50
932159148 709.9396853610526 891.3907875379784 41.0398042 28.9044814 50
932159153 717.3648475404694 883.4725951344112 41.0397329 28.9045697 50
932159156 668.7775462113436 796.650115167604 41.0389511 28.9039919 50
932159190 494.1390771904168 783.0681385754118 41.0388288 28.9019151 50
932159197 559.6032760216989 705.2077641778427 41.0381277 28.9026936 50
932159241 718.0123418641631 509.0631439214383 41.0363615 28.9045774 50
932159269 618.1973078080059 456.5565328599385 41.0358887 28.9033904 50
932159274 582.4253486773807 403.4835433790817 41.0354108 28.902965 50
932159299 611.3944129001823 518.2029368367623 41.0364438 28.9033095 50
932159304 687.5464725809151 467.6286756748944 41.0359884 28.9042151 50
932159315 700.6813574338272 455.4570923994986 41.0358788 28.9043713 50
932159323 755.239060968579 432.1689444733319 41.0356691 28.9050201 50
932159329 835.6376743309363 404.4386128702971 41.0354194 28.9059762 50
932159378 545.5854443645279 610.7114119093957 41.0372768 28.9025269 50
932159383 554.6251378446738 603.2485433314095 41.0372096 28.9026344 50
932159389 593.7186587649392 570.9316570822821 41.0369186 28.9030993 50
932159412 713.0257946701278 828.5672048873321 41.0392385 28.9045181 50
932159419 706.8619850689877 814.6964863559846 41.0391136 28.9044448 50
932159426 688.0510136132955 788.3654426107923 41.0388765 28.9042211 50
932159432 654.8606227604349 743.1218018604598 41.0384691 28.9038264 50
932159461 600.538371707318 660.0973889384873 41.0377215 28.9031804 50
932159464 581.8787625604841 631.7673625385278 41.0374664 28.9029585 50
932159501 467.7347632108244 483.4983768610091 41.0361313 28.9016011 50
932159512 485.2255189675637 465.3076347034041 41.0359675 28.9018091 50
932159520 531.567612706822 422.8847805887835 41.0355855 28.9023602 50
932159526 591.4902692090922 357.1959894644908 41.034994 28.9030728 50
932159542 623.0072656410824 533.1953067464572 41.0365788 28.9034476 50
932159552 587.3025786486786 477.7235380807274 41.0360793 28.903023 50
932159560 553.6496918500933 433.3017013106331 41.0356793 28.9026228 50
932159563 501.8081008684787 403.5390706745569 41.0354113 28.9020063 50
932159570 477.5312682379363 395.9651475063267 41.0353431 28.9017176 50
932159618 698.7052383936356 481.8214525222585 41.0361162 28.9043478 50
932159627 609.1492053103149 543.6566493062411 41.036673 28.9032828 50
932159651 626.8081414110027 567.2668555484244 41.0368856 28.9034928 50
932159656 703.4142880209848 674.1569002748743 41.0378481 28.9044038 50
932159659 751.2279597680543 740.6563899197449 41.0384469 28.9049724 50
932159664 774.6891177309546 777.5043035209027 41.0387787 28.9052514 50
932159669 796.3339279806015 821.5374492184321 41.0391752 28.9055088 50
932159719 600.6813249991661 291.6959911480634 41.0344042 28.9031821 50
932159725 624.0163477037038 348.8113677749762 41.0349185 28.9034596 50
932159728 646.5777408272551 391.9560767378384 41.035307 28.9037279 50
932159765 756.6433668392386 561.8140750855721 41.0368365 28.9050368 50
932159768 773.6632176337779 580.726672090006 41.0370068 28.9052392 50
932159774 802.8256892515586 610.700306450442 41.0372767 28.905586 50
932159785 871.6114498735508 671.1362153751691 41.0378209 28.906404 50
932159793 930.2559357624539 728.462595727148 41.0383371 28.9071014 50
932159797 973.4026029693647 777.7486236221238 41.0387809 28.9076145 50
932159833 679.9026759544187 418.864604360635 41.0355493 28.9041242 50
932159861 555.1044518244189 518.7915261740268 41.0364491 28.9026401 50
932159866 539.9429938292539 536.1493588917334 41.0366054 28.9024598 50
932159877 518.9961320064316 555.1952214064381 41.0367769 28.9022107 50
932159930 735.2676451403373 103.1475049799159 41.0327064 28.9047826 50
932160061 450.0337820234808 790.8863818476888 41.0388992 28.9013906 50
932160067 464.4720645402556 689.860019573857 41.0379895 28.9015623 50
932160071 474.8572007714548 602.1379974127223 41.0371996 28.9016858 50
932160075 485.7048329478438 536.6157881769745 41.0366096 28.9018148 50
932160103 522.5111011926558 371.7996683037402 41.0351255 28.9022525 50
932160105 553.3553762488519 287.3426511449446 41.034365 28.9026193 50
932160117 656.4415179920533 990.7957527699475 41.0406993 28.9038452 50
932160121 603.3385744316272 832.4874319813646 41.0392738 28.9032137 50
932160126 579.9530976234236 770.085856779438 41.0387119 28.9029356 50
932160129 518.5168180266865 605.7583771100586 41.0372322 28.902205 50
932160132 468.5588468954768 497.5467827384424 41.0362578 28.9016109 50
932160134 459.1996107619892 468.9280144000339 41.0360001 28.9014996 50
932160157 682.6356065421112 981.655959853917 41.040617 28.9041567 50
932160159 624.7058871135183 820.7711725336691 41.0391683 28.9034678 50
932160161 605.6678721932014 762.8006755503632 41.0386463 28.9032414 50
932160176 584.3257865628758 707.4066450973097 41.0381475 28.9029876 50
932160180 559.9648637606266 643.5946765785866 41.0375729 28.9026979 50
932160184 535.5282598036807 587.7009004627243 41.0370696 28.9024073 50
932160190 496.8804167945847 523.8445101060669 41.0364946 28.9019477 50
932160195 490.497972746365 513.2832184142864 41.0363995 28.9018718 50
932160204 516.6500162103021 487.629607680108 41.0361685 28.9021828 50
932160212 598.7556600626405 386.5588235690485 41.0352584 28.9031592 50
932160218 598.7556600626405 380.2731336670041 41.0352018 28.9031592 50
932160222 587.7482565593131 340.7265934821579 41.0348457 28.9030283 50
932160229 586.1084982070186 314.9286117787549 41.0346134 28.9030088 50
932160232 585.4021407631835 292.0735767609681 41.0344076 28.9030004 50
932160305 578.0106146523425 549.2315898197039 41.0367232 28.9029125 50
932160323 465.4811466034119 788.1433334267724 41.0388745 28.9015743 50
932160330 512.0418747897498 889.0031138127656 41.0397827 28.902128 50
932160337 546.9477051490668 958.5010774387276 41.0404085 28.9025431 50
932160340 586.5457671011777 1014.616962737197 41.0409138 28.903014 50
932160425 238.2947291565007 689.2270083993646 41.0379838 28.8988726 50
932160428 288.6395150782035 687.9054587570241 41.0379719 28.8994713 50
932160431 330.0455157265577 681.4642924239758 41.0379139 28.8999637 50
932160438 426.4548978208329 684.3183954372555 41.0379396 28.9011102 50
932160442 390.8427100171461 677.9993891562306 41.0378827 28.9006867 50
932160445 356.2227862420602 670.6142587930399 41.0378162 28.900275 50
932160450 332.8625364854221 669.5148183333065 41.0378063 28.8999972 50
932160470 539.1357281791568 1030.786511321421 41.0410594 28.9024502 50
932160472 475.9167369377421 906.3609465290594 41.039939 28.9016984 50
932160479 413.6311466042523 797.6718174139546 41.0389603 28.9009577 50
932160482 439.1777408306165 597.0628025620683 41.0371539 28.9012615 50
932160503 461.7559519881882 449.7044645378307 41.035827 28.90153 50
932160504 491.0866039499174 358.6174882416538 41.0350068 28.9018788 50
932160507 515.2457103391075 273.6940417976171 41.0342421 28.9021661 50
932160819 348.301492048343 417.176574563637 41.0355341 28.9001808 50
932160823 380.0539409608984 320.1148612217722 41.0346601 28.9005584 50
932160829 420.1817709958856 221.7204927764937 41.0337741 28.9010356 50
932160852 436.2009487448137 926.2286130254151 41.0401179 28.9012261 50
932160857 369.3072169913065 805.3567951745481 41.0390295 28.9004306 50
932160864 403.1535111843361 593.1869973038507 41.037119 28.9008331 50
932160871 425.5719510155043 439.1875946825717 41.0357323 28.9010997 50
932160877 456.5928154326592 344.7023478737849 41.0348815 28.9014686 50
932160881 486.9073224059792 257.3023840293732 41.0340945 28.9018291 50
932160896 170.5348686316852 268.3967377622366 41.0341944 28.8980668 50
932160902 178.6916153070374 268.9964325591612 41.0341998 28.8981638 50
932160909 207.3159098254666 263.0661173499948 41.0341464 28.8985042 50
932160912 241.3303843624447 267.7415156698367 41.0341885 28.8989087 50
932160937 187.8322169934454 211.4368375649149 41.0336815 28.8982725 50
932160944 259.292045081919 215.268220986611 41.033716 28.8991223 50
932160975 454.8857849426782 1058.616792057865 41.04131 28.9014483 50
932160980 392.3311060595126 947.1846145211377 41.0403066 28.9007044 50
932160984 325.3953292198845 812.5531327319927 41.0390943 28.8999084 50
932160991 318.0963022982954 804.7459949186697 41.039024 28.8998216 50
932160994 319.6687885129036 785.5113395975127 41.0388508 28.8998403 50
932161010 342.0872283440718 601.4716698620753 41.0371936 28.9001069 50
932161013 361.890463828365 420.9635361481053 41.0355682 28.9003424 50
932161032 337.8743107315579 810.7984701798595 41.0390785 28.9000568 50
932161035 365.3381608769027 590.5550034745911 41.0370953 28.9003834 50
932161038 390.1783976588971 429.0594158998774 41.0356411 28.9006788 50
932161040 418.214060973239 332.2642335778477 41.0347695 28.9010122 50
932161043 450.8242296395575 238.1343614633516 41.0339219 28.9014 50
932161051 549.4620012891448 377.9298817776063 41.0351807 28.902573 50
932161057 542.5161530900081 380.1176572381195 41.0352004 28.9024904 50
932161061 344.3324359339393 309.5091476927639 41.0345646 28.9001336 50
932161064 311.5120418375514 298.0705247245635 41.0344616 28.8997433 50
932161067 275.5634933465025 286.998381910314 41.0343619 28.8993158 50
932161069 238.7488160846803 277.8474835353299 41.0342795 28.898878 50
932161095 350.3953373288172 188.3374824452005 41.0334735 28.9002057 50
932161111 312.9668018118771 407.0372903212826 41.0354428 28.8997606 50
932161115 384.9900340523375 204.2182890902691 41.0336165 28.9006171 50
932161129 250.9334819940426 971.6943629590612 41.0405273 28.8990229 50
932161134 275.5466753124821 1032.663333925578 41.0410763 28.8993156 50
932161139 306.9627635376753 1119.052700984005 41.0418542 28.8996892 50
932161159 314.7663314905751 1005.82143905721 41.0408346 28.899782 50
932161176 350.5635176722308 969.0068418343265 41.0405031 28.9002077 50
932161179 291.1117661326957 860.1844472075381 41.0395232 28.8995007 50
932161183 275.7737187765719 828.7337867751705 41.03924 28.8993183 50
932161192 295.4508190030373 626.0480510544276 41.0374149 28.8995523 50
932161214 632.6524083593361 999.9910729807466 41.0407821 28.9035623 50
932161220 553.2040139394587 865.7927040999816 41.0395737 28.9026175 50
932161236 511.3355173459149 780.6360430122647 41.0388069 28.9021196 50
932161245 307.5261676891272 992.3172006791071 41.040713 28.8996959 50
932161367 366.3388339225139 1094.742850810781 41.0416353 28.9003953 50
932161378 288.0761109267516 956.9685240699077 41.0403947 28.8994646 50
932161383 255.7602578616744 899.8864638205628 41.0398807 28.8990803 50
932161385 244.1978592244403 868.2692215003566 41.039596 28.8989428 50
932161389 236.8147421306095 827.3900262128031 41.0392279 28.898855 50
932161398 232.9550032405479 799.9040147109894 41.0389804 28.8988091 50
932161655 217.9280895196858 387.1363074480656 41.0352636 28.8986304 50
932161658 213.9338063542514 356.152076300939 41.0349846 28.8985829 50
932161698 195.2405611388418 387.8359513769869 41.0352699 28.8983606 50
932161701 180.1127392122524 341.9481939939147 41.0348567 28.8981807 50
932161704 149.823459290498 280.6571647113816 41.0343048 28.8978205 50
932161707 141.9358011653565 280.0241535375957 41.0342991 28.8977267 50
932161711 127.1527489442093 285.2770357350419 41.0343464 28.8975509 50
932161723 135.0319980518057 346.123846649535 41.0348943 28.8976446 50
932161743 396.6701589303892 800.870189661865 41.0389891 28.900756 50
932161748 273.4612390484832 810.4986227810439 41.0390758 28.8992908 50
932161752 182.2318115448271 779.9141881654359 41.0388004 28.8982059 50
932161794 412.7818358674994 1075.852464723549 41.0414652 28.9009476 50
932161802 497.3260947052192 1044.646124393108 41.0411842 28.901953 50
932161806 812.5381041069637 923.0524516954124 41.0400893 28.9057015 50
932161807 836.6047113074368 907.3271214792286 41.0399477 28.9059877 50
932161846 299.5039652891479 501.1005296799369 41.0362898 28.8996005 50
932161866 156.121813166476 498.8683323821958 41.0362697 28.8978954 50
932161870 240.9940236745477 497.7355755456011 41.0362595 28.8989047 50
932161882 249.6637203982208 362.9597227865253 41.0350459 28.8990078 50
932161883 315.3633717111377 175.8882626896031 41.0333614 28.8997891 50
932161987 648.8902205548088 264.2321905648636 41.0341569 28.9037554 50
932161995 276.6650745983758 163.0281409456526 41.0332456 28.8993289 50
932162061 209.6115715184651 986.9754748079115 41.0406649 28.8985315 50
932162096 758.6699399820264 811.0094739042195 41.0390804 28.9050609 50
932162105 709.7294599309832 736.1697844063553 41.0384065 28.9044789 50
932162109 617.7011757937054 604.0592418526941 41.0372169 28.9033845 50
932162118 277.7498378156937 396.9313224557895 41.0353518 28.8993418 50
932162120 246.173978264632 386.5477181115075 41.0352583 28.8989663 50
932162126 88.55536003770949 392.1670804621983 41.0353089 28.8970919 50
932162130 45.95527894876511 396.2872058216369 41.035346 28.8965853 50
932343190 994.4251459468835 282.2119289981089 41.0343188 28.9078645 50
932343191 1021.493772284725 323.55755357161 41.0346911 28.9081864 50
932343193 1263.55574114257 304.0452617702514 41.0345154 28.911065 50
932343194 1341.070061608377 256.169627192072 41.0340843 28.9119868 50
932343196 1246.510663296465 281.0347503235799 41.0343082 28.9108623 50
932343197 1348.991355802094 209.4156439915337 41.0336633 28.912081 50
932343203 1066.927692167089 177.1209686603137 41.0333725 28.9087267 50
932343204 1138.841607183742 135.6642894951559 41.0329992 28.9095819 50
932343205 914.1778948939194 263.8546049533718 41.0341535 28.9069102 50
932343206 1019.685833588482 228.2838191594461 41.0338332 28.9081649 50
932343208 1041.566096319229 222.5645076753459 41.0337817 28.9084251 50
932343209 1057.576865051147 214.8017916999571 41.0337118 28.9086155 50
932343210 1063.732265634207 212.5584889432623 41.0336916 28.9086887 50
932343211 1085.696618537195 204.5292419466255 41.0336193 28.9089499 50
932343212 1131.559398296174 181.5520468782281 41.0334124 28.9094953 50
932343213 1146.964717789984 200.5756984750252 41.0335837 28.9096785 50
932343215 1024.983514418849 136.3861443412782 41.0330057 28.9082279 50
932343216 1039.539523176441 168.070019418739 41.033291 28.908401 50
932343217 1046.199464791347 258.9904138270776 41.0341097 28.9084802 50
932343218 1048.73898798299 274.0272055725875 41.0342451 28.9085104 50
932343221 1046.493780393123 310.4753226422266 41.0345733 28.9084837 50
932343222 1017.886303909784 265.1317327598974 41.034165 28.9081435 50
932343223 1009.763193303007 259.7455850521805 41.0341165 28.9080469 50
932343224 925.9589279787681 291.7737293621525 41.0344049 28.9070503 50
932343227 701.9679370636694 486.9854910459554 41.0361627 28.9043866 50
932343228 802.6659179251552 443.2966145830566 41.0357693 28.9055841 50
932343229 729.9195102063045 525.4103798524544 41.0365087 28.904719 50
932343230 821.2918910034134 490.4059724785921 41.0361935 28.9058056 50
932343232 1177.08581736779 187.2935692809423 41.0334641 28.9100367 50
932343233 1137.840934138131 204.5958747017609 41.0336199 28.90957 50
932343234 1104.490771958867 219.2995026730068 41.0337523 28.9091734 50
932343235 1094.568131673393 217.5004182836456 41.0337361 28.9090554 50
932343237 1053.969396675671 158.1861607372659 41.033202 28.9085726 50
932343238 1037.176589345756 126.4578638246965 41.0329163 28.9083729 50
932343239 1173.05789813378 273.2276125109631 41.0342379 28.9099888 50
932343240 1125.656268228234 290.8408707909639 41.0343965 28.9094251 50
932343243 1077.951913704437 463.4197066402936 41.0359505 28.9088578 50
932343244 990.6915423141147 341.3151828208352 41.034851 28.9078201 50
932343245 961.949521555403 300.1916674306477 41.0344807 28.9074783 50
932343247 905.155019447794 381.2059922396056 41.0352102 28.9068029 50
932343248 915.9353794870315 411.6349504270354 41.0354842 28.9069311 50
932343249 945.324894568902 486.7744873215956 41.0361608 28.9072806 50
932343250 949.9330359899892 417.6763202271522 41.0355386 28.9073354 50
932343251 985.5704508447066 392.4669278603074 41.0353116 28.9077592 50
932343252 807.7870093945634 412.8787618559934 41.0354954 28.905645 50
932343253 839.2535517228877 481.7326088492156 41.0361154 28.9060192 50
932343255 872.0234917156095 553.4294533946446 41.036761 28.9064089 50
932343256 859.9985971326506 464.6524126110042 41.0359616 28.9062659 50
932343257 889.8085630746599 538.1261306278868 41.0366232 28.9066204 50
932343260 1100.286263363363 298.8812232465544 41.0344689 28.9091234 50
932343261 1121.636758011234 337.039581031099 41.0348125 28.9093773 50
932343262 1200.454476141438 451.5923926009412 41.035844 28.9103146 50
932343265 1032.15640608261 317.927085761259 41.0346404 28.9083132 50
932343267 1075.361936409662 375.9975318779744 41.0351633 28.908827 50
932343269 1096.174253957112 355.1525849739086 41.0349756 28.9090745 50
932343272 1123.957646755798 393.9328484732854 41.0353248 28.9094049 50
932343273 1095.535168650428 421.8741838013864 41.0355764 28.9090669 50
932343274 1084.174586425718 431.7247261059983 41.0356651 28.9089318 50
932343276 1077.430554638036 424.2174356914907 41.0355975 28.9088516 50
932343277 1009.763193303007 330.1208799538559 41.0347502 28.9080469 50
932343278 1164.934787527538 517.3033946417285 41.0364357 28.9098922 50
932343280 1090.531803421837 453.8356953569296 41.0358642 28.9090074 50
932343282 1055.054159893524 484.220231707838 41.0361378 28.9085855 50
932343288 936.5038355358357 178.5646783553842 41.0333855 28.9071757 50
932343289 918.5926289194925 103.4806687548863 41.0327094 28.9069627 50
932343290 901.3961887634596 220.6876850726021 41.0337648 28.9067582 50
932343291 1012.24385337451 202.030513628343 41.0335968 28.9080764 50
932343293 1228.876954246808 404.0388163387785 41.0354158 28.9106526 50
932343294 1177.57354036508 325.3566379609711 41.0347073 28.9100425 50
932343295 1169.584974033676 311.7857668270264 41.0345851 28.9099475 50
932343296 1151.387860832567 280.8681684357415 41.0343067 28.9097311 50
932343298 1242.852740818393 385.2705903042755 41.0352468 28.9108188 50
932343299 1181.181008740021 305.5778151390711 41.0345292 28.9100854 50
932343300 1130.970767093156 288.7863608393086 41.034378 28.9094883 50
932343301 1159.527789473899 341.5261865437822 41.0348529 28.9098279 50
932343302 1219.887714869793 421.7520237507759 41.0355753 28.9105457 50
932343311 763.1687641793064 271.2064189389948 41.0342197 28.9051144 50
932343313 797.2421018369607 263.4103865846254 41.0341495 28.9055196 50
932343321 1104.936449870037 74.57315847732247 41.0324491 28.9091787 50
932343323 959.9061303780597 133.4654085749825 41.0329794 28.907454 50
932343324 1045.779013932278 113.7976403447393 41.0328023 28.9084752 50
932343325 1084.645491387918 109.6441986063201 41.0327649 28.9089374 50
932343326 1118.029289636293 103.3585087042758 41.0327083 28.9093344 50
932343328 1002.733254931629 168.52534324432 41.0332951 28.9079633 50
932343329 996.2330846431266 145.6036754728106 41.0330887 28.907886 50
932343330 895.0894258704715 184.8503682588414 41.0334421 28.9066832 50
932343333 741.9275867552429 286.8984327769045 41.034361 28.9048618 50
932343336 705.7267677480038 301.9796463610552 41.0344968 28.9044313 50
932343338 683.1401475734219 201.7084553123264 41.0335939 28.9041627 50
932343340 765.8176045947573 314.517709788989 41.0346097 28.9051459 50
932343341 684.9733133206956 322.6580113772825 41.034683 28.9041845 50
932343343 618.2813979797127 331.9088588842633 41.0347663 28.9033914 50
932343344 758.8969834461162 225.4297161475793 41.0338075 28.9050636 50
932343346 807.7533733254527 219.5105063973666 41.0337542 28.9056446 50
932343357 982.038663624997 69.37580357535137 41.0324023 28.9077172 50
932343359 839.1105984305046 92.18641675591039 41.0326077 28.9060175 50
932343361 702.8088387828772 166.9372625807315 41.0332808 28.9043966 50
932343362 755.3904232779721 187.8377367802725 41.033469 28.9050219 50
932343363 805.0961238929916 186.7827181570604 41.0334595 28.905613 50
932343365 752.2454508482208 151.7783107824917 41.0331443 28.9049845 50
932343366 803.1620499394558 148.2911965961326 41.0331129 28.90559 50
932343367 798.6548167246307 289.397161095187 41.0343835 28.9055364 50
932343369 796.8468780289224 256.1474162741645 41.0340841 28.9055149 50
932343370 800.4543464038636 251.6497053004084 41.0340436 28.9055578 50
932343371 810.2928965170963 250.7279521881735 41.0340353 28.9056748 50
932343372 843.7187398515919 247.5628963178309 41.0340068 28.9060723 50
932343373 872.3262163343959 244.864269733436 41.0339825 28.9064125 50
932343374 905.112974362208 241.7658466189352 41.0339546 28.9068024 50
932343375 854.473872838194 90.56501971404776 41.0325931 28.9062002 50
932343377 826.4382095238522 93.53017731827777 41.0326198 28.9058668 50
932343378 792.8105497773672 34.64903268027797 41.0320896 28.9054669 50
932343380 800.4627554214087 96.26212028094687 41.0326444 28.9055579 50
932343387 888.8919802007556 689.1048483487542 41.0379827 28.9066095 50
932343389 980.2979970664402 607.9794689481395 41.0372522 28.9076965 50
932343390 838.3874229521143 640.8849445352379 41.0375485 28.9060089 50
932343391 940.6915260967842 554.6177375288338 41.0367717 28.9072255 50
932343392 1043.407671084047 468.3394250627695 41.0359948 28.908447 50
932343393 750.1600145847568 553.207344211331 41.036759 28.9049597 50
932343394 829.2972753688374 515.2599901511462 41.0364173 28.9059008 50
932343397 842.2723888942764 548.8651096664594 41.0367199 28.9060551 50
932343398 921.3507865576809 281.3123868030751 41.0343107 28.9069955 50
932343400 766.1707833166747 298.3925830412865 41.0344645 28.9051501 50
932343404 1098.739004200321 545.6001046648269 41.0366905 28.909105 50
932343406 1074.32762729494 565.7454076392648 41.0368719 28.9088147 50
932343407 993.6262893137966 626.5366912582826 41.0374193 28.907855 50
932343409 910.3686101059191 707.8952853025776 41.0381519 28.9068649 50
932343411 948.54554815335 747.053134414859 41.0385045 28.9073189 50
932343412 1020.282873809044 658.3427263856477 41.0377057 28.908172 50
932343413 1006.954581561153 643.4058837721343 41.0375712 28.9080135 50
932343414 1112.302748929312 477.4459015998193 41.0360768 28.9092663 50
932343416 1070.905157298503 509.3407804009335 41.036364 28.908774 50
932343417 968.4160557753295 590.5438980163437 41.0370952 28.9075552 50
932343420 650.790658439769 400.3518038863069 41.0353826 28.903778 50
932343421 773.3100389118605 365.2030255425137 41.0350661 28.905235 50
932343422 847.3682533121189 349.6220662969671 41.0349258 28.9061157 50
932343424 944.9128527268432 330.1319854128096 41.0347503 28.9072757 50
932343425 782.8206373547413 395.3321363318344 41.0353374 28.9053481 50
932343426 931.2734268431553 355.0082140046841 41.0349743 28.9071135 50
932343427 954.658903651359 346.0683193540598 41.0348938 28.9073916 50
932343428 1015.893366835037 432.6909010554611 41.0356738 28.9081198 50
932343429 912.647453765432 518.6138388265282 41.0364475 28.906892 50
932343430 850.1264109508421 568.521772437749 41.0368969 28.9061485 50
932343433 899.0753000188956 489.2398992630169 41.036183 28.9067306 50
932343434 860.9488160756656 395.587561893422 41.0353397 28.9062772 50
932343443 1282.73670935527 330.2541454648331 41.0347514 28.9112931 50
932343444 1223.158822557372 249.5063516764166 41.0340243 28.9105846 50
932343445 1131.559398296174 125.8248526502042 41.0329106 28.9094953 50
932343446 1098.150372997303 46.68735044540301 41.032198 28.909098 50
932343449 878.0443480249015 88.07739685542549 41.0325707 28.9064805 50
932343450 935.3433911632862 313.0740000939186 41.0345967 28.9071619 50
932343451 937.5885987536885 318.1603004042328 41.0346425 28.9071886 50
932343452 962.0336117271097 358.1288480377988 41.0350024 28.9074793 50
932343453 1123.444696707477 579.0941695884832 41.0369921 28.9093988 50
932343461 790.1701183794614 418.6091787997537 41.035547 28.9054355 50
932343463 779.0954427389827 384.5931572932617 41.0352407 28.9053038 50
932343464 765.2710184767908 339.7271021558338 41.0348367 28.9051394 50
932343465 748.2511676827864 101.7815334989346 41.0326941 28.904937 50
932343467 633.2326305453432 366.4357315139307 41.0350772 28.9035692 50
932343468 676.8586117319993 353.2091296146165 41.0349581 28.904088 50
932343469 722.8643447833605 346.0238975175383 41.0348934 28.9046351 50
932343470 806.7695183143968 328.0441590849995 41.0347315 28.9056329 50
932343471 884.3595199348999 319.9593847928876 41.0346587 28.9065556 50
932343491 1290.380505981231 6.374533576500085 41.031835 28.911384 50
932343515 1059.376394729845 52.26229095957228 41.0322482 28.9086369 50
932343525 904.776613674311 86.47821073217682 41.0325563 28.9067984 50
932343653 1186.739369103054 479.7003098168807 41.0360971 28.9101515 50
932343655 1060.57888418798 306.6661501405572 41.034539 28.9086512 50
932343796 927.6659584682142 373.8874946308439 41.0351443 28.9070706 50
932343800 952.0268812699285 364.0036359507836 41.0350553 28.9073603 50
932343801 1081.937787852861 302.8791885546761 41.0345049 28.9089052 50
932343802 1110.8059438694 296.5934986519254 41.0344483 28.9092485 50
932343812 1128.851694761117 27.8635971147184 41.0320285 28.9094631 50
932343813 1155.020556259074 15.28111184885029 41.0319152 28.9097743 50
932343815 1183.888712275613 5.386147709129773 41.0318261 28.9101176 50
932343816 1218.172275362802 0 41.0317776 28.9105253 50
932343828 1039.901110915368 680.8090703322823 41.037908 28.9084053 50
2387224476 279.8520921137131 837.0961975467777 41.0393153 28.8993668 50
2387224477 239.0431316864565 845.1476554606155 41.0393878 28.8988815 50
2387240088 744.9968780297628 731.9941317500287 41.0383689 28.9048983 50
2387240089 718.4496107583223 751.4508962552056 41.0385441 28.9045826 50
2387240090 772.4943642442182 774.0505057114049 41.0387476 28.9052253 50
2387240092 784.2249432254009 796.8944352702379 41.0389533 28.9053648 50
2387240094 795.4930262613938 819.8272085028202 41.0391598 28.9054988 50
2387240095 769.0466671956805 833.6423997379861 41.0392842 28.9051843 50
2387241810 589.6823305133839 677.799490890118 41.0378809 28.9030513 50
2387241811 575.9335874058887 685.417835896989 41.0379495 28.9028878 50
2387246592 201.6398232216168 989.5408358813295 41.040688 28.8984367 50
2387276710 305.5416396319254 446.4505649944454 41.0357977 28.8996723 50
2387276712 356.0966509842326 461.8649423535663 41.0359365 28.9002735 50
2387291790 883.7961157834479 388.15800969371 41.0352728 28.9065489 50
2387291791 900.3282435801621 432.7020065137084 41.0356739 28.9067455 50
2387291792 635.3601118949282 445.4177572898473 41.0357884 28.9035945 50
2387291793 678.8347307711211 452.8362040298991 41.0358552 28.9041115 50
2387291794 614.8841550348409 459.099683014036 41.0359116 28.903351 50
2387291797 640.9436993095261 497.4024117692179 41.0362565 28.9036609 50
2387314050 1059.536166056248 253.9485353532847 41.0340643 28.9086388 50
2387331108 1074.453762553303 378.9071621867292 41.0351895 28.9088162 50
2387331110 1073.755814125943 381.6946324441671 41.0352146 28.9088079 50
2387331111 1089.875900081134 402.2286264897571 41.0353995 28.9089996 50
3170264653 665.5316655753302 427.5934952854867 41.0356279 28.9039533 50
4878462614 197.569858900416 783.7455715864255 41.0388349 28.8983883 50
4950565934 224.192807327088 263.8546049533718 41.0341535 28.8987049 50
4950565937 232.433644174147 788.809660978126 41.0388805 28.8988029 50
5118920624 309.6704670727325 412.7454963464291 41.0354942 28.8997214 50
5118920625 568.6681965534102 496.4029204421875 41.0362475 28.9028014 50
5121269431 304.482103466173 1114.932575623154 41.0418171 28.8996597 50
5183598588 716.2969023571719 886.8264438104998 41.0397631 28.904557 50
5183598589 717.3648475404694 878.69724768116 41.0396899 28.9045697 50
5183598590 710.2340009628289 892.912235448551 41.0398179 28.9044849 50
5183598591 710.9739944752396 890.5356671808788 41.0397965 28.9044937 50
5186198723 771.7795977833731 944.7747298773111 41.0402849 28.9052168 50
5188332483 305.4239133916428 1117.20919475671 41.0418376 28.8996709 50
5295372851 419.9715455658162 796.483533280472 41.0389496 28.9010331 50
5985161330 252.3461968822474 975.1925826036677 41.0405588 28.8990397 50
6822252696 591.9864012239275 568.5328778974091 41.036897 28.9030787 50
6822252697 615.4559682033031 552.0967982919373 41.036749 28.9033578 50
6847206346 141.0276273089973 389.901566787596 41.0352885 28.8977159 50
6847206347 132.8372445650693 390.2347305625664 41.0352915 28.8976185 50
6854402214 1263.152108317522 0.7662766847631133 41.0317845 28.9110602 50
6854422818 814.303997717086 427.1381714599057 41.0356238 28.9057225 50
6899052170 746.0564141960501 239.8334967193033 41.0339372 28.9049109 50
6899052171 760.217199145604 239.5669656987619 41.0339348 28.9050793 50
6899052172 764.6571602222078 284.6662354791635 41.0343409 28.9051321 50
6899052173 663.5975916217943 235.0692547264185 41.0338943 28.9039303 50
8742739260 215.3465212419213 984.8543321018274 41.0406458 28.8985997 50
