932158878 932158881
932158896 932158902
932158929 932158933
932158941 932158945
932160337 932158968
932159017 932159044
932159044 932158933
932158933 932159050
932159074 932159081
932159419 932159120
932159141 5183598590
5183598590 932159148
932159148 5183598591
5183598591 5183598588
5183598588 932159153
932159153 5183598589
5183598589 932159156
932159190 932158902
932159651 932159241
932159269 932159274
932159299 2387291797
2387291797 932159304
932159378 932159383
932159383 932159389
932159383 932159464
932159464 932159461
932159461 932159074
932159074 932159432
932159432 932159426
932159426 932159419
932159419 932159412
932159412 5186198723
932159501 932159512
932159512 932159520
932159520 932159526
932159542 932159299
932159299 932159552
932159618 932159542
932159542 932159627
932159627 6822252697
932159719 932343343
932343343 932159725
932159725 932343467
932343467 932159728
932159728 932343420
932343420 3170264653
932343463 932159833
932159833 3170264653
932160061 932160067
932160067 932160071
932160071 932160075
932160103 932160105
932160134 932159501
932159501 932160132
932160132 932160075
932160075 932160129
932160129 932159197
932159197 932158905
932158905 932160126
932160157 932158929
932158929 932160159
932160159 932160161
932160161 932160176
932160176 2387241811
2387241811 932160180
932160180 932159378
932160190 932160204
932160204 932159560
932159560 932159274
932159274 932160212
932160212 932160218
932160218 932159526
932159526 932160222
932160222 932160229
932160229 932160232
932160305 932160184
932160425 932160428
932160428 932160431
932158896 932160067
932160067 932160438
932160438 932160442
932160442 932160445
932160445 932160450
5295372851 932160472
932160472 932160470
932160819 932160823
932160823 932160829
932161802 932160852
932160852 932160857
932160896 932160902
932160902 932160909
932160909 4950565934
4950565934 932160912
932160909 932160937
932160937 911134386
932160975 932160980
932160980 932160984
932160984 932160991
932160991 932160994
932160994 932160431
932160431 932160450
932160450 932161010
932161010 2387276712
2387276712 932161013
932161032 932160445
932160445 932161035
932160222 932161051
932161051 932161057
932161057 932160103
932160103 932160504
932160504 932160877
932160877 932161040
932161040 932160823
932160823 932161061
932161061 932161064
932161064 932161067
932161067 932161069
932162118 932161064
932161064 932161095
932161111 932161061
932161061 932161115
932161129 5985161330
5985161330 932161134
932161134 5121269431
5121269431 5188332483
5188332483 932161139
932161748 932161183
932161183 2387224476
2387224476 932161179
932161179 932161176
932161176 932161794
932161214 932158968
932158968 932158974
932158974 932161220
932161220 932161236
932161245 932161176
932161367 932161159
932161159 932161245
932161245 932161378
932161378 932161383
932161383 932161385
932161385 2387224477
2387224477 932161389
932161389 932161398
2387246592 932162061
932162061 8742739260
8742739260 932161129
932161129 932161378
932161655 932161658
932161658 932160896
932160896 911134390
932161658 932161069
932161069 932160912
932160912 932160944
932160944 932161995
932161698 932161701
932161701 932161704
932161704 932161707
932161707 932161711
932161723 932161701
932161398 932161748
932161748 932160984
932160984 932161032
932161032 932160857
932160857 932161743
932161743 932160479
932160479 5295372851
5295372851 932160061
932160061 932160323
932161866 932161870
932161870 932161846
932161870 932162120
932161806 2387240095
2387240095 932162096
932162096 932159120
932159120 2387240089
2387240089 932162105
932162105 932159081
932343190 932343191
932343193 932343194
932343196 932343197
932343203 932343204
932343205 932343206
932343206 932343208
932343208 932343209
932343209 932343210
932343210 932343211
932343215 932343216
932343216 932343210
932343208 932343217
932343217 932343218
932343218 932343655
932343221 932343222
932343222 932343223
932343223 932343224
932343227 932343228
932343229 932343230
932343232 932343213
932343213 932343233
932343233 932343234
932343239 932343233
932343240 932343234
932343244 932343243
932343247 932343248
932343248 932343249
932343250 932343251
932159329 932343256
932343256 932343257
932343260 932343261
932343261 932343262
932343265 932343267
932343272 932343273
932343273 932343274
932343273 932343278
932343280 932343243
932343288 932343289
932343290 932343291
932343293 932343294
932343294 932343295
932343295 932343296
932343298 932343299
932343299 932343295
932343300 932343301
932343301 932343302
932343311 932343313
932343323 932343324
932343324 932343325
932343325 932343326
932343206 932343291
932343291 932343328
932343328 932343329
932343330 932343288
932343288 932343328
932343336 932161987
932343340 932343341
932343341 932343343
932343344 932343346
932343362 932343361
932343365 932343366
932343367 932343313
932343313 932343369
932343369 932343370
932343370 932343371
932343371 932343372
932343372 932343373
932343373 932343374
932343373 932343375
932343372 932343377
932343378 932343380
932343380 932343366
932343366 932343363
932343363 932343346
932343346 932343371
932343387 932343389
932343392 932343391
932343391 932343390
932343393 932343394
932159768 932343397
932343398 932343367
932343367 932343400
932343404 932343406
932343406 932343407
932159793 932343413
932343414 932343416
932343420 932343421
932343421 932343422
932343422 932343424
932343425 932343426
932343426 932343427
932343429 932343249
932343249 932343428
932343434 932343433
932343433 932343429
932343429 932343391
932343391 932343417
932343417 932343389
932343389 932343407
932343407 932343413
932343413 932343412
932343412 932343828
932343453 932343404
932343404 932343416
932343416 932343282
932343282 932343392
932343392 932343428
932343428 932343251
932343251 932343452
932343430 932343397
932343397 932343394
932343394 932343230
932343230 932343228
932343228 932343461
932343467 932343468
932343468 932343469
932343469 932343464
932343464 932343470
932343470 932343471
932343471 932343450
932161748 932160428
932160428 932161192
932161192 932161846
932161846 2387276710
2387276710 5118920624
5118920624 932161111
2387224476 2387224477
932161176 932160980
932160980 932160852
932160852 932160472
932160472 932160330
932161398 4950565937
4950565937 932160425
932160425 932161870
932160330 932161220
932161220 932158995
932158995 932158945
932158945 932160121
932160121 932160159
932160159 932159044
932159044 932159156
932159156 932159426
932160126 932160121
932160121 932160117
932160323 932160330
932160330 932160337
932160337 932160340
2387241811 2387241810
932160129 932158878
932158878 932158896
932158896 932160323
932161398 4878462614
4878462614 932161752
932160507 932160504
932160504 932159570
932159570 932160503
932161192 932161010
2387276712 2387276710
932160132 932160195
932160195 932160190
932160190 932159877
932159877 932160184
2387291790 2387291791
932343417 932343416
932343407 932343409
932343417 932159785
932343434 2387291790
2387291790 932343247
932343247 932343796
932343796 932343800
932343800 932343452
932159304 932159315
932159315 932159323
932159323 932343461
932343461 932343252
932343252 932159329
932159329 932343434
932343429 932343257
932343257 932343255
932343255 932343430
932343430 932159774
932343377 932343359
932343359 932343375
932343375 932343449
932343449 932343525
932343525 932343357
932343357 932343515
932343515 932343446
932343377 932343380
932343380 932343465
932343465 932159930
932343362 932343363
932343452 932343244
932343244 932343277
932343277 932343191
932343191 932343265
932343265 932343221
932343221 932343655
932343655 932343801
932343801 932343260
932343260 932343802
932343802 932343240
932343240 932343300
932343300 932343296
932343296 932343239
932343239 932343444
932343217 2387314050
932343452 932343427
932343427 932343424
932343424 932343451
932343451 932343450
932343450 932343224
932343224 932343398
932343398 932343205
932343205 932343374
932343374 932343290
932343290 932343330
932343330 932343449
932343244 932343245
932343267 2387331108
2387331108 2387331110
2387331110 2387331111
932343655 932343269
932343269 932343272
932343272 932343653
932343243 932343282
932162120 932161882
932161882 932161067
932161067 932161883
932158974 932158982
932158982 932158995
932161035 932161038
932161035 932160864
932160864 932160482
932160482 932160071
932160071 932160129
932160857 932160442
932160442 932160864
932160864 932160871
932161038 932161040
932161040 932161043
932160503 932160134
932160134 932160482
932160482 932160438
932160438 932160479
932158902 932158905
932158902 932158881
932158881 932159197
932160184 932160129
932160184 932159378
3170264653 2387291793
2387291793 932159304
932159304 932159618
932159618 932343227
932343227 932159241
932159241 932343229
932343229 932343393
932343393 932159765
932159765 932159768
932159768 932159774
932159774 932343390
932343390 932159785
932159785 932343387
932343387 932343409
932343409 932159793
932159793 932343411
932343411 932159797
3170264653 2387291792
2387291792 932159269
932159269 2387291794
2387291794 932159552
932159081 932162109
932162109 932159389
932159389 6822252696
6822252696 932160305
932160305 932159861
932159861 932160204
932160204 932159512
932159512 932160503
932160503 932160871
932343446 932343321
932343321 932343326
932343326 932343445
932343445 932343204
932343204 932343232
932343232 932343444
932343444 932343196
932343196 932343193
932343193 932343443
932343446 932343812
932343812 932343813
932343813 932343815
932343815 932343816
932343816 6854402214
6854402214 932343491
932343267 932343269
932343274 932343276
932343276 932343277
6854422818 932343253
932343253 932343255
932343461 932343425
932343425 932343463
932343463 932343421
932343421 932343464
932343464 932343340
932343340 932343400
932343400 6899052172
6899052172 932343311
932343311 6899052171
6899052171 932343344
932343344 932343362
932343362 932343365
932343365 932343465
932343234 932343235
932343235 932343211
932343211 932343212
932343212 932343213
932343211 932343203
932343203 932343237
932343237 932343238
6822252697 932159651
932159651 932159088
932159088 932159656
932159656 2387240088
2387240088 932159659
932159659 2387240090
2387240090 932159664
932159664 2387240092
2387240092 2387240094
2387240094 932159669
932159669 932161807
932159552 932159560
932159560 932159520
932159520 932159563
932159563 932159570
932159552 5118920625
5118920625 932159861
932159861 932159866
932159866 932159877
932343338 6899052170
6899052170 6899052171
6899052173 932343333
932343333 6899052172
932160871 932160877
932160877 932160881
932160871 932161038
932161038 932161013
932161013 932160819
932160819 932161111
932161111 932162118
932162118 932162120
932162120 932161655
932161655 932161698
932161698 6847206346
6847206346 6847206347
6847206347 932162126
932162126 932162130
932162130 911134220
932160323 932159190
932159190 932161236
932161236 932158941
932158941 932160126
932160126 932160161
932160161 932159017
932159017 932159432
