38658105 408443951
38658105 418044469
38658105 506830732
142764154 806195926
142764154 2371414033
142764154 2371414039
142764154 2371414042
142764156 142764157
142764156 418044504
142764156 763699047
142764156 806195926
142764157 4017951689
142764159 1239933804
142764159 1264984093
142764159 4017951689
142765531 142777825
142765531 527338821
142765531 3026245108
142770538 142773729
142773726 142848379
142773726 408443960
142773726 3026245107
142773729 638029427
142773729 1956793912
142776471 638029433
142776471 2339806244
142776471 3026245108
142776474 142839132
142776474 568894967
142776474 568895099
142776477 142845543
142776477 568894982
142776477 4619569077
142776483 344370922
142776483 4619569077
142776486 142776489
142776486 344370922
142776489 1210542114
142776489 4619569039
142776490 1210313625
142776490 4619569078
142776493 142801698
142776493 344022144
142776493 2217944252
142777825 142778366
142777825 142778670
142778362 142788274
142778362 144849104
142778362 4017951691
142778364 142778366
142778364 763699047
142778364 763701618
142778364 2283566001
142778366 2371414035
142778663 148386613
142778663 1210313638
142778663 1981149029
142778665 142778666
142778665 148386771
142778665 2322567460
142778666 148385551
142778666 148385552
142778666 148391200
142778667 3163401068
142778667 3163401070
142778667 3163401073
142778667 3163401074
142778668 142835893
142778668 142838875
142778668 142845279
142778669 142843846
142778669 763701320
142778669 2339805986
142778670 2339806080
142778670 2339806111
142778670 2339806132
142778672 143985556
142778672 408443947
142778672 416166026
142778672 2339810115
142778727 142834579
142778727 763701618
142778727 2339806111
142778727 4017951692
142778728 142841507
142778728 144849104
142778728 4017951692
142779862 143985951
142779862 299615672
142779862 5305704475
142788266 142790213
142788266 1906560788
142788266 2427530929
142788266 3358855929
142788274 142878838
142788274 142879477
142788274 1239933804
142789557 142875472
142789557 143977866
142789557 2012416374
142790211 148396528
142790211 1110779093
142790211 4619569039
142790212 142826990
142790212 1110784442
142790212 1110784469
142790212 2000100491
142801698 344023473
142807318 1210313638
142807318 1210313653
142825288 3358855931
142826984 142826986
142826984 148386611
142826984 2217941655
142826986 148386031
142826986 763698082
142826988 148385577
142826988 1210535563
142826990 763697545
142834579 142834580
142834579 142841187
142834579 763701320
142834580 142835893
142834580 3715892221
142834580 3715892222
142835893 763700655
142838875 142839132
142838875 763701320
142841187 3288728762
142841507 2038070878
142841507 3288728762
142843846 568894967
142843846 638029444
142845279 142845543
142845279 344370891
142874234 408443975
142874234 416166028
142874234 2012416373
142875472 417739523
142875473 417739523
142875473 2012416379
142878838 146145256
142878838 3861275695
142879477 146145845
143977866 763665668
143985556 2854143107
143985951 763703134
146144536 146145256
146144536 146145845
146145255 146145846
146145255 1239948285
146145256 1239948285
146145845 146145846
146145846 146145847
146145847 3435152295
146145847 3435152296
148385549 148385550
148385549 2217944243
148385549 2217944251
148385550 148385551
148385551 148390866
148385551 2322560059
148385552 148385577
148385552 148386031
148385552 148386059
148385577 763697545
148386030 148386031
148386030 148386611
148386030 148386613
148386030 3839020513
148386031 2322537090
148386059 148399176
148386059 1110784442
148386613 148388114
148386771 1981149030
148386771 2322568810
148387041 3839020513
148388114 2217949341
148388115 2217949341
148388115 2217949342
148389010 1210313629
148389010 2217944244
148389010 2217946352
148389352 1210313647
148389352 2322560059
148389352 2322567459
148390866 148391200
148390866 148396679
148391200 344370777
148391892 148396679
148391892 2217944252
148391892 4619569078
148396528 148396679
148396528 344370755
148396528 344370756
148399086 148399176
148399086 763700655
148399176 1110784471
148399176 4507066554
181358847 3765150959
299615672 336097109
336095374 408443951
336097109 336097110
336097110 2339810115
340409017 344022144
344022142 2217948157
344022143 2217948172
344022143 3264348334
344022144 2217948178
344023277 344023939
344023277 1210313649
344023277 1981146794
344023432 344023461
344023461 344023462
344023462 2217946349
344023463 763698393
344023463 2217944242
344023463 2217946352
344023473 344023474
344023473 2217944248
344023474 763699229
344023475 763701800
344023475 2217944242
344023476 1210313612
344023476 2217944244
344023476 2217944253
344023939 1210313614
344023939 2217942286
344370712 1210313647
344370712 2217944247
344370754 344370755
344370756 344370757
344370757 344370758
344370757 344370761
344370758 344370759
344370759 344370760
344370760 344370761
344370775 344370776
344370775 1110779093
344370775 3163401071
344370776 344370777
344370777 3163401072
344370890 344370891
344370891 3163401069
344370921 344370922
344370977 344370978
344370978 344370979
344370979 638029415
344370979 3026245107
408443938 506830711
408443938 2854143107
408443947 418044469
408443960 2012424782
408443975 416166005
416166003 638029402
416166003 2794984654
416166026 638029402
416166028 5305704475
416979572 2012416373
416979572 2012416379
417739523 1956796471
418044504 763703670
418044504 4017950888
418044504 5499340764
418044506 2371414034
418044506 4524112199
418044506 5499340757
476480550 2038066837
476480550 3288725657
476480550 3358855930
506830711 4524112199
506830732 527321255
506847485 527338821
506847485 1956793912
527321255 2012424782
568894980 568895005
568894980 568895056
568894980 1837862356
568894982 1837862346
568894982 1837862356
568895005 568895009
568895005 568895014
568895009 568895040
568895009 568895042
568895014 568895042
568895014 568895046
568895025 568895032
568895032 568895035
568895035 568895038
568895038 568895040
568895046 568895048
568895048 568895052
568895052 568895054
568895054 568895056
568895056 568895099
568895099 1837862346
638029415 638029427
638029433 638029444
763665668 2371414030
763698082 1210535563
763698393 2217946345
763698687 2217944240
763698687 2217944250
763698957 763700507
763699047 1239933805
763699229 2217944250
763700507 1956796471
763701800 2217944253
763702492 2217944248
763702492 2217944255
763703134 2371414044
763703670 2371414038
1110784442 1110784467
1110784469 2427530931
1210313612 2217942280
1210313613 1210313623
1210313613 2217942284
1210313614 1210313623
1210313614 1210313639
1210313625 1210542114
1210313627 1210313631
1210313627 1210313664
1210313629 2217944248
1210313631 1210313647
1210313632 1210313649
1210313632 1210313661
1210313639 1210313649
1210313653 2217942284
1210313661 1210313664
1210535563 3715889949
1239933804 4017951690
1239933805 1239940009
1239933805 4017951690
1239940009 1241089446
1239940009 2283566001
1241089446 4017951691
1264984093 2371414037
1264984093 4017950888
1906560780 2427530928
1906560780 3358855931
1906560781 1906560784
1906560784 2427530927
1906560788 2427530927
1906560788 3358855930
1956793912 2371414043
1981146794 2217942280
1981149029 1981149030
2000100491 2000100500
2000100500 2000100507
2000100505 2000100507
2000100505 3715892221
2038066837 4017951694
2038070855 2038070878
2038070855 4017951694
2217941634 2217941655
2217942279 2217942283
2217942279 2217942284
2217942281 2217942282
2217942281 2217942286
2217942282 2217942285
2217942283 2217942285
2217944235 2217944243
2217944235 2217944252
2217944236 2217944246
2217944236 2217944255
2217944237 2217944239
2217944237 2217944254
2217944238 2217944247
2217944238 2217944249
2217944239 2217944248
2217944240 2217944248
2217944240 2217946352
2217944242 2217944244
2217944244 2217944247
2217944246 2217944249
2217944251 2217944254
2217946345 2217946349
2217948153 2217948155
2217948153 2217948172
2217948155 2217948178
2217948157 2217948179
2217948163 2217948179
2217948163 3264348334
2217949342 2217949343
2322537090 2322568810
2322567459 2322567460
2339805986 2339806080
2339806132 2339806244
2371414030 3435152298
2371414033 2371414035
2371414034 2371414042
2371414037 3435152298
2371414038 2371414044
2371414039 2371414043
2427530928 2427530929
2427530931 2427530932
2427530932 3358855929
3163401068 3163401069
3163401070 3163401071
3163401072 3163401073
3163401074 4507066554
3288725657 3715892222
3435152293 3435152294
3435152293 5274523429
3435152294 3435152296
3765150959 3861275695
5499340757 5499340764
