38658105 -22.9493022 -43.1842612
142764154 -22.952377 -43.1870284
142764156 -22.9538221 -43.1859437
142764157 -22.954192 -43.1856298
142764159 -22.9547952 -43.1843388
142765531 -22.9496499 -43.1888617
142770538 -22.9494286 -43.1873596
142773726 -22.9494414 -43.1857641
142773729 -22.9495287 -43.1873515
142776471 -22.9497369 -43.1896942
142776474 -22.9503028 -43.1920302
142776477 -22.9505474 -43.192852
142776483 -22.9507655 -43.1933212
142776486 -22.9510213 -43.1938538
142776489 -22.9511706 -43.1941814
142776490 -22.9515923 -43.1950012
142776493 -22.9525759 -43.1963715
142777825 -22.9526218 -43.1877325
142778362 -22.9562764 -43.1860368
142778364 -22.9543895 -43.1867818
142778366 -22.9525533 -43.1875045
142778663 -22.9559886 -43.1972302
142778665 -22.9556298 -43.1962158
142778666 -22.955277 -43.1952468
142778667 -22.9544286 -43.1928771
142778668 -22.9537331 -43.1909085
142778669 -22.9533174 -43.1897844
142778670 -22.9529451 -43.1886109
142778672 -22.9513515 -43.184167
142778727 -22.9548739 -43.1878563
142778728 -22.9566891 -43.1872597
142779862 -22.9521557 -43.1839095
142788266 -22.9580819 -43.1914178
142788274 -22.9560012 -43.1850648
142789557 -22.9522945 -43.1824554
142790211 -22.9524679 -43.1936693
142790212 -22.9567082 -43.1919461
142790213 -22.958265 -43.1913766
142801698 -22.9526242 -43.1964081
142807318 -22.9564129 -43.1982617
142825288 -22.9581591 -43.1923237
142826984 -22.9581977 -43.1965994
142826986 -22.9580741 -43.1959562
142826988 -22.9578595 -43.1951827
142826990 -22.9567524 -43.1920226
142834579 -22.9553487 -43.1889073
142834580 -22.9557989 -43.1899459
142835893 -22.9547619 -43.1904294
142838875 -22.9536416 -43.1906531
142839132 -22.9535609 -43.1907012
142841187 -22.9569341 -43.1881695
142841507 -22.9570131 -43.1881266
142843846 -22.9500463 -43.1910548
142845279 -22.953915 -43.1914311
142845543 -22.9506298 -43.192821
142848379 -22.949328 -43.1857756
142874234 -22.951515 -43.1825274
142875472 -22.9521473 -43.1822242
142875473 -22.9516196 -43.1822514
142878838 -22.9575586 -43.1842111
142879477 -22.9560251 -43.1849332
143977866 -22.9529759 -43.1833582
143985556 -22.9513701 -43.1842679
143985951 -22.9521884 -43.1839913
144849104 -22.9564336 -43.1865025
146144536 -22.957062 -43.1834061
146145255 -22.9567822 -43.1823874
146145256 -22.9571921 -43.1833333
146145845 -22.9556669 -43.1840858
146145846 -22.9552808 -43.1831297
146145847 -22.9549474 -43.182355
148385549 -22.9528272 -43.1961412
148385550 -22.9533372 -43.1959643
148385551 -22.9543725 -43.1955952
148385552 -22.9567542 -43.194716
148385577 -22.9576058 -43.194405
148386030 -22.9574138 -43.1968504
148386031 -22.9572068 -43.1961768
148386059 -22.9559924 -43.1922403
148386611 -22.9578184 -43.1967282
148386613 -22.9569177 -43.196975
148386771 -22.9557477 -43.1965741
148387041 -22.9577354 -43.197914
148388114 -22.9570353 -43.1975038
148388115 -22.9570538 -43.1978057
148389010 -22.953605 -43.1969196
148389352 -22.9546966 -43.1965651
148390866 -22.9541429 -43.1949552
148391200 -22.9550443 -43.1945966
148391892 -22.9520773 -43.195741
148396528 -22.9527527 -43.1945082
148396679 -22.9530669 -43.1953728
148399086 -22.9550917 -43.1913734
148399176 -22.9554751 -43.1924445
181358847 -22.9579806 -43.1853393
299615672 -22.9520661 -43.1839504
336095374 -22.9492569 -43.1839002
336097109 -22.9518674 -43.1840201
336097110 -22.9515371 -43.1841247
340409017 -22.9513922 -43.1978493
344022142 -22.9519086 -43.1982852
344022143 -22.9520526 -43.1977963
344022144 -22.9518563 -43.1972483
344023277 -22.9547262 -43.1975126
344023432 -22.9525703 -43.1976116
344023461 -22.9526984 -43.1978757
344023462 -22.9532996 -43.1975094
344023463 -22.953561 -43.1971593
344023473 -22.9526974 -43.1964481
344023474 -22.9526349 -43.1965761
344023475 -22.9538502 -43.1973019
344023476 -22.9539942 -43.1971165
344023939 -22.9550894 -43.1977536
344370712 -22.9538676 -43.1968317
344370754 -22.9522741 -43.1947116
344370755 -22.9526445 -43.1945507
344370756 -22.9528005 -43.1944892
344370757 -22.9531367 -43.1943614
344370758 -22.9532585 -43.1947841
344370759 -22.9533074 -43.1947674
344370760 -22.9531189 -43.1941122
344370761 -22.9530699 -43.1941288
344370775 -22.9539895 -43.1930522
344370776 -22.9544144 -43.1942264
344370777 -22.954835 -43.1940332
344370890 -22.9535043 -43.1925606
344370891 -22.9542127 -43.1922642
344370921 -22.9516869 -43.1931654
344370922 -22.9509157 -43.1936272
344370977 -22.9507566 -43.1860169
344370978 -22.9495643 -43.1862226
344370979 -22.9494642 -43.1862399
408443938 -22.951409 -43.1843913
408443947 -22.9512414 -43.1841405
408443951 -22.9492892 -43.1841575
408443960 -22.9494387 -43.1856864
408443975 -22.9513954 -43.1823596
416166003 -22.9507688 -43.1825199
416166005 -22.9512964 -43.1822404
416166026 -22.9510453 -43.1833286
416166028 -22.9517599 -43.1829905
416979572 -22.9515179 -43.1823762
417739523 -22.9517905 -43.1822066
418044469 -22.950545 -43.1842048
418044504 -22.9532916 -43.185387
418044506 -22.9522198 -43.1865985
476480550 -22.957402 -43.1892313
506830711 -22.9514225 -43.18443
506830732 -22.9493613 -43.18489
506847485 -22.9495665 -43.1879181
527321255 -22.9494114 -43.1854124
527338821 -22.9495871 -43.1882692
568894967 -22.9502782 -43.1919582
568894980 -22.9503793 -43.1928649
568894982 -22.9505211 -43.1927847
568895005 -22.9500316 -43.1930212
568895009 -22.9498603 -43.1933233
568895014 -22.9497037 -43.1931691
568895025 -22.9492433 -43.1932515
568895032 -22.9493777 -43.1934489
568895035 -22.9495357 -43.1935519
568895038 -22.9496859 -43.1935347
568895040 -22.9497887 -43.1934317
568895042 -22.949845 -43.1931821
568895046 -22.9495437 -43.1931157
568895048 -22.9494698 -43.1929853
568895052 -22.9493903 -43.1927692
568895054 -22.9494454 -43.1926658
568895056 -22.949996 -43.1924064
568895099 -22.9503607 -43.1922399
638029402 -22.9509087 -43.182929
638029415 -22.949482 -43.1866281
638029427 -22.9494992 -43.1870032
638029433 -22.9498629 -43.1902614
638029444 -22.9498904 -43.1903852
763665668 -22.9530453 -43.1834268
763697545 -22.9571286 -43.1929896
763698082 -22.9579369 -43.1953281
763698393 -22.953538 -43.1972048
763698687 -22.9526703 -43.1967149
763698957 -22.9521393 -43.1831492
763699047 -22.9542616 -43.1865032
763699229 -22.9526297 -43.196633
763700507 -22.9520146 -43.1828726
763700655 -22.9550218 -43.1912136
763701320 -22.9533486 -43.189868
763701618 -22.9544229 -43.1868836
763701800 -22.9538945 -43.1972973
763702492 -22.9528314 -43.1964624
763703134 -22.9523802 -43.1843461
763703670 -22.953177 -43.1852164
806195926 -22.9524933 -43.1869609
1110779093 -22.9524859 -43.1936593
1110784442 -22.9563485 -43.1920943
1110784467 -22.9567449 -43.1929692
1110784469 -22.9574671 -43.1916503
1110784471 -22.9558246 -43.1933391
1210313612 -22.954456 -43.1973443
1210313613 -22.9557437 -43.1979914
1210313614 -22.9551791 -43.1976775
1210313623 -22.9553867 -43.1978014
1210313625 -22.9513395 -43.1945385
1210313627 -22.9539525 -43.1968454
1210313629 -22.9528813 -43.1965501
1210313631 -22.9539619 -43.1968198
1210313632 -22.9545283 -43.1972573
1210313638 -22.9562766 -43.1980638
1210313639 -22.9550101 -43.1975551
1210313647 -22.953987 -43.1967933
1210313649 -22.9548089 -43.1974308
1210313653 -22.9562725 -43.1982147
1210313661 -22.9539729 -43.1969161
1210313664 -22.9539541 -43.1968837
1210535563 -22.9578765 -43.1952146
1210542114 -22.9513056 -43.1944668
1239933804 -22.955645 -43.1847806
1239933805 -22.9550984 -43.1856156
1239940009 -22.9554941 -43.1863453
1239948285 -22.9568984 -43.1826555
1241089446 -22.9556425 -43.1862881
1264984093 -22.9541067 -43.1840618
1837862346 -22.9504676 -43.19262
1837862356 -22.9504505 -43.1928237
1906560780 -22.9580841 -43.1916941
1906560781 -22.95827 -43.1912815
1906560784 -22.9581527 -43.191264
1906560788 -22.9580335 -43.191189
1956793912 -22.9495628 -43.1877532
1956796471 -22.9518075 -43.1823377
1981146794 -22.9545901 -43.1974249
1981149029 -22.9557957 -43.196708
1981149030 -22.9557791 -43.1966631
2000100491 -22.9566337 -43.1917823
2000100500 -22.9566112 -43.1917328
2000100505 -22.9558831 -43.1901312
2000100507 -22.9564445 -43.191366
2012416373 -22.9515018 -43.1824374
2012416374 -22.9523031 -43.182303
2012416379 -22.9515568 -43.1822985
2012424782 -22.9494347 -43.1856461
2038066837 -22.9573389 -43.1890521
2038070855 -22.9572241 -43.188726
2038070878 -22.9572049 -43.1886715
2217941634 -22.9582647 -43.1971475
2217941655 -22.9582286 -43.1968488
2217942279 -22.955898 -43.1981071
2217942280 -22.954548 -43.1973948
2217942281 -22.9554639 -43.1979842
2217942282 -22.955914 -43.1981943
2217942283 -22.9558904 -43.1981227
2217942284 -22.9559539 -43.1980889
2217942285 -22.9558972 -43.1981668
2217942286 -22.9552478 -43.1978641
2217944235 -22.952619 -43.1962279
2217944236 -22.9529675 -43.1963882
2217944237 -22.9527459 -43.1962886
2217944238 -22.9537663 -43.1968393
2217944239 -22.9527556 -43.1963558
2217944240 -22.9527083 -43.1967367
2217944242 -22.9536077 -43.1971841
2217944243 -22.9526564 -43.196212
2217944244 -22.9537205 -43.1969808
2217944246 -22.953007 -43.196391
2217944247 -22.9537685 -43.1968822
2217944248 -22.9528029 -43.1965083
2217944249 -22.9537298 -43.1967718
2217944250 -22.9526431 -43.1966781
2217944251 -22.9527891 -43.1961711
2217944252 -22.9525114 -43.1962972
2217944253 -22.9539227 -43.1972637
2217944254 -22.9527524 -43.196237
2217944255 -22.9528636 -43.1964363
2217946345 -22.9534632 -43.1973504
2217946349 -22.9534096 -43.1974298
2217946352 -22.9535081 -43.1971331
2217948153 -22.9520542 -43.1976305
2217948155 -22.9520423 -43.1975702
2217948157 -22.9519492 -43.198247
2217948163 -22.9520068 -43.1981192
2217948172 -22.95206 -43.1976952
2217948178 -22.9520097 -43.1974901
2217948179 -22.9519796 -43.1981945
2217949341 -22.9570501 -43.1976577
2217949342 -22.9570428 -43.1979315
2217949343 -22.9570084 -43.1980658
2283566001 -22.9550342 -43.1865296
2322537090 -22.9571371 -43.1961964
2322560059 -22.9543961 -43.1956658
2322567459 -22.9554622 -43.1962786
2322567460 -22.9555226 -43.196256
2322568810 -22.9558386 -43.1965494
2339805986 -22.9529925 -43.1887604
2339806080 -22.9529739 -43.1887018
2339806111 -22.9530169 -43.1885829
2339806132 -22.9528734 -43.1886352
2339806244 -22.9528343 -43.1886484
2339810115 -22.9514678 -43.184143
2371414030 -22.9531122 -43.1834929
2371414033 -22.9524065 -43.187108
2371414034 -22.9522364 -43.1866438
2371414035 -22.9524255 -43.1871592
2371414037 -22.9531513 -43.1835315
2371414038 -22.9525997 -43.1845859
2371414039 -22.9522923 -43.1870503
2371414042 -22.9522544 -43.1866928
2371414043 -22.952238 -43.1870642
2371414044 -22.9525702 -43.1845536
2407056903 -22.949201 -43.1822089
2427530927 -22.9580854 -43.1912303
2427530928 -22.9580909 -43.1915591
2427530929 -22.9580923 -43.191506
2427530931 -22.9578505 -43.1914966
2427530932 -22.957904 -43.1914779
2794984654 -22.9506834 -43.1822701
2854143107 -22.9513987 -43.1843608
3026245107 -22.9494629 -43.1862126
3026245108 -22.9496826 -43.1891748
3163401068 -22.9543906 -43.1927737
3163401069 -22.9543659 -43.1927093
3163401070 -22.9543456 -43.1929102
3163401071 -22.954306 -43.192926
3163401072 -22.9544687 -43.1929913
3163401073 -22.9544548 -43.1929531
3163401074 -22.9545246 -43.1928411
3264348334 -22.9520096 -43.1980993
3288725657 -22.9573641 -43.1892466
3288728762 -22.9569837 -43.1881469
3358855929 -22.9580059 -43.1914403
3358855930 -22.9579075 -43.1908964
3358855931 -22.9580871 -43.1919205
3435152293 -22.9537434 -43.1830269
3435152294 -22.9541867 -43.1827748
3435152295 -22.9549992 -43.1823265
3435152296 -22.9549024 -43.1823793
3435152298 -22.9531315 -43.183512
3715889949 -22.9579121 -43.1952004
3715892221 -22.9558049 -43.1899592
3715892222 -22.9558095 -43.1899412
3765150959 -22.9578695 -43.1850423
3839020513 -22.95743 -43.1969041
3861275695 -22.9577904 -43.1848308
4017950888 -22.9540704 -43.1841208
4017951689 -22.9547332 -43.1844693
4017951690 -22.9555517 -43.1848785
4017951691 -22.9562438 -43.1860497
4017951692 -22.9566639 -43.187268
4017951694 -22.9573191 -43.1889958
4507066554 -22.9550386 -43.1926266
4524112199 -22.9514632 -43.1845408
4619569039 -22.9519215 -43.193885
4619569077 -22.950617 -43.1930189
4619569078 -22.9518208 -43.1953774
5274523429 -22.9537165 -43.1829808
5305704475 -22.9521223 -43.1838252
5499340757 -22.9530276 -43.1856854
5499340764 -22.9531508 -43.1855462
