38658105 1437.580306081257 991.6079907141059 -22.9493022 -43.1842612 50
142764154 1153.918567420318 651.6142074176603 -22.952377 -43.1870284 50
142764156 1265.109622611496 491.82332142738 -22.9538221 -43.1859437 50
142764157 1297.287065429779 450.9218968010329 -22.954192 -43.1856298 50
142764159 1429.62564038314 384.2234936252457 -22.9547952 -43.1843388 50
142765531 965.9895903008398 953.1613150110013 -22.9496499 -43.1888617 50
142770538 1119.967726192148 977.6314022502571 -22.9494286 -43.1873596 50
142773726 1283.520163325583 976.2160515199099 -22.9494414 -43.1857641 50
142773729 1120.798045679103 966.5629172406245 -22.9495287 -43.1873515 50
142776471 880.6511986282156 943.5413530141012 -22.9497369 -43.1896942 50
142776474 641.1911590527837 880.967370327159 -22.9503028 -43.1920302 50
142776477 556.9496091702737 853.9209024607053 -22.9505474 -43.192852 50
142776483 508.8525840981189 829.8046529042122 -22.9507655 -43.1933212 50
142776486 454.2565151444287 801.5197531487927 -22.9510213 -43.1938538 50
142776489 420.6747047990596 785.0110137688827 -22.9511706 -43.1941814 50
142776490 336.638172074531 738.3818416549694 -22.9515923 -43.1950012 50
142776493 196.1706668399429 629.6209839563362 -22.9525759 -43.1963715 50
142777825 1081.742277238193 624.5456246961659 -22.9526218 -43.1877325 50
142778362 1255.566073945545 220.4408762781239 -22.9562764 -43.1860368 50
142778364 1179.197182900046 429.0834773256976 -22.9543895 -43.1867818 50
142778366 1105.114233155475 632.1199625900121 -22.9525533 -43.1875045 50
142778663 108.1465504080657 252.2641528594113 -22.9559886 -43.1972302 50
142778665 212.1312525256722 291.9382030244889 -22.9556298 -43.1962158 50
142778666 311.4620651744465 330.9488075344744 -22.955277 -43.1952468 50
142778667 554.3766438489536 424.7600231411341 -22.9544286 -43.1928771 50
142778668 756.1750316509673 501.6644319753912 -22.9537331 -43.1909085 50
142778669 871.4049248396415 547.6301584349159 -22.9533174 -43.1897844 50
142778670 991.6987418091979 588.7969613231592 -22.9529451 -43.1886109 50
142778672 1447.23661418449 765.0081272728346 -22.9513515 -43.184167 50
142778727 1069.051715209486 375.5212981183411 -22.9548739 -43.1878563 50
142778728 1130.208333193802 174.8068726466728 -22.9566891 -43.1872597 50
142779862 1473.632573169607 676.0842946565645 -22.9521557 -43.1839095 50
142788266 703.9674125778487 20.79902128208812 -22.9580819 -43.1914178 50
142788274 1355.204412330639 250.8709169841048 -22.9560012 -43.1850648 50
142789557 1622.690297290229 660.7365851728016 -22.9522945 -43.1824554 50
142790211 473.1693478925697 641.563005745179 -22.9524679 -43.1936693 50
142790212 649.8121305104277 172.6949039781449 -22.9567082 -43.1919461 50
142790213 708.1907660154415 0.5528713788330606 -22.958265 -43.1913766 50
142801698 192.4188528628383 624.2802464342698 -22.9526242 -43.1964081 50
142807318 2.408951597152054 205.3474876285611 -22.9564129 -43.1982617 50
142825288 611.1048912370427 12.26268718851679 -22.9581591 -43.1923237 50
142826984 172.8089617802991 7.994520141379439 -22.9581977 -43.1965994 50
142826986 238.7424795264094 21.66150063289888 -22.9580741 -43.1959562 50
142826988 318.0328650620579 45.39074022459567 -22.9578595 -43.1951827 50
142826990 641.9702242489396 167.8075209867004 -22.9567524 -43.1920226 50
142834579 961.3151991167314 323.0206319582173 -22.9553487 -43.1889073 50
142834580 854.849789397201 273.2400929825291 -22.9557989 -43.1899459 50
142835893 805.2868916514784 387.905617009758 -22.9547619 -43.1904294 50
142838875 782.3557226217697 511.7819782129948 -22.9536416 -43.1906531 50
142839132 777.4250599921407 520.7053222717141 -22.9535609 -43.1907012 50
142841187 1036.946028396627 147.7161750697859 -22.9569341 -43.1881695 50
142841507 1041.343646417983 138.9808072801442 -22.9570131 -43.1881266 50
142843846 741.1780266034471 909.329672075397 -22.9500463 -43.1910548 50
142845279 702.6040484826195 481.5509712037876 -22.953915 -43.1914311 50
142845543 560.1273751065957 844.8095821332602 -22.9506298 -43.192821 50
142848379 1282.341314671754 988.7551743980191 -22.949328 -43.1857756 50
142874234 1615.309679633547 746.9292331755336 -22.951515 -43.1825274 50
142875472 1646.390280660411 677.0131185735526 -22.9521473 -43.1822242 50
142875473 1643.602047322167 735.3631639244941 -22.9516196 -43.1822514 50
142878838 1442.715985868867 78.66253981931902 -22.9575586 -43.1842111 50
142879477 1368.694541272082 248.2281917921364 -22.9560251 -43.1849332 50
143977866 1530.145552544033 585.3912736278877 -22.9529759 -43.1833582 50
143985556 1436.893498605149 762.9514457424362 -22.9513701 -43.1842679 50
143985951 1465.247371441556 672.4685158371744 -22.9521884 -43.1839913 50
144849104 1207.827828897901 203.0586001190036 -22.9564336 -43.1865025 50
146144536 1525.235391630333 133.573725192252 -22.957062 -43.1834061 50
146145255 1629.66088063486 164.5124075676879 -22.9567822 -43.1823874 50
146145256 1532.698016150729 119.1880119082144 -22.9571921 -43.1833333 50
146145845 1455.56031076606 287.8358973913882 -22.9556669 -43.1840858 50
146145846 1553.56876275081 330.5286252862378 -22.9552808 -43.1831297 50
146145847 1632.982158580726 367.3940888453102 -22.9549474 -43.182355 50
148385549 219.7783924874689 601.8336684423236 -22.9528272 -43.1961412 50
148385550 237.912160039454 545.4407877735694 -22.9533372 -43.1959643 50
148385551 275.7480763946785 430.9632400147146 -22.9543725 -43.1955952 50
148385552 365.873618687388 167.60848729063 -22.9567542 -43.194716 50
148385577 397.7537866276411 73.44343400050434 -22.9576058 -43.194405 50
148386030 147.0793085540563 94.67369495817377 -22.9574138 -43.1968504 50
148386031 216.1290870893549 117.5625700530456 -22.9572068 -43.1961768 50
148386059 619.6541066912189 251.8439706115263 -22.9559924 -43.1922403 50
148386611 159.605856857291 49.9353429609738 -22.9578184 -43.1967282 50
148386613 134.3067396629394 149.529593193329 -22.9569177 -43.196975 50
148386771 175.4024288182 278.9014959049728 -22.9557477 -43.1965741 50
148387041 38.05118437149599 59.1130078538929 -22.9577354 -43.197914 50
148388114 80.10020330732709 136.5260583569016 -22.9570353 -43.1975038 50
148388115 49.15286343236812 134.4804342538478 -22.9570538 -43.1978057 50
148389010 139.9857149164616 515.8289967083176 -22.953605 -43.1969196 50
148389352 176.3250060258558 395.1261172215449 -22.9546966 -43.1965651 50
148390866 341.3535666891923 456.351093743614 -22.9541429 -43.1949552 50
148391200 378.1131429708832 356.6794415180885 -22.9550443 -43.1945966 50
148391892 260.8023256379577 684.7533178814355 -22.9520773 -43.195741 50
148396528 387.1749013174046 610.0714519912618 -22.9527527 -43.1945082 50
148396679 298.5459842731339 575.3290145277102 -22.9530669 -43.1953728 50
148399086 708.5187934663858 351.4382208438815 -22.9550917 -43.1913734 50
148399176 598.7218549440037 309.0440434940168 -22.9554751 -43.1924445 50
181358847 1327.065807508548 32.00019542231701 -22.9579806 -43.1853393 50
299615672 1469.439972306234 685.9917497704014 -22.9520661 -43.1839504 50
336095374 1474.585902951482 996.6170054088021 -22.9492569 -43.1839002 50
336097109 1462.295124378491 707.9628583759813 -22.9518674 -43.1840201 50
336097110 1451.572727058711 744.4855416799873 -22.9515371 -43.1841247 50
340409017 44.68348940558894 760.5077542465382 -22.9513922 -43.1978493 50
344022142 0 703.4071982126104 -22.9519086 -43.1982852 50
344022143 50.1164440712289 687.4845024942704 -22.9520526 -43.1977963 50
344022144 106.2911451357677 709.1902328379542 -22.9518563 -43.1972483 50
344023277 79.19812781559995 391.8531186572214 -22.9547262 -43.1975126 50
344023432 69.0497785352984 630.2401999006432 -22.9525703 -43.1976116 50
344023461 41.97726293105916 616.0756351684203 -22.9526984 -43.1978757 50
344023462 79.52615526719637 549.598380544096 -22.9532996 -43.1975094 50
344023463 115.4144086294227 520.6942648443696 -22.953561 -43.1971593 50
344023473 188.3185097195126 616.1862094439759 -22.9526974 -43.1964481 50
344023474 175.1974116608706 623.0971016830817 -22.9526349 -43.1965761 50
344023475 100.7966853242983 488.7161842767416 -22.9538502 -43.1973019 50
344023476 119.8017757931398 472.7934885584017 -22.9539942 -43.1971165 50
344023939 54.49356037665552 351.6925416784331 -22.9550894 -43.1977536 50
344370712 148.9962189747919 486.7921918776429 -22.9538676 -43.1968317 50
344370754 366.3246564339038 662.9923003996222 -22.9522741 -43.1947116 50
344370755 382.8182867279065 622.0355886351455 -22.9526445 -43.1945507 50
344370756 389.1225643110549 604.7860016069732 -22.9528005 -43.1944892 50
344370757 402.2231606544203 567.6109300752198 -22.9531367 -43.1943614 50
344370758 358.8927844857703 554.1429832804741 -22.9532585 -43.1947841 50
344370759 360.6046777478723 548.7359011929336 -22.9533074 -43.1947674 50
344370760 427.7682984379584 569.5791521851033 -22.9531189 -43.1941122 50
344370761 426.0666560328425 574.9972917006917 -22.9530699 -43.1941288 50
344370775 536.4273917383692 473.3131876548495 -22.9539895 -43.1930522 50
344370776 416.0618187627368 426.3301778581734 -22.9544144 -43.1942264 50
344370777 435.8664761456189 379.8226374475121 -22.954835 -43.1940332 50
344370890 586.8206089697431 526.9638262834242 -22.9535043 -43.1925606 50
344370891 617.2041516635138 448.6330092914753 -22.9542127 -43.1922642 50
344370921 524.8234206421383 727.9215151622994 -22.9516869 -43.1931654 50
344370922 477.4849590508629 813.1963966757394 -22.9509157 -43.1936272 50
344370977 1257.605994659243 830.7887639589781 -22.9507566 -43.1860169 50
344370978 1236.519980044194 962.6264730215607 -22.9495643 -43.1862226 50
344370979 1234.746581634958 973.6949580304899 -22.9494642 -43.1862399 50
408443938 1424.243940007647 758.6501064129136 -22.951409 -43.1843913 50
408443947 1449.953091516657 777.1823550404849 -22.9512414 -43.1841405 50
408443951 1448.210445680989 993.0454562998456 -22.9492892 -43.1841575 50
408443960 1291.48507988199 976.5146020641914 -22.9494387 -43.1856864 50
408443975 1632.510619119586 760.1539165641273 -22.9513954 -43.1823596 50
416166003 1616.078493972065 829.4397577941049 -22.9507688 -43.1825199 50
416166005 1644.729641687153 771.1007698701562 -22.9512964 -43.1822404 50
416166026 1533.179806470159 798.8659705287763 -22.9510453 -43.1833286 50
416166028 1567.837956890366 719.8495930270464 -22.9517599 -43.1829905 50
416979572 1630.808976715122 746.6085677762113 -22.9515179 -43.1823762 50
417739523 1648.194431643214 716.4660201868155 -22.9517905 -43.1822066 50
418044469 1443.361789913118 854.1862807229531 -22.950545 -43.1842048 50
418044504 1322.176148310124 550.482974750651 -22.9532916 -43.185387 50
418044506 1197.987005353919 668.996483576429 -22.9522198 -43.1865985 50
476480550 928.1024196541638 95.97847141296529 -22.957402 -43.1892313 50
506830711 1420.276858016879 757.1573536893961 -22.9514225 -43.18443 50
506830732 1373.122911867005 985.0730510131551 -22.9493613 -43.18489 50
506847485 1062.716685053423 962.3832096143537 -22.9495665 -43.1879181 50
527321255 1319.572430413933 979.5332797946667 -22.9494114 -43.1854124 50
527338821 1026.725923111554 960.1053795328442 -22.9495871 -43.1882692 50
568894967 648.5717767101178 883.6874975122977 -22.9502782 -43.1919582 50
568894980 555.6272485069017 872.5084382260545 -22.9503793 -43.1928649 50
568894982 563.8484365094814 856.8290059149216 -22.9505211 -43.1927847 50
568895005 539.605157674039 910.9551139298625 -22.9500316 -43.1930212 50
568895009 508.6373160831513 929.8964873779743 -22.9498603 -43.1933233 50
568895014 524.4441389016986 947.2124189716207 -22.9497037 -43.1931691 50
568895025 515.9974320258609 998.1208155603675 -22.9492433 -43.1932515 50
568895032 495.7622386136958 983.2596328896121 -22.9493777 -43.1934489 50
568895035 485.2038550180837 965.788897309977 -22.9495357 -43.1935519 50
568895038 486.9670025703332 949.1806410815042 -22.9496859 -43.1935347 50
568895040 497.5253861652932 937.8136055272386 -22.9497887 -43.1934317 50
568895042 523.1115273793841 931.5882737982655 -22.949845 -43.1931821 50
568895046 529.9180969978916 964.9043031034221 -22.9495437 -43.1931157 50
568895048 543.2852156450678 973.0757420865345 -22.9494698 -43.1929853 50
568895052 565.4373194773164 981.866397013954 -22.9493903 -43.1927692 50
568895054 576.0367065028294 975.7737544162808 -22.9494454 -43.1926658 50
568895056 602.6274317882903 914.8915581489263 -22.949996 -43.1924064 50
568895099 619.6951101224239 874.5651197568046 -22.9503607 -43.1922399 50
638029402 1574.142234473514 813.9704166067387 -22.9509087 -43.182929 50
638029415 1194.952751427793 971.7267359213097 -22.949482 -43.1866281 50
638029427 1156.501783600581 969.8248583769001 -22.9494992 -43.1870032 50
638029433 822.5083328540979 929.6089942610374 -22.9498629 -43.1902614 50
638029444 809.8177708247391 926.5682016758731 -22.9498904 -43.1903852 50
763665668 1523.113464053572 577.7174188858305 -22.9530453 -43.1834268 50
763697545 542.8444287574945 126.2094784228759 -22.9571286 -43.1929896 50
763698082 303.1281177358899 36.83229127563197 -22.9579369 -43.1953281 50
763698393 110.7502683042567 523.237473188127 -22.953538 -43.1972048 50
763698687 160.9692209531722 619.182772318707 -22.9526703 -43.1967149 50
763698957 1551.569845468317 677.8977127801074 -22.9521393 -43.1831492 50
763699047 1207.756072893129 443.2259272039348 -22.9542616 -43.1865032 50
763699229 169.3646735395143 623.6720879169555 -22.9526297 -43.196633 50
763700507 1579.923718304723 691.6863249752304 -22.9520146 -43.1828726 50
763700655 724.8996643250638 359.1673627240682 -22.9550218 -43.1912136 50
763701320 862.8352076695368 544.1802410288594 -22.9533486 -43.189868 50
763701618 1168.761809599353 425.3902965134891 -22.9544229 -43.1868836 50
763701800 101.2682247854384 483.817743857601 -22.9538945 -43.1972973 50
763702492 186.8526370459449 601.3692564836538 -22.9528314 -43.1964624 50
763703134 1428.877327759899 651.260369734546 -22.9523802 -43.1843461 50
763703670 1339.664111816555 563.15478676006 -22.953177 -43.1852164 50
806195926 1160.837896474151 638.7544191391738 -22.9524933 -43.1869609 50
1110779093 474.1944336785641 639.5726687806064 -22.9524859 -43.1936593 50
1110784442 634.6203591651724 212.4684709914335 -22.9563485 -43.1920943 50
1110784467 544.9356037600363 168.6368280554775 -22.9567449 -43.1929692 50
1110784469 680.1341680570648 88.78008605727427 -22.9574671 -43.1916503 50
1110784471 507.0176805417497 270.3983340941385 -22.9558246 -43.1933391 50
1210313612 96.45032159178641 421.730287983666 -22.954456 -43.1973443 50
1210313613 30.11702038930775 279.3437930082503 -22.9557437 -43.1979914 50
1210313614 62.29446320693842 341.7740291376033 -22.9551791 -43.1976775 50
1210313623 49.59365031994139 318.8188094765541 -22.9553867 -43.1978014 50
1210313625 384.0688913858546 766.335018582667 -22.9513395 -43.1945385 50
1210313627 147.5918514477055 477.4044358602538 -22.9539525 -43.1968454 50
1210313629 177.8626347035433 595.8516001205577 -22.9528813 -43.1965501 50
1210313631 150.2160710598253 476.3650376673584 -22.9539619 -43.1968198 50
1210313632 105.3685679287642 413.7357678419348 -22.9545283 -43.1972573 50
1210313638 22.6953992994645 220.4187614230831 -22.9562766 -43.1980638 50
1210313639 74.84151322610182 360.4610817508119 -22.9550101 -43.1975551 50
1210313647 152.9325483919931 473.5896233440901 -22.953987 -43.1967933 50
1210313649 87.58332954365187 382.7086260463359 -22.9548089 -43.1974308 50
1210313653 7.226854790804055 220.8721159537051 -22.9562725 -43.1982147 50
1210313661 140.3444949416248 475.1487206334333 -22.9539729 -43.1969161 50
1210313664 143.6657728874904 477.2275170188725 -22.9539541 -43.1968837 50
1210535563 314.7628414050355 43.5109775355786 -22.9578765 -43.1952146 50
1210542114 391.4187564709262 770.0834865326533 -22.9513056 -43.1944668 50
1239933804 1384.337350363853 290.2574740315422 -22.955645 -43.1847806 50
1239933805 1298.742687246361 350.697373195971 -22.9550984 -43.1856156 50
1239940009 1223.942177452116 306.9431322535369 -22.9554941 -43.1863453 50
1239948285 1602.178330715963 151.6636767168976 -22.9568984 -43.1826555 50
1241089446 1229.805668147691 290.5339097214862 -22.9556425 -43.1862881 50
1264984093 1458.020516652055 460.3538825285036 -22.9541067 -43.1840618 50
1837862346 580.7315994028664 862.7447296715652 -22.9504676 -43.19262 50
1837862356 559.8506019451465 864.6355497882786 -22.9504505 -43.1928237 50
1906560780 675.644292314357 20.55575787488101 -22.9580841 -43.1916941 50
1906560781 717.9393318380704 0 -22.95827 -43.1912815 50
1906560784 719.7332319645387 12.97036255369039 -22.9581527 -43.191264 50
1906560788 727.4213753575407 26.15081623185074 -22.9580335 -43.191189 50
1956793912 1079.62034966078 962.7923344352458 -22.9495628 -43.1877532 50
1956796471 1634.755556991266 714.5862574977984 -22.9518075 -43.1823377 50
1981146794 88.18813015800151 406.9022775959993 -22.9545901 -43.1974249 50
1981149029 161.6765301452083 273.5939306656434 -22.9557957 -43.196708 50
1981149030 166.279165323893 275.4294636442272 -22.9557791 -43.1966631 50
2000100491 666.6030356831121 180.9326875263797 -22.9566337 -43.1917823 50
2000100500 671.6772103242409 183.420608732711 -22.9566112 -43.1917328 50
2000100505 835.8549497846936 263.9297389583101 -22.9558831 -43.1901312 50
2000100507 709.2773569479174 201.8533405124231 -22.9564445 -43.191366 50
2012416373 1624.535451706192 748.3888136170174 -22.9515018 -43.1824374 50
2012416374 1638.312604668027 659.7856464007727 -22.9523031 -43.182303 50
2012416379 1638.773893270877 742.3072284463369 -22.9515568 -43.1822985 50
2012424782 1295.616175598882 976.9568991674688 -22.9494347 -43.1856461 50
2038066837 946.471956937045 102.9557082171934 -22.9573389 -43.1890521 50
2038070855 979.900004413276 115.6496350819949 -22.9572241 -43.188726 50
2038070878 985.486721947402 117.7726611775156 -22.9572049 -43.1886715 50
2217941634 116.6240098568178 0.5860436615699882 -22.9582647 -43.1971475 50
2217941655 147.2433222808327 4.577775018763305 -22.9582286 -43.1968488 50
2217942279 18.25677784690424 262.2821822488038 -22.955898 -43.1981071 50
2217942280 91.27363837362304 411.5574546082846 -22.954548 -43.1973948 50
2217942281 30.85508215491063 310.2824753829827 -22.9554639 -43.1979842 50
2217942282 9.318029794650101 260.512993835694 -22.955914 -43.1981943 50
2217942283 16.65764402077912 263.1225467449254 -22.9558904 -43.1981227 50
2217942284 20.12243397618818 256.1010802302641 -22.9559539 -43.1980889 50
2217942285 12.13701570450462 262.3706416696704 -22.9558972 -43.1981668 50
2217942286 43.16636244317783 334.1775763887164 -22.9552478 -43.1978641 50
2217944235 210.89089872471 624.855232668847 -22.952619 -43.1962279 50
2217944236 194.4587735771888 586.3200975445242 -22.9529675 -43.1963882 50
2217944237 204.6686280033198 610.823357066517 -22.9527459 -43.1962886 50
2217944238 148.2171537773318 497.9933660178719 -22.9537663 -43.1968393 50
2217944239 197.7800515230542 609.7507865915879 -22.9527556 -43.1963558 50
2217944240 158.7345339397825 614.9809498377471 -22.9527083 -43.1967367 50
2217944242 112.8721958810172 515.5304461636845 -22.9536077 -43.1971841 50
2217944243 212.5207851237501 620.7197547526576 -22.9526564 -43.196212 50
2217944244 133.7121899075321 503.0576678506976 -22.9537205 -43.1969808 50
2217944246 194.1717495574494 581.9524136495274 -22.953007 -43.196391 50
2217944247 143.8195357559764 497.7501026113682 -22.9537685 -43.1968822 50
2217944248 182.1474932895737 604.5206233450771 -22.9528029 -43.1965083 50
2217944249 155.136482831816 502.0293270854984 -22.9537298 -43.1967718 50
2217944250 164.7415366455534 622.190392621486 -22.9526431 -43.1966781 50
2217944251 216.713385987124 606.0465483513315 -22.9527891 -43.1961711 50
2217944252 203.787054228173 636.7530247469049 -22.9525114 -43.1962972 50
2217944253 104.7125130255711 480.699549279618 -22.9539227 -43.1972637 50
2217944254 209.958070658764 610.1046242739989 -22.9527524 -43.196237 50
2217944255 189.5281109462558 597.8087648023934 -22.9528636 -43.1964363 50
2217946345 95.82501926216014 531.5084290198022 -22.9534632 -43.1973504 50
2217946349 87.68583812264251 537.4352102034386 -22.9534096 -43.1974298 50
2217946352 118.1001333886759 526.5436440351875 -22.9535081 -43.1971331 50
2217948153 67.11236639993854 687.3075836525375 -22.9520542 -43.1976305 50
2217948155 73.29363368881991 688.6234175350253 -22.9520423 -43.1975702 50
2217948157 3.915827701924854 698.9178826136584 -22.9519492 -43.198247 50
2217948163 17.01642404594236 692.5488043263929 -22.9520068 -43.1981192 50
2217948172 60.48006136584581 686.6662528528379 -22.95206 -43.1976952 50
2217948178 81.50457083376136 692.2281389267189 -22.9520097 -43.1974901 50
2217948179 9.297528078721598 695.5564246288202 -22.9519796 -43.1981945 50
2217949341 64.32413306299873 134.8895590743881 -22.9570501 -43.1976577 50
2217949342 36.25728424633189 135.6967512884762 -22.9570428 -43.1979315 50
2217949343 22.49038214213533 139.5005063765919 -22.9570084 -43.1980658 50
2283566001 1205.049846418599 357.7962417038026 -22.9550342 -43.1865296 50
2322537090 214.1199189492231 125.2695970781915 -22.9571371 -43.1961964 50
2322560059 268.5109707468882 428.3536871054832 -22.9543961 -43.1956658 50
2322567459 205.6937137906182 310.4704516520602 -22.9554622 -43.1962786 50
2322567460 208.0104076664179 303.7917653924652 -22.9555226 -43.196256 50
2322568810 177.9343907089672 268.8502942328432 -22.9558386 -43.1965494 50
2339805986 976.3737093107331 583.5557406493039 -22.9529925 -43.1887604 50
2339806080 982.3807120158519 585.6124221793506 -22.9529739 -43.1887018 50
2339806111 994.5689820091998 580.8577283188542 -22.9530169 -43.1885829 50
2339806132 989.2077833489838 596.7251368994164 -22.9528734 -43.1886352 50
2339806244 987.8546701120449 601.0485910839798 -22.9528343 -43.1886484 50
2339810115 1449.696820070485 752.1483389946999 -22.9514678 -43.184143 50
2371414030 1516.337647009284 570.3199998333657 -22.9531122 -43.1834929 50
2371414033 1145.758884564872 648.3522662806813 -22.9524065 -43.187108 50
2371414034 1193.343366744682 667.1609505978452 -22.9522364 -43.1866438 50
2371414035 1140.510445340633 646.2513550398496 -22.9524255 -43.1871592 50
2371414037 1512.380815875502 565.9965456491539 -22.9531513 -43.1835315 50
2371414038 1404.295770614569 626.9893161920639 -22.9525997 -43.1845859 50
2371414039 1151.673629548638 660.9798485793053 -22.9522923 -43.1870503 50
2371414042 1188.320446393048 665.1706136332724 -22.9522544 -43.1866928 50
2371414043 1150.248760306928 666.984031756112 -22.952238 -43.1870642 50
2371414044 1407.606797703449 630.2512573283395 -22.9525702 -43.1845536 50
2407056903 1647.95866191297 1002.798107427342 -22.949201 -43.1822089 50
2427530927 723.1877710623097 20.41201131623677 -22.9580854 -43.1912303 50
2427530928 689.4829504233255 19.80385279962593 -22.9580909 -43.1915591 50
2427530929 694.9261559466038 19.64904881328539 -22.9580923 -43.191506 50
2427530931 695.8897365854646 46.38590870705787 -22.9578505 -43.1914966 50
2427530932 697.8066470048959 40.47018495041425 -22.957904 -43.1914779 50
2794984654 1641.68513690404 838.882800949272 -22.9506834 -43.1822701 50
2854143107 1427.370451654474 759.78902145402 -22.9513987 -43.1843608 50
3026245107 1237.54506583084 973.8387045894859 -22.9494629 -43.1862126 50
3026245108 933.894154344315 949.5455361916114 -22.9496826 -43.1891748 50
3163401068 564.9760308744666 428.9618456227975 -22.9543906 -43.1927737 50
3163401069 571.5775833349926 431.6930302356324 -22.9543659 -43.1927093 50
3163401070 550.9836098970121 433.9376880347567 -22.9543456 -43.1929102 50
3163401071 549.3639743556104 438.3164293574496 -22.954306 -43.192926 50
3163401072 542.6701641730799 420.3259946806634 -22.9544687 -43.1929913 50
3163401073 546.5859918756569 421.8629771149657 -22.9544548 -43.1929531 50
3163401074 558.0669526776206 414.1448926628269 -22.9545246 -43.1928411 50
3264348334 19.05634475898864 692.2391963544151 -22.9520096 -43.1980993 50
3288725657 926.5340384029096 100.1692364669324 -22.9573641 -43.1892466 50
3288728762 1039.262722272427 142.2316909894269 -22.9569837 -43.1881469 50
3358855929 701.6609695603393 29.20266624435965 -22.9580059 -43.1914403 50
3358855930 757.4153854519293 40.08317498526628 -22.9579075 -43.1908964 50
3358855931 652.4363501225473 20.22403504751094 -22.9580871 -43.1919205 50
3435152293 1564.10664462919 500.5255169346364 -22.9537434 -43.1830269 50
3435152294 1589.94905729141 451.5079404626028 -22.9541867 -43.1827748 50
3435152295 1635.903653070875 361.666341357744 -22.9549992 -43.1823265 50
3435152296 1630.491200121816 372.3699312569177 -22.9549024 -43.1823793 50
3435152298 1514.379733157343 568.185916309797 -22.9531315 -43.183512 50
3715889949 316.218463220313 39.57453331616318 -22.9579121 -43.1952004 50
3715892221 853.486425302624 272.5766473277887 -22.9558049 -43.1899592 50
3715892222 855.3315797166314 272.0680056590372 -22.9558095 -43.1899412 50
3765150959 1357.510855349453 44.28499746622629 -22.9578695 -43.1850423 50
3839020513 141.5745978849486 92.88239169002316 -22.95743 -43.1969041 50
3861275695 1379.191419719909 53.03142268391593 -22.9577904 -43.1848308 50
4017950888 1451.97251051508 464.3677287407377 -22.9540704 -43.1841208 50
4017951689 1416.248270878325 391.0790987258704 -22.9547332 -43.1844693 50
4017951690 1374.301760520833 300.5740539659196 -22.9555517 -43.1848785 50
4017951691 1254.243713282173 224.0455976701692 -22.9562438 -43.1860497 50
4017951692 1129.357511990918 177.5933443976372 -22.9566639 -43.187268 50
4017951694 952.2431899112676 105.1450788788916 -22.9573191 -43.1889958 50
4507066554 580.055042784397 357.3097148900919 -22.9550386 -43.1926266 50
4524112199 1408.918907508531 752.6569806634513 -22.9514632 -43.1845408 50
4619569039 451.0582474915262 701.9807900542153 -22.9519215 -43.193885 50
4619569077 539.8409274049351 846.2249328636074 -22.950617 -43.1930189 50
4619569078 298.0744448106896 713.1156196296736 -22.9518208 -43.1953774 50
5274523429 1568.832290102142 503.4999649539751 -22.9537165 -43.1829808 50
5305704475 1482.274046344484 679.7774754691245 -22.9521223 -43.1838252 50
5499340757 1291.587588460328 579.6745835680179 -22.9530276 -43.1856854 50
5499340764 1305.856782599884 566.05183278658 -22.9531508 -43.1855462 50
