38658105 1437.580306081257 991.6079907141059 -22.9493022 -43.1842612 50
336095374 1474.585902951482 996.6170054088021 -22.9492569 -43.1839002 50
418044469 1443.361789913118 854.1862807229531 -22.950545 -43.1842048 50
408443947 1449.953091516657 777.1823550404849 -22.9512414 -43.1841405 50
142778672 1447.23661418449 765.0081272728346 -22.9513515 -43.184167 50
418044506 1197.987005353919 668.996483576429 -22.9522198 -43.1865985 50
142764154 1153.918567420318 651.6142074176603 -22.952377 -43.1870284 50
142764156 1265.109622611496 491.82332142738 -22.9538221 -43.1859437 50
142764157 1297.287065429779 450.9218968010329 -22.954192 -43.1856298 50
4017951689 1416.248270878325 391.0790987258704 -22.9547332 -43.1844693 50
142764159 1429.62564038314 384.2234936252457 -22.9547952 -43.1843388 50
1239933804 1384.337350363853 290.2574740315422 -22.955645 -43.1847806 50
142788274 1355.204412330639 250.8709169841048 -22.9560012 -43.1850648 50
142778362 1255.566073945545 220.4408762781239 -22.9562764 -43.1860368 50
144849104 1207.827828897901 203.0586001190036 -22.9564336 -43.1865025 50
142778728 1130.208333193802 174.8068726466728 -22.9566891 -43.1872597 50
142841507 1041.343646417983 138.9808072801442 -22.9570131 -43.1881266 50
2038070878 985.486721947402 117.7726611775156 -22.9572049 -43.1886715 50
476480550 928.1024196541638 95.97847141296529 -22.957402 -43.1892313 50
3715892222 855.3315797166314 272.0680056590372 -22.9558095 -43.1899412 50
142834580 854.849789397201 273.2400929825291 -22.9557989 -43.1899459 50
142834579 961.3151991167314 323.0206319582173 -22.9553487 -43.1889073 50
142778727 1069.051715209486 375.5212981183411 -22.9548739 -43.1878563 50
763701618 1168.761809599353 425.3902965134891 -22.9544229 -43.1868836 50
142778364 1179.197182900046 429.0834773256976 -22.9543895 -43.1867818 50
142778366 1105.114233155475 632.1199625900121 -22.9525533 -43.1875045 50
142777825 1081.742277238193 624.5456246961659 -22.9526218 -43.1877325 50
142765531 965.9895903008398 953.1613150110013 -22.9496499 -43.1888617 50
527338821 1026.725923111554 960.1053795328442 -22.9495871 -43.1882692 50
1956793912 1079.62034966078 962.7923344352458 -22.9495628 -43.1877532 50
142773729 1120.798045679103 966.5629172406245 -22.9495287 -43.1873515 50
142770538 1119.967726192148 977.6314022502571 -22.9494286 -43.1873596 50
638029415 1194.952751427793 971.7267359213097 -22.949482 -43.1866281 50
344370979 1234.746581634958 973.6949580304899 -22.9494642 -43.1862399 50
344370977 1257.605994659243 830.7887639589781 -22.9507566 -43.1860169 50
142773726 1283.520163325583 976.2160515199099 -22.9494414 -43.1857641 50
142848379 1282.341314671754 988.7551743980191 -22.949328 -43.1857756 50
506830732 1373.122911867005 985.0730510131551 -22.9493613 -43.18489 50
2371414043 1150.248760306928 666.984031756112 -22.952238 -43.1870642 50
142776471 880.6511986282156 943.5413530141012 -22.9497369 -43.1896942 50
638029433 822.5083328540979 929.6089942610374 -22.9498629 -43.1902614 50
142843846 741.1780266034471 909.329672075397 -22.9500463 -43.1910548 50
142778669 871.4049248396415 547.6301584349159 -22.9533174 -43.1897844 50
763701320 862.8352076695368 544.1802410288594 -22.9533486 -43.189868 50
142838875 782.3557226217697 511.7819782129948 -22.9536416 -43.1906531 50
142778668 756.1750316509673 501.6644319753912 -22.9537331 -43.1909085 50
142835893 805.2868916514784 387.905617009758 -22.9547619 -43.1904294 50
763700655 724.8996643250638 359.1673627240682 -22.9550218 -43.1912136 50
148399176 598.7218549440037 309.0440434940168 -22.9554751 -43.1924445 50
148386059 619.6541066912189 251.8439706115263 -22.9559924 -43.1922403 50
148385552 365.873618687388 167.60848729063 -22.9567542 -43.194716 50
142778666 311.4620651744465 330.9488075344744 -22.955277 -43.1952468 50
142778665 212.1312525256722 291.9382030244889 -22.9556298 -43.1962158 50
148386771 175.4024288182 278.9014959049728 -22.9557477 -43.1965741 50
142778663 108.1465504080657 252.2641528594113 -22.9559886 -43.1972302 50
148386613 134.3067396629394 149.529593193329 -22.9569177 -43.196975 50
148386030 147.0793085540563 94.67369495817377 -22.9574138 -43.1968504 50
148386031 216.1290870893549 117.5625700530456 -22.9572068 -43.1961768 50
142826986 238.7424795264094 21.66150063289888 -22.9580741 -43.1959562 50
142826984 172.8089617802991 7.994520141379439 -22.9581977 -43.1965994 50
148386611 159.605856857291 49.9353429609738 -22.9578184 -43.1967282 50
2217941634 116.6240098568178 0.5860436615699882 -22.9582647 -43.1971475 50
763698082 303.1281177358899 36.83229127563197 -22.9579369 -43.1953281 50
1210535563 314.7628414050355 43.5109775355786 -22.9578765 -43.1952146 50
148385577 397.7537866276411 73.44343400050434 -22.9576058 -43.194405 50
763697545 542.8444287574945 126.2094784228759 -22.9571286 -43.1929896 50
142826990 641.9702242489396 167.8075209867004 -22.9567524 -43.1920226 50
142790212 649.8121305104277 172.6949039781449 -22.9567082 -43.1919461 50
1110784442 634.6203591651724 212.4684709914335 -22.9563485 -43.1920943 50
1110784467 544.9356037600363 168.6368280554775 -22.9567449 -43.1929692 50
1110784469 680.1341680570648 88.78008605727427 -22.9574671 -43.1916503 50
2427530931 695.8897365854646 46.38590870705787 -22.9578505 -43.1914966 50
142788266 703.9674125778487 20.79902128208812 -22.9580819 -43.1914178 50
142790213 708.1907660154415 0.5528713788330606 -22.958265 -43.1913766 50
1906560788 727.4213753575407 26.15081623185074 -22.9580335 -43.191189 50
1906560781 717.9393318380704 0 -22.95827 -43.1912815 50
3358855931 652.4363501225473 20.22403504751094 -22.9580871 -43.1919205 50
142825288 611.1048912370427 12.26268718851679 -22.9581591 -43.1923237 50
2000100507 709.2773569479174 201.8533405124231 -22.9564445 -43.191366 50
2000100505 835.8549497846936 263.9297389583101 -22.9558831 -43.1901312 50
3715889949 316.218463220313 39.57453331616318 -22.9579121 -43.1952004 50
2322568810 177.9343907089672 268.8502942328432 -22.9558386 -43.1965494 50
148387041 38.05118437149599 59.1130078538929 -22.9577354 -43.197914 50
148388114 80.10020330732709 136.5260583569016 -22.9570353 -43.1975038 50
2217949342 36.25728424633189 135.6967512884762 -22.9570428 -43.1979315 50
2217949343 22.49038214213533 139.5005063765919 -22.9570084 -43.1980658 50
1210313638 22.6953992994645 220.4187614230831 -22.9562766 -43.1980638 50
2217942284 20.12243397618818 256.1010802302641 -22.9559539 -43.1980889 50
1210313623 49.59365031994139 318.8188094765541 -22.9553867 -43.1978014 50
1210313614 62.29446320693842 341.7740291376033 -22.9551791 -43.1976775 50
344023939 54.49356037665552 351.6925416784331 -22.9550894 -43.1977536 50
344023277 79.19812781559995 391.8531186572214 -22.9547262 -43.1975126 50
1210313649 87.58332954365187 382.7086260463359 -22.9548089 -43.1974308 50
1210313661 140.3444949416248 475.1487206334333 -22.9539729 -43.1969161 50
1210313647 152.9325483919931 473.5896233440901 -22.953987 -43.1967933 50
148389352 176.3250060258558 395.1261172215449 -22.9546966 -43.1965651 50
2322560059 268.5109707468882 428.3536871054832 -22.9543961 -43.1956658 50
148385551 275.7480763946785 430.9632400147146 -22.9543725 -43.1955952 50
148385550 237.912160039454 545.4407877735694 -22.9533372 -43.1959643 50
148385549 219.7783924874689 601.8336684423236 -22.9528272 -43.1961412 50
2217944252 203.787054228173 636.7530247469049 -22.9525114 -43.1962972 50
142776493 196.1706668399429 629.6209839563362 -22.9525759 -43.1963715 50
344023473 188.3185097195126 616.1862094439759 -22.9526974 -43.1964481 50
2217944240 158.7345339397825 614.9809498377471 -22.9527083 -43.1967367 50
2217944248 182.1474932895737 604.5206233450771 -22.9528029 -43.1965083 50
2217944249 155.136482831816 502.0293270854984 -22.9537298 -43.1967718 50
2217944247 143.8195357559764 497.7501026113682 -22.9537685 -43.1968822 50
2217944244 133.7121899075321 503.0576678506976 -22.9537205 -43.1969808 50
148389010 139.9857149164616 515.8289967083176 -22.953605 -43.1969196 50
1210313629 177.8626347035433 595.8516001205577 -22.9528813 -43.1965501 50
2217946352 118.1001333886759 526.5436440351875 -22.9535081 -43.1971331 50
344023463 115.4144086294227 520.6942648443696 -22.953561 -43.1971593 50
344023462 79.52615526719637 549.598380544096 -22.9532996 -43.1975094 50
344023461 41.97726293105916 616.0756351684203 -22.9526984 -43.1978757 50
344023432 69.0497785352984 630.2401999006432 -22.9525703 -43.1976116 50
2217944242 112.8721958810172 515.5304461636845 -22.9536077 -43.1971841 50
344023476 119.8017757931398 472.7934885584017 -22.9539942 -43.1971165 50
1210313612 96.45032159178641 421.730287983666 -22.954456 -43.1973443 50
344022144 106.2911451357677 709.1902328379542 -22.9518563 -43.1972483 50
340409017 44.68348940558894 760.5077542465382 -22.9513922 -43.1978493 50
2217948153 67.11236639993854 687.3075836525375 -22.9520542 -43.1976305 50
3264348334 19.05634475898864 692.2391963544151 -22.9520096 -43.1980993 50
344022142 0 703.4071982126104 -22.9519086 -43.1982852 50
148391892 260.8023256379577 684.7533178814355 -22.9520773 -43.195741 50
148396679 298.5459842731339 575.3290145277102 -22.9530669 -43.1953728 50
148390866 341.3535666891923 456.351093743614 -22.9541429 -43.1949552 50
148391200 378.1131429708832 356.6794415180885 -22.9550443 -43.1945966 50
344370777 435.8664761456189 379.8226374475121 -22.954835 -43.1940332 50
344370776 416.0618187627368 426.3301778581734 -22.9544144 -43.1942264 50
344370775 536.4273917383692 473.3131876548495 -22.9539895 -43.1930522 50
1110779093 474.1944336785641 639.5726687806064 -22.9524859 -43.1936593 50
142790211 473.1693478925697 641.563005745179 -22.9524679 -43.1936693 50
148396528 387.1749013174046 610.0714519912618 -22.9527527 -43.1945082 50
344370754 366.3246564339038 662.9923003996222 -22.9522741 -43.1947116 50
344370757 402.2231606544203 567.6109300752198 -22.9531367 -43.1943614 50
344370758 358.8927844857703 554.1429832804741 -22.9532585 -43.1947841 50
344370760 427.7682984379584 569.5791521851033 -22.9531189 -43.1941122 50
4619569039 451.0582474915262 701.9807900542153 -22.9519215 -43.193885 50
142776489 420.6747047990596 785.0110137688827 -22.9511706 -43.1941814 50
344370922 477.4849590508629 813.1963966757394 -22.9509157 -43.1936272 50
4619569077 539.8409274049351 846.2249328636074 -22.950617 -43.1930189 50
142776477 556.9496091702737 853.9209024607053 -22.9505474 -43.192852 50
142845279 702.6040484826195 481.5509712037876 -22.953915 -43.1914311 50
344370891 617.2041516635138 448.6330092914753 -22.9542127 -43.1922642 50
344370890 586.8206089697431 526.9638262834242 -22.9535043 -43.1925606 50
3163401069 571.5775833349926 431.6930302356324 -22.9543659 -43.1927093 50
142778667 554.3766438489536 424.7600231411341 -22.9544286 -43.1928771 50
4507066554 580.055042784397 357.3097148900919 -22.9550386 -43.1926266 50
568894982 563.8484365094814 856.8290059149216 -22.9505211 -43.1927847 50
568895099 619.6951101224239 874.5651197568046 -22.9503607 -43.1922399 50
142776474 641.1911590527837 880.967370327159 -22.9503028 -43.1920302 50
142839132 777.4250599921407 520.7053222717141 -22.9535609 -43.1907012 50
568895056 602.6274317882903 914.8915581489263 -22.949996 -43.1924064 50
568894980 555.6272485069017 872.5084382260545 -22.9503793 -43.1928649 50
568895005 539.605157674039 910.9551139298625 -22.9500316 -43.1930212 50
568895009 508.6373160831513 929.8964873779743 -22.9498603 -43.1933233 50
568895032 495.7622386136958 983.2596328896121 -22.9493777 -43.1934489 50
568895025 515.9974320258609 998.1208155603675 -22.9492433 -43.1932515 50
568895014 524.4441389016986 947.2124189716207 -22.9497037 -43.1931691 50
568895052 565.4373194773164 981.866397013954 -22.9493903 -43.1927692 50
344370921 524.8234206421383 727.9215151622994 -22.9516869 -43.1931654 50
142776490 336.638172074531 738.3818416549694 -22.9515923 -43.1950012 50
4619569078 298.0744448106896 713.1156196296736 -22.9518208 -43.1953774 50
2322567459 205.6937137906182 310.4704516520602 -22.9554622 -43.1962786 50
2217942281 30.85508215491063 310.2824753829827 -22.9554639 -43.1979842 50
2217942282 9.318029794650101 260.512993835694 -22.955914 -43.1981943 50
1110784471 507.0176805417497 270.3983340941385 -22.9558246 -43.1933391 50
2339805986 976.3737093107331 583.5557406493039 -22.9529925 -43.1887604 50
142778670 991.6987418091979 588.7969613231592 -22.9529451 -43.1886109 50
2371414033 1145.758884564872 648.3522662806813 -22.9524065 -43.187108 50
763699047 1207.756072893129 443.2259272039348 -22.9542616 -43.1865032 50
1239933805 1298.742687246361 350.697373195971 -22.9550984 -43.1856156 50
1239940009 1223.942177452116 306.9431322535369 -22.9554941 -43.1863453 50
4017951691 1254.243713282173 224.0455976701692 -22.9562438 -43.1860497 50
2283566001 1205.049846418599 357.7962417038026 -22.9550342 -43.1865296 50
4017951690 1374.301760520833 300.5740539659196 -22.9555517 -43.1848785 50
4017951692 1129.357511990918 177.5933443976372 -22.9566639 -43.187268 50
142841187 1036.946028396627 147.7161750697859 -22.9569341 -43.1881695 50
142878838 1442.715985868867 78.66253981931902 -22.9575586 -43.1842111 50
146145256 1532.698016150729 119.1880119082144 -22.9571921 -43.1833333 50
146145845 1455.56031076606 287.8358973913882 -22.9556669 -43.1840858 50
142879477 1368.694541272082 248.2281917921364 -22.9560251 -43.1849332 50
146145846 1553.56876275081 330.5286252862378 -22.9552808 -43.1831297 50
146145255 1629.66088063486 164.5124075676879 -22.9567822 -43.1823874 50
146145847 1632.982158580726 367.3940888453102 -22.9549474 -43.182355 50
3435152295 1635.903653070875 361.666341357744 -22.9549992 -43.1823265 50
3435152294 1589.94905729141 451.5079404626028 -22.9541867 -43.1827748 50
3435152293 1564.10664462919 500.5255169346364 -22.9537434 -43.1830269 50
5274523429 1568.832290102142 503.4999649539751 -22.9537165 -43.1829808 50
3861275695 1379.191419719909 53.03142268391593 -22.9577904 -43.1848308 50
181358847 1327.065807508548 32.00019542231701 -22.9579806 -43.1853393 50
1264984093 1458.020516652055 460.3538825285036 -22.9541067 -43.1840618 50
2371414037 1512.380815875502 565.9965456491539 -22.9531513 -43.1835315 50
142789557 1622.690297290229 660.7365851728016 -22.9522945 -43.1824554 50
417739523 1648.194431643214 716.4660201868155 -22.9517905 -43.1822066 50
142874234 1615.309679633547 746.9292331755336 -22.951515 -43.1825274 50
416166005 1644.729641687153 771.1007698701562 -22.9512964 -43.1822404 50
416166028 1567.837956890366 719.8495930270464 -22.9517599 -43.1829905 50
5305704475 1482.274046344484 679.7774754691245 -22.9521223 -43.1838252 50
142779862 1473.632573169607 676.0842946565645 -22.9521557 -43.1839095 50
763703134 1428.877327759899 651.260369734546 -22.9523802 -43.1843461 50
763703670 1339.664111816555 563.15478676006 -22.953177 -43.1852164 50
418044504 1322.176148310124 550.482974750651 -22.9532916 -43.185387 50
4017950888 1451.97251051508 464.3677287407377 -22.9540704 -43.1841208 50
336097110 1451.572727058711 744.4855416799873 -22.9515371 -43.1841247 50
763700507 1579.923718304723 691.6863249752304 -22.9520146 -43.1828726 50
763698957 1551.569845468317 677.8977127801074 -22.9521393 -43.1831492 50
2012416374 1638.312604668027 659.7856464007727 -22.9523031 -43.182303 50
416166026 1533.179806470159 798.8659705287763 -22.9510453 -43.1833286 50
638029402 1574.142234473514 813.9704166067387 -22.9509087 -43.182929 50
416166003 1616.078493972065 829.4397577941049 -22.9507688 -43.1825199 50
2794984654 1641.68513690404 838.882800949272 -22.9506834 -43.1822701 50
2407056903 1647.95866191297 1002.798107427342 -22.949201 -43.1822089 50
