38658105 336095374
38658105 418044469
38658105 506830732
418044469 408443947
408443947 142778672
142778672 418044506
142778672 336097110
142778672 416166026
418044506 142764154
418044506 418044504
142764154 142764156
142764154 2371414043
142764154 2371414033
142764156 142764157
142764156 763699047
142764156 418044504
142764157 4017951689
4017951689 142764159
142764159 1239933804
142764159 1264984093
1239933804 142788274
1239933804 4017951690
142788274 142778362
142788274 142878838
142788274 142879477
142778362 144849104
142778362 4017951691
144849104 142778728
142778728 142841507
142778728 4017951692
142841507 2038070878
142841507 142841187
2038070878 476480550
476480550 3715892222
476480550 1906560788
3715892222 142834580
142834580 142834579
142834580 142835893
142834580 2000100505
142834579 142778727
142834579 763701320
142834579 142841187
142778727 763701618
142778727 142778670
142778727 4017951692
763701618 142778364
142778364 142778366
142778364 763699047
142778364 2283566001
142778366 142777825
142778366 2371414033
142777825 142765531
142777825 142778670
142765531 527338821
142765531 142776471
527338821 1956793912
1956793912 142773729
1956793912 2371414043
142773729 142770538
142773729 638029415
638029415 344370979
344370979 344370977
344370979 142773726
142773726 142848379
142773726 506830732
142776471 638029433
142776471 142778670
638029433 142843846
142843846 142778669
142843846 142776474
142778669 763701320
142778669 2339805986
763701320 142838875
142838875 142778668
142838875 142839132
142778668 142835893
142778668 142845279
142835893 763700655
763700655 148399176
148399176 148386059
148399176 4507066554
148399176 1110784471
148386059 148385552
148386059 1110784442
148385552 142778666
148385552 148386031
148385552 148385577
142778666 142778665
142778666 148385551
142778666 148391200
142778665 148386771
142778665 2322567459
148386771 142778663
148386771 2322568810
142778663 148386613
142778663 1210313638
148386613 148386030
148386613 148388114
148386030 148386031
148386030 148386611
148386030 148387041
148386031 142826986
148386031 2322568810
142826986 142826984
142826986 763698082
142826984 148386611
142826984 2217941634
763698082 1210535563
1210535563 148385577
1210535563 3715889949
148385577 763697545
763697545 142826990
142826990 142790212
142790212 1110784442
142790212 1110784469
142790212 2000100507
1110784442 1110784467
1110784469 2427530931
2427530931 142788266
142788266 142790213
142788266 1906560788
142788266 3358855931
1906560788 1906560781
3358855931 142825288
2000100507 2000100505
148388114 2217949342
2217949342 2217949343
1210313638 2217942284
2217942284 1210313623
2217942284 2217942282
1210313623 1210313614
1210313614 344023939
1210313614 1210313649
344023939 344023277
344023939 2217942281
344023277 1210313649
344023277 1210313612
1210313649 1210313661
1210313661 1210313647
1210313647 148389352
1210313647 2217944247
148389352 2322560059
148389352 2322567459
2322560059 148385551
148385551 148385550
148385551 148390866
148385550 148385549
148385549 2217944252
148385549 2217944248
2217944252 142776493
2217944252 148391892
142776493 344023473
142776493 344022144
344023473 2217944240
344023473 2217944248
2217944240 2217944248
2217944240 2217946352
2217944248 2217944249
2217944248 1210313629
2217944249 2217944247
2217944247 2217944244
2217944244 148389010
2217944244 2217944242
2217944244 344023476
148389010 1210313629
148389010 2217946352
2217946352 344023463
344023463 344023462
344023463 2217944242
344023462 344023461
344023461 344023432
2217944242 344023476
344023476 1210313612
344022144 340409017
344022144 2217948153
2217948153 3264348334
3264348334 344022142
148391892 148396679
148391892 4619569078
148396679 148390866
148396679 148396528
148390866 148391200
148391200 344370777
344370777 344370776
344370777 142778667
344370776 344370775
344370775 1110779093
344370775 142778667
1110779093 142790211
142790211 148396528
142790211 4619569039
148396528 344370754
148396528 344370757
344370757 344370758
344370757 344370760
344370758 344370760
4619569039 142776489
142776489 344370922
142776489 142776490
344370922 4619569077
344370922 344370921
4619569077 142776477
142776477 142845279
142776477 568894982
142845279 344370891
344370891 344370890
344370891 3163401069
3163401069 142778667
142778667 4507066554
568894982 568895099
568894982 568894980
568895099 142776474
568895099 568895056
142776474 142839132
568895056 568894980
568895056 568895052
568894980 568895005
568895005 568895009
568895005 568895014
568895009 568895032
568895009 568895014
568895032 568895025
568895014 568895052
142776490 4619569078
2217942281 2217942282
2339805986 142778670
763699047 1239933805
1239933805 1239940009
1239933805 4017951690
1239940009 4017951691
1239940009 2283566001
142878838 146145256
142878838 3861275695
146145256 146145845
146145256 146145255
146145845 142879477
146145845 146145846
146145846 146145255
146145846 146145847
146145847 3435152295
146145847 3435152294
3435152294 3435152293
3435152293 5274523429
3861275695 181358847
1264984093 2371414037
1264984093 4017950888
2371414037 142789557
142789557 417739523
142789557 2012416374
417739523 142874234
417739523 763700507
142874234 416166005
142874234 416166028
416166028 5305704475
5305704475 142779862
142779862 763703134
142779862 336097110
763703134 763703670
763703670 418044504
418044504 4017950888
763700507 763698957
416166026 638029402
638029402 416166003
416166003 2794984654
